benchmark,surrogate_variant,acquisition_rule,method,seed,query_number,budget_before_query,budget_after_query,selected_pool_index,true_boundary_distance,in_pool_boundary_band_q10,in_pool_boundary_band_q20,in_pool_boundary_band_q30,acquisition_selected_position,acquisition_selected_p_plus,acquisition_selected_uncertainty_score,acquisition_selected_entropy,acquisition_binary_entropy_margin_note,acquisition_gate_fraction,acquisition_min_shortlist_size,acquisition_shortlist_size,acquisition_beta,acquisition_selected_shortlist_position,acquisition_selected_normalized_uncertainty,acquisition_selected_raw_diversity,acquisition_selected_normalized_diversity,acquisition_selected_score,acquisition_repulsion_bandwidth,acquisition_selected_raw_distance_to_labelled,acquisition_selected_repulsion
branin,fixed_iso_gpc,random,random,0,1,6,7,1273,2.6369432861079787,True,True,True,1268,0.4980085546210966,0.9960171092421932,0.6931392488295802,null,null,null,null,null,null,null,null,null,null,null,null,null
branin,fixed_iso_gpc,random,random,0,2,7,8,260,8.16069735687153,False,True,True,257,0.4284222903871182,0.8568445807742364,0.6828651549060557,null,null,null,null,null,null,null,null,null,null,null,null,null
branin,fixed_iso_gpc,random,random,0,3,8,9,461,11.356848191625026,False,False,True,457,0.4477481688591354,0.8954963377182708,0.6876766901230732,null,null,null,null,null,null,null,null,null,null,null,null,null
branin,fixed_iso_gpc,random,random,0,4,9,10,1468,58.34071743702734,False,False,False,1460,0.4990144418738811,0.9980288837477622,0.6931452379090475,null,null,null,null,null,null,null,null,null,null,null,null,null
branin,fixed_iso_gpc,random,random,0,5,10,11,1013,93.71371188035667,False,False,False,1006,0.5747559691766355,0.850488061646729,0.6819282527433463,null,null,null,null,null,null,null,null,null,null,null,null,null
branin,fixed_iso_gpc,random,random,0,6,11,12,622,14.964210775162144,False,False,False,616,0.4820130619764811,0.9640261239529622,0.692499981046565,null,null,null,null,null,null,null,null,null,null,null,null,null
branin,fixed_iso_gpc,random,random,0,7,12,13,322,33.02671372038083,False,False,False,318,0.5508332634232147,0.8983334731535706,0.6879701993221596,null,null,null,null,null,null,null,null,null,null,null,null,null
branin,fixed_iso_gpc,random,random,0,8,13,14,951,16.953671292359076,False,False,False,942,0.4759123308663433,0.9518246617326866,0.691986299666965,null,null,null,null,null,null,null,null,null,null,null,null,null
branin,fixed_iso_gpc,random,random,0,9,14,15,1389,132.9110153749991,False,False,False,1377,0.5834236481800303,0.8331527036399393,0.6791628607730666,null,null,null,null,null,null,null,null,null,null,null,null,null
branin,fixed_iso_gpc,random,random,0,10,15,16,986,3.6286142727214354,True,True,True,976,0.5154269767911686,0.9691460464176629,0.6926711217853327,null,null,null,null,null,null,null,null,null,null,null,null,null
branin,fixed_iso_gpc,random,random,0,11,16,17,1193,7.588292192340283,False,True,True,1181,0.41310726320946856,0.8262145264189371,0.6779695414232585,null,null,null,null,null,null,null,null,null,null,null,null,null
branin,fixed_iso_gpc,random,random,0,12,17,18,2,141.82500932598583,False,False,False,2,0.6240585693937533,0.7518828612124935,0.6620422549106526,null,null,null,null,null,null,null,null,null,null,null,null,null
branin,fixed_iso_gpc,random,random,0,13,18,19,1397,6.038028113372121,False,True,True,1381,0.4707066582391235,0.941413316478247,0.6914299976859579,null,null,null,null,null,null,null,null,null,null,null,null,null
branin,fixed_iso_gpc,random,random,0,14,19,20,591,9.156682724620786,False,False,True,584,0.4552994972229243,0.9105989944458486,0.689145570179668,null,null,null,null,null,null,null,null,null,null,null,null,null
branin,fixed_iso_gpc,random,random,0,15,20,21,658,18.416052666266186,False,False,False,648,0.39631253507263864,0.7926250701452773,0.6714881714028808,null,null,null,null,null,null,null,null,null,null,null,null,null
branin,fixed_iso_gpc,random,random,0,16,21,22,1259,7.732855442165601,False,True,True,1243,0.5815898625071156,0.8368202749857687,0.6797736449196575,null,null,null,null,null,null,null,null,null,null,null,null,null
branin,fixed_iso_gpc,random,random,0,17,22,23,539,8.70520962114172,False,True,True,532,0.4824267879677322,0.9648535759354644,0.6925294177769159,null,null,null,null,null,null,null,null,null,null,null,null,null
branin,fixed_iso_gpc,random,random,0,18,23,24,1217,26.45136652294817,False,False,False,1200,0.434363576161644,0.868727152323288,0.6845059813576162,null,null,null,null,null,null,null,null,null,null,null,null,null
branin,fixed_iso_gpc,random,random,0,19,24,25,602,25.28400007001605,False,False,False,592,0.5636962509329493,0.8726074981341014,0.68501066410361,null,null,null,null,null,null,null,null,null,null,null,null,null
branin,fixed_iso_gpc,random,random,0,20,25,26,316,158.02069602063895,False,False,False,311,0.6395923556059984,0.7208152887880033,0.6536523782008183,null,null,null,null,null,null,null,null,null,null,null,null,null
branin,fixed_iso_gpc,random,random,0,21,26,27,625,30.525340418948105,False,False,False,612,0.5632359528278243,0.8735280943443513,0.6851281511271166,null,null,null,null,null,null,null,null,null,null,null,null,null
branin,fixed_iso_gpc,random,random,0,22,27,28,495,5.725639305720094,False,True,True,487,0.43564359490441973,0.8712871898088395,0.6848406617888314,null,null,null,null,null,null,null,null,null,null,null,null,null
branin,fixed_iso_gpc,random,random,0,23,28,29,479,0.27993239899810973,True,True,True,471,0.6132249677335153,0.7735500645329694,0.6672836386598916,null,null,null,null,null,null,null,null,null,null,null,null,null
branin,fixed_iso_gpc,random,random,0,24,29,30,485,18.146456168847124,False,False,False,476,0.3306825862551932,0.6613651725103864,0.6346609798170497,null,null,null,null,null,null,null,null,null,null,null,null,null
branin,fixed_iso_gpc,random,random,0,25,30,31,48,17.86775148322078,False,False,False,46,0.459602312965643,0.919204625931286,0.6898796739044064,null,null,null,null,null,null,null,null,null,null,null,null,null
branin,fixed_iso_gpc,random,random,0,26,31,32,1332,76.46728004444067,False,False,False,1305,0.6788276259227359,0.6423447481545281,0.6277500039019508,null,null,null,null,null,null,null,null,null,null,null,null,null
branin,fixed_iso_gpc,random,random,0,27,32,33,154,22.11604876807511,False,False,False,151,0.4331723287297109,0.8663446574594218,0.6841885206085981,null,null,null,null,null,null,null,null,null,null,null,null,null
branin,fixed_iso_gpc,random,random,0,28,33,34,552,5.892519082529269,False,True,True,538,0.31835628075327804,0.6367125615065561,0.6256242544952277,null,null,null,null,null,null,null,null,null,null,null,null,null
branin,fixed_iso_gpc,random,random,0,29,34,35,1213,33.781181360753564,False,False,False,1187,0.6261709152587116,0.7476581694825768,0.6609621785284917,null,null,null,null,null,null,null,null,null,null,null,null,null
branin,fixed_iso_gpc,random,random,0,30,35,36,681,18.293930786559635,False,False,False,660,0.5518806181667912,0.8962387636664175,0.6877542820324041,null,null,null,null,null,null,null,null,null,null,null,null,null
branin,fixed_iso_gpc,random,random,0,31,36,37,370,12.517259762894195,False,False,False,361,0.35291370988642257,0.7058274197728451,0.6492317047391062,null,null,null,null,null,null,null,null,null,null,null,null,null
branin,fixed_iso_gpc,random,random,0,32,37,38,692,155.17890004305295,False,False,False,669,0.674405421290146,0.651189157419708,0.6310147930399918,null,null,null,null,null,null,null,null,null,null,null,null,null
branin,fixed_iso_gpc,random,random,0,33,38,39,362,25.36994880037181,False,False,False,353,0.32528104681478,0.65056209362956,0.6307862619910823,null,null,null,null,null,null,null,null,null,null,null,null,null
branin,fixed_iso_gpc,random,random,0,34,39,40,431,26.537702811181568,False,False,False,420,0.32094330032049356,0.6418866006409871,0.62757844720377,null,null,null,null,null,null,null,null,null,null,null,null,null
branin,fixed_iso_gpc,random,random,0,35,40,41,877,9.805786199970473,False,False,True,850,0.2715976218399305,0.543195243679861,0.5848414040211086,null,null,null,null,null,null,null,null,null,null,null,null,null
branin,fixed_iso_gpc,random,random,0,36,41,42,802,23.06410404080522,False,False,False,775,0.456634918596464,0.913269837192928,0.6893813905527318,null,null,null,null,null,null,null,null,null,null,null,null,null
branin,fixed_iso_gpc,random,random,0,37,42,43,1004,6.638436818724241,False,True,True,973,0.3928439370357353,0.7856878740714706,0.6700032307291472,null,null,null,null,null,null,null,null,null,null,null,null,null
branin,fixed_iso_gpc,random,random,0,38,43,44,756,73.5912266725218,False,False,False,729,0.603080294901531,0.7938394101969379,0.6717429307200391,null,null,null,null,null,null,null,null,null,null,null,null,null
branin,fixed_iso_gpc,random,random,0,39,44,45,924,28.10665057446689,False,False,False,894,0.3192146777997209,0.6384293555994418,0.6262760861065086,null,null,null,null,null,null,null,null,null,null,null,null,null
branin,fixed_iso_gpc,random,random,0,40,45,46,626,10.165794649834492,False,False,True,603,0.24691699442951176,0.4938339888590235,0.5589227003868512,null,null,null,null,null,null,null,null,null,null,null,null,null
branin,fixed_iso_gpc,random,random,0,41,46,47,9,10.469363435353653,False,False,True,8,0.3254565956157762,0.6509131912315524,0.6309142733662257,null,null,null,null,null,null,null,null,null,null,null,null,null
branin,fixed_iso_gpc,random,random,0,42,47,48,1435,5.420135101307526,False,True,True,1390,0.30669724339031745,0.6133944867806349,0.6164325165168149,null,null,null,null,null,null,null,null,null,null,null,null,null
branin,fixed_iso_gpc,random,random,0,43,48,49,1070,2.5154447752461024,True,True,True,1033,0.5440670002304984,0.9118659995390033,0.6892583358837672,null,null,null,null,null,null,null,null,null,null,null,null,null
branin,fixed_iso_gpc,random,random,0,44,49,50,859,101.92611117307393,False,False,False,828,0.8123404141360879,0.37531917172782414,0.4828114882770284,null,null,null,null,null,null,null,null,null,null,null,null,null
branin,fixed_iso_gpc,classifier_margin,classifier_margin,0,1,6,7,112,42.53067101742215,False,False,False,111,0.4999855629120487,0.9999711258240974,0.6931471801430863,null,null,null,null,null,null,null,null,null,null,null,null,null
branin,fixed_iso_gpc,classifier_margin,classifier_margin,0,2,7,8,1273,2.6369432861079787,True,True,True,1267,0.49997664214505766,0.9999532842901153,0.6931471794687665,null,null,null,null,null,null,null,null,null,null,null,null,null
branin,fixed_iso_gpc,classifier_margin,classifier_margin,0,3,8,9,1287,6.36917895674511,False,True,True,1280,0.5000170784395287,0.9999658431209426,0.6931471799765991,null,null,null,null,null,null,null,null,null,null,null,null,null
branin,fixed_iso_gpc,classifier_margin,classifier_margin,0,4,9,10,128,21.942237739534043,False,False,False,126,0.49996881678718624,0.9999376335743725,0.6931471786151597,null,null,null,null,null,null,null,null,null,null,null,null,null
branin,fixed_iso_gpc,classifier_margin,classifier_margin,0,5,10,11,693,14.147492929578352,False,False,False,687,0.49993345452759497,0.9998669090551899,0.6931471717033455,null,null,null,null,null,null,null,null,null,null,null,null,null
branin,fixed_iso_gpc,classifier_margin,classifier_margin,0,6,11,12,1291,60.92701797584573,False,False,False,1281,0.5000317411689289,0.9999365176621422,0.6931471785449417,null,null,null,null,null,null,null,null,null,null,null,null,null
branin,fixed_iso_gpc,classifier_margin,classifier_margin,0,7,12,13,620,6.904057140657358,False,True,True,614,0.5000991659193668,0.9998016681612665,0.693147160892186,null,null,null,null,null,null,null,null,null,null,null,null,null
branin,fixed_iso_gpc,classifier_margin,classifier_margin,0,8,13,14,1483,23.19072227326956,False,False,False,1471,0.5000865054691188,0.9998269890617624,0.6931471655935528,null,null,null,null,null,null,null,null,null,null,null,null,null
branin,fixed_iso_gpc,classifier_margin,classifier_margin,0,9,14,15,102,23.423195956997702,False,False,False,101,0.5000683145531789,0.9998633708936422,0.693147171226189,null,null,null,null,null,null,null,null,null,null,null,null,null
branin,fixed_iso_gpc,classifier_margin,classifier_margin,0,10,15,16,461,11.356848191625026,False,False,True,455,0.5000134514849547,0.9999730970300906,0.6931471801980604,null,null,null,null,null,null,null,null,null,null,null,null,null
branin,fixed_iso_gpc,classifier_margin,classifier_margin,0,11,16,17,147,5.157820926294377,False,True,True,143,0.4999888800003463,0.9999777600006926,0.6931471803126366,null,null,null,null,null,null,null,null,null,null,null,null,null
branin,fixed_iso_gpc,classifier_margin,classifier_margin,0,12,17,18,472,3.7293833837982433,True,True,True,464,0.5000418751291111,0.9999162497417777,0.6931471770528924,null,null,null,null,null,null,null,null,null,null,null,null,null
branin,fixed_iso_gpc,classifier_margin,classifier_margin,0,13,18,19,1410,7.123562351985058,False,True,True,1394,0.5000883337650145,0.999823332469971,0.6931471649542371,null,null,null,null,null,null,null,null,null,null,null,null,null
branin,fixed_iso_gpc,classifier_margin,classifier_margin,0,14,19,20,724,1.720078979983736,True,True,True,711,0.4998574376128744,0.9997148752257488,0.6931471399118764,null,null,null,null,null,null,null,null,null,null,null,null,null
branin,fixed_iso_gpc,classifier_margin,classifier_margin,0,15,20,21,1202,16.034910072499663,False,False,False,1188,0.49991257637475794,0.9998251527495159,0.6931471652741648,null,null,null,null,null,null,null,null,null,null,null,null,null
branin,fixed_iso_gpc,classifier_margin,classifier_margin,0,16,21,22,345,33.826378491076426,False,False,False,338,0.5001733705831368,0.9996532588337264,0.6931471204452259,null,null,null,null,null,null,null,null,null,null,null,null,null
branin,fixed_iso_gpc,classifier_margin,classifier_margin,0,17,22,23,1239,4.482517653336224,True,True,True,1223,0.4997508297385538,0.9995016594771076,0.6931470563883018,null,null,null,null,null,null,null,null,null,null,null,null,null
branin,fixed_iso_gpc,classifier_margin,classifier_margin,0,18,23,24,732,25.516100503438455,False,False,False,717,0.4998733625323569,0.9997467250647138,0.6931471484858485,null,null,null,null,null,null,null,null,null,null,null,null,null
branin,fixed_iso_gpc,classifier_margin,classifier_margin,0,19,24,25,253,6.566629687078667,False,True,True,246,0.4996269098284336,0.9992538196568672,0.6931469021673673,null,null,null,null,null,null,null,null,null,null,null,null,null
branin,fixed_iso_gpc,classifier_margin,classifier_margin,0,20,25,26,1094,10.238297523111939,False,False,True,1077,0.5000307862192176,0.9999384275615648,0.6931471786643626,null,null,null,null,null,null,null,null,null,null,null,null,null
branin,fixed_iso_gpc,classifier_margin,classifier_margin,0,21,26,27,457,2.6840330676168342,True,True,True,448,0.5000915638783058,0.9998168722433884,0.6931471637920577,null,null,null,null,null,null,null,null,null,null,null,null,null
branin,fixed_iso_gpc,classifier_margin,classifier_margin,0,22,27,28,809,16.305182980560417,False,False,False,791,0.5002524284286949,0.9994951431426102,0.6931470531197167,null,null,null,null,null,null,null,null,null,null,null,null,null
branin,fixed_iso_gpc,classifier_margin,classifier_margin,0,23,28,29,273,0.8214646349381098,True,True,True,265,0.4996100285695092,0.9992200571390184,0.6931468764044812,null,null,null,null,null,null,null,null,null,null,null,null,null
branin,fixed_iso_gpc,classifier_margin,classifier_margin,0,24,29,30,318,8.28155138545969,False,True,True,309,0.5001740652539949,0.9996518694920102,0.6931471199625188,null,null,null,null,null,null,null,null,null,null,null,null,null
branin,fixed_iso_gpc,classifier_margin,classifier_margin,0,25,30,31,186,12.223487718592203,False,False,True,181,0.5001491324459696,0.9997017351080608,0.6931471360789717,null,null,null,null,null,null,null,null,null,null,null,null,null
branin,fixed_iso_gpc,classifier_margin,classifier_margin,0,26,31,32,257,17.13466500759828,False,False,False,248,0.4997475159750047,0.9994950319500094,0.6931470530635742,null,null,null,null,null,null,null,null,null,null,null,null,null
branin,fixed_iso_gpc,classifier_margin,classifier_margin,0,27,32,33,1436,17.82649502075742,False,False,False,1406,0.5001373967370056,0.9997252065259887,0.6931471428042181,null,null,null,null,null,null,null,null,null,null,null,null,null
branin,fixed_iso_gpc,classifier_margin,classifier_margin,0,28,33,34,437,6.013467678332617,False,True,True,424,0.5000155282460961,0.9999689435078079,0.6931471800776925,null,null,null,null,null,null,null,null,null,null,null,null,null
branin,fixed_iso_gpc,classifier_margin,classifier_margin,0,29,34,35,325,8.853002045333369,False,True,True,313,0.5000017270370412,0.9999965459259177,0.69314718055398,null,null,null,null,null,null,null,null,null,null,null,null,null
branin,fixed_iso_gpc,classifier_margin,classifier_margin,0,30,35,36,641,3.0976880715271022,True,True,True,621,0.4998584016204848,0.9997168032409696,0.6931471404597427,null,null,null,null,null,null,null,null,null,null,null,null,null
branin,fixed_iso_gpc,classifier_margin,classifier_margin,0,31,36,37,726,21.25492684587276,False,False,False,702,0.4997273268039829,0.9994546536079658,0.6931470318585943,null,null,null,null,null,null,null,null,null,null,null,null,null
branin,fixed_iso_gpc,classifier_margin,classifier_margin,0,32,37,38,650,7.296964247915,False,True,True,629,0.5001257971569215,0.999748405686157,0.6931471489100955,null,null,null,null,null,null,null,null,null,null,null,null,null
branin,fixed_iso_gpc,classifier_margin,classifier_margin,0,33,38,39,852,8.89192256072387,False,False,True,824,0.5000280915761092,0.9999438168477817,0.693147178981672,null,null,null,null,null,null,null,null,null,null,null,null,null
branin,fixed_iso_gpc,classifier_margin,classifier_margin,0,34,39,40,1499,2.4274873629952793,True,True,True,1460,0.5001068574426087,0.9997862851147825,0.693147157722919,null,null,null,null,null,null,null,null,null,null,null,null,null
branin,fixed_iso_gpc,classifier_margin,classifier_margin,0,35,40,41,1440,18.214506459056768,False,False,False,1403,0.5002393030023662,0.9995213939952676,0.693147066028087,null,null,null,null,null,null,null,null,null,null,null,null,null
branin,fixed_iso_gpc,classifier_margin,classifier_margin,0,36,41,42,105,4.521249870605679,True,True,True,103,0.49993659218904385,0.9998731843780877,0.6931471725188443,null,null,null,null,null,null,null,null,null,null,null,null,null
branin,fixed_iso_gpc,classifier_margin,classifier_margin,0,37,42,43,869,5.333055630431744,False,True,True,839,0.5000169476094621,0.9999661047810757,0.6931471799855025,null,null,null,null,null,null,null,null,null,null,null,null,null
branin,fixed_iso_gpc,classifier_margin,classifier_margin,0,38,43,44,587,0.9134568849180162,True,True,True,568,0.5005721749049481,0.9988556501901038,0.6931465257915588,null,null,null,null,null,null,null,null,null,null,null,null,null
branin,fixed_iso_gpc,classifier_margin,classifier_margin,0,39,44,45,1137,0.7282865789382811,True,True,True,1104,0.5000313387518607,0.9999373224962786,0.6931471785957106,null,null,null,null,null,null,null,null,null,null,null,null,null
branin,fixed_iso_gpc,classifier_margin,classifier_margin,0,40,45,46,468,15.363536665244169,False,False,False,450,0.4999482637175773,0.9998965274351546,0.6931471752066595,null,null,null,null,null,null,null,null,null,null,null,null,null
branin,fixed_iso_gpc,classifier_margin,classifier_margin,0,41,46,47,656,6.1629762992062,False,True,True,631,0.5001939714812509,0.9996120570374982,0.6931471053100724,null,null,null,null,null,null,null,null,null,null,null,null,null
branin,fixed_iso_gpc,classifier_margin,classifier_margin,0,42,47,48,107,31.770644989433173,False,False,False,104,0.49966247173277745,0.9993249434655549,0.6931469527092656,null,null,null,null,null,null,null,null,null,null,null,null,null
branin,fixed_iso_gpc,classifier_margin,classifier_margin,0,43,48,49,166,22.43973826663101,False,False,False,159,0.4999022650242268,0.9998045300484536,0.6931471614556941,null,null,null,null,null,null,null,null,null,null,null,null,null
branin,fixed_iso_gpc,classifier_margin,classifier_margin,0,44,49,50,767,5.461973821824074,False,True,True,734,0.5005306637850232,0.9989386724299536,0.6931466173517341,null,null,null,null,null,null,null,null,null,null,null,null,null
branin,fixed_iso_gpc,classifier_entropy,classifier_entropy,0,1,6,7,112,42.53067101742215,False,False,False,111,0.4999855629120487,0.9999711258240974,0.6931471801430863,Binary entropy is monotone-equivalent to classifier margin.,null,null,null,null,null,null,null,null,null,null,null,null
branin,fixed_iso_gpc,classifier_entropy,classifier_entropy,0,2,7,8,1273,2.6369432861079787,True,True,True,1267,0.49997664214505766,0.9999532842901153,0.6931471794687665,Binary entropy is monotone-equivalent to classifier margin.,null,null,null,null,null,null,null,null,null,null,null,null
branin,fixed_iso_gpc,classifier_entropy,classifier_entropy,0,3,8,9,1287,6.36917895674511,False,True,True,1280,0.5000170784395287,0.9999658431209426,0.6931471799765991,Binary entropy is monotone-equivalent to classifier margin.,null,null,null,null,null,null,null,null,null,null,null,null
branin,fixed_iso_gpc,classifier_entropy,classifier_entropy,0,4,9,10,128,21.942237739534043,False,False,False,126,0.49996881678718624,0.9999376335743725,0.6931471786151597,Binary entropy is monotone-equivalent to classifier margin.,null,null,null,null,null,null,null,null,null,null,null,null
branin,fixed_iso_gpc,classifier_entropy,classifier_entropy,0,5,10,11,693,14.147492929578352,False,False,False,687,0.49993345452759497,0.9998669090551899,0.6931471717033455,Binary entropy is monotone-equivalent to classifier margin.,null,null,null,null,null,null,null,null,null,null,null,null
branin,fixed_iso_gpc,classifier_entropy,classifier_entropy,0,6,11,12,1291,60.92701797584573,False,False,False,1281,0.5000317411689289,0.9999365176621422,0.6931471785449417,Binary entropy is monotone-equivalent to classifier margin.,null,null,null,null,null,null,null,null,null,null,null,null
branin,fixed_iso_gpc,classifier_entropy,classifier_entropy,0,7,12,13,620,6.904057140657358,False,True,True,614,0.5000991659193668,0.9998016681612665,0.693147160892186,Binary entropy is monotone-equivalent to classifier margin.,null,null,null,null,null,null,null,null,null,null,null,null
branin,fixed_iso_gpc,classifier_entropy,classifier_entropy,0,8,13,14,1483,23.19072227326956,False,False,False,1471,0.5000865054691188,0.9998269890617624,0.6931471655935528,Binary entropy is monotone-equivalent to classifier margin.,null,null,null,null,null,null,null,null,null,null,null,null
branin,fixed_iso_gpc,classifier_entropy,classifier_entropy,0,9,14,15,102,23.423195956997702,False,False,False,101,0.5000683145531789,0.9998633708936422,0.693147171226189,Binary entropy is monotone-equivalent to classifier margin.,null,null,null,null,null,null,null,null,null,null,null,null
branin,fixed_iso_gpc,classifier_entropy,classifier_entropy,0,10,15,16,461,11.356848191625026,False,False,True,455,0.5000134514849547,0.9999730970300906,0.6931471801980604,Binary entropy is monotone-equivalent to classifier margin.,null,null,null,null,null,null,null,null,null,null,null,null
branin,fixed_iso_gpc,classifier_entropy,classifier_entropy,0,11,16,17,147,5.157820926294377,False,True,True,143,0.4999888800003463,0.9999777600006926,0.6931471803126366,Binary entropy is monotone-equivalent to classifier margin.,null,null,null,null,null,null,null,null,null,null,null,null
branin,fixed_iso_gpc,classifier_entropy,classifier_entropy,0,12,17,18,472,3.7293833837982433,True,True,True,464,0.5000418751291111,0.9999162497417777,0.6931471770528924,Binary entropy is monotone-equivalent to classifier margin.,null,null,null,null,null,null,null,null,null,null,null,null
branin,fixed_iso_gpc,classifier_entropy,classifier_entropy,0,13,18,19,1410,7.123562351985058,False,True,True,1394,0.5000883337650145,0.999823332469971,0.6931471649542371,Binary entropy is monotone-equivalent to classifier margin.,null,null,null,null,null,null,null,null,null,null,null,null
branin,fixed_iso_gpc,classifier_entropy,classifier_entropy,0,14,19,20,724,1.720078979983736,True,True,True,711,0.4998574376128744,0.9997148752257488,0.6931471399118764,Binary entropy is monotone-equivalent to classifier margin.,null,null,null,null,null,null,null,null,null,null,null,null
branin,fixed_iso_gpc,classifier_entropy,classifier_entropy,0,15,20,21,1202,16.034910072499663,False,False,False,1188,0.49991257637475794,0.9998251527495159,0.6931471652741648,Binary entropy is monotone-equivalent to classifier margin.,null,null,null,null,null,null,null,null,null,null,null,null
branin,fixed_iso_gpc,classifier_entropy,classifier_entropy,0,16,21,22,345,33.826378491076426,False,False,False,338,0.5001733705831368,0.9996532588337264,0.6931471204452259,Binary entropy is monotone-equivalent to classifier margin.,null,null,null,null,null,null,null,null,null,null,null,null
branin,fixed_iso_gpc,classifier_entropy,classifier_entropy,0,17,22,23,1239,4.482517653336224,True,True,True,1223,0.4997508297385538,0.9995016594771076,0.6931470563883018,Binary entropy is monotone-equivalent to classifier margin.,null,null,null,null,null,null,null,null,null,null,null,null
branin,fixed_iso_gpc,classifier_entropy,classifier_entropy,0,18,23,24,732,25.516100503438455,False,False,False,717,0.4998733625323569,0.9997467250647138,0.6931471484858485,Binary entropy is monotone-equivalent to classifier margin.,null,null,null,null,null,null,null,null,null,null,null,null
branin,fixed_iso_gpc,classifier_entropy,classifier_entropy,0,19,24,25,253,6.566629687078667,False,True,True,246,0.4996269098284336,0.9992538196568672,0.6931469021673673,Binary entropy is monotone-equivalent to classifier margin.,null,null,null,null,null,null,null,null,null,null,null,null
branin,fixed_iso_gpc,classifier_entropy,classifier_entropy,0,20,25,26,1094,10.238297523111939,False,False,True,1077,0.5000307862192176,0.9999384275615648,0.6931471786643626,Binary entropy is monotone-equivalent to classifier margin.,null,null,null,null,null,null,null,null,null,null,null,null
branin,fixed_iso_gpc,classifier_entropy,classifier_entropy,0,21,26,27,457,2.6840330676168342,True,True,True,448,0.5000915638783058,0.9998168722433884,0.6931471637920577,Binary entropy is monotone-equivalent to classifier margin.,null,null,null,null,null,null,null,null,null,null,null,null
branin,fixed_iso_gpc,classifier_entropy,classifier_entropy,0,22,27,28,809,16.305182980560417,False,False,False,791,0.5002524284286949,0.9994951431426102,0.6931470531197167,Binary entropy is monotone-equivalent to classifier margin.,null,null,null,null,null,null,null,null,null,null,null,null
branin,fixed_iso_gpc,classifier_entropy,classifier_entropy,0,23,28,29,273,0.8214646349381098,True,True,True,265,0.4996100285695092,0.9992200571390184,0.6931468764044812,Binary entropy is monotone-equivalent to classifier margin.,null,null,null,null,null,null,null,null,null,null,null,null
branin,fixed_iso_gpc,classifier_entropy,classifier_entropy,0,24,29,30,318,8.28155138545969,False,True,True,309,0.5001740652539949,0.9996518694920102,0.6931471199625188,Binary entropy is monotone-equivalent to classifier margin.,null,null,null,null,null,null,null,null,null,null,null,null
branin,fixed_iso_gpc,classifier_entropy,classifier_entropy,0,25,30,31,186,12.223487718592203,False,False,True,181,0.5001491324459696,0.9997017351080608,0.6931471360789717,Binary entropy is monotone-equivalent to classifier margin.,null,null,null,null,null,null,null,null,null,null,null,null
branin,fixed_iso_gpc,classifier_entropy,classifier_entropy,0,26,31,32,257,17.13466500759828,False,False,False,248,0.4997475159750047,0.9994950319500094,0.6931470530635742,Binary entropy is monotone-equivalent to classifier margin.,null,null,null,null,null,null,null,null,null,null,null,null
branin,fixed_iso_gpc,classifier_entropy,classifier_entropy,0,27,32,33,1436,17.82649502075742,False,False,False,1406,0.5001373967370056,0.9997252065259887,0.6931471428042181,Binary entropy is monotone-equivalent to classifier margin.,null,null,null,null,null,null,null,null,null,null,null,null
branin,fixed_iso_gpc,classifier_entropy,classifier_entropy,0,28,33,34,437,6.013467678332617,False,True,True,424,0.5000155282460961,0.9999689435078079,0.6931471800776925,Binary entropy is monotone-equivalent to classifier margin.,null,null,null,null,null,null,null,null,null,null,null,null
branin,fixed_iso_gpc,classifier_entropy,classifier_entropy,0,29,34,35,325,8.853002045333369,False,True,True,313,0.5000017270370412,0.9999965459259177,0.69314718055398,Binary entropy is monotone-equivalent to classifier margin.,null,null,null,null,null,null,null,null,null,null,null,null
branin,fixed_iso_gpc,classifier_entropy,classifier_entropy,0,30,35,36,641,3.0976880715271022,True,True,True,621,0.4998584016204848,0.9997168032409696,0.6931471404597427,Binary entropy is monotone-equivalent to classifier margin.,null,null,null,null,null,null,null,null,null,null,null,null
branin,fixed_iso_gpc,classifier_entropy,classifier_entropy,0,31,36,37,726,21.25492684587276,False,False,False,702,0.4997273268039829,0.9994546536079658,0.6931470318585943,Binary entropy is monotone-equivalent to classifier margin.,null,null,null,null,null,null,null,null,null,null,null,null
branin,fixed_iso_gpc,classifier_entropy,classifier_entropy,0,32,37,38,650,7.296964247915,False,True,True,629,0.5001257971569215,0.999748405686157,0.6931471489100955,Binary entropy is monotone-equivalent to classifier margin.,null,null,null,null,null,null,null,null,null,null,null,null
branin,fixed_iso_gpc,classifier_entropy,classifier_entropy,0,33,38,39,852,8.89192256072387,False,False,True,824,0.5000280915761092,0.9999438168477817,0.693147178981672,Binary entropy is monotone-equivalent to classifier margin.,null,null,null,null,null,null,null,null,null,null,null,null
branin,fixed_iso_gpc,classifier_entropy,classifier_entropy,0,34,39,40,1499,2.4274873629952793,True,True,True,1460,0.5001068574426087,0.9997862851147825,0.693147157722919,Binary entropy is monotone-equivalent to classifier margin.,null,null,null,null,null,null,null,null,null,null,null,null
branin,fixed_iso_gpc,classifier_entropy,classifier_entropy,0,35,40,41,1440,18.214506459056768,False,False,False,1403,0.5002393030023662,0.9995213939952676,0.693147066028087,Binary entropy is monotone-equivalent to classifier margin.,null,null,null,null,null,null,null,null,null,null,null,null
branin,fixed_iso_gpc,classifier_entropy,classifier_entropy,0,36,41,42,105,4.521249870605679,True,True,True,103,0.49993659218904385,0.9998731843780877,0.6931471725188443,Binary entropy is monotone-equivalent to classifier margin.,null,null,null,null,null,null,null,null,null,null,null,null
branin,fixed_iso_gpc,classifier_entropy,classifier_entropy,0,37,42,43,869,5.333055630431744,False,True,True,839,0.5000169476094621,0.9999661047810757,0.6931471799855025,Binary entropy is monotone-equivalent to classifier margin.,null,null,null,null,null,null,null,null,null,null,null,null
branin,fixed_iso_gpc,classifier_entropy,classifier_entropy,0,38,43,44,587,0.9134568849180162,True,True,True,568,0.5005721749049481,0.9988556501901038,0.6931465257915588,Binary entropy is monotone-equivalent to classifier margin.,null,null,null,null,null,null,null,null,null,null,null,null
branin,fixed_iso_gpc,classifier_entropy,classifier_entropy,0,39,44,45,1137,0.7282865789382811,True,True,True,1104,0.5000313387518607,0.9999373224962786,0.6931471785957106,Binary entropy is monotone-equivalent to classifier margin.,null,null,null,null,null,null,null,null,null,null,null,null
branin,fixed_iso_gpc,classifier_entropy,classifier_entropy,0,40,45,46,468,15.363536665244169,False,False,False,450,0.4999482637175773,0.9998965274351546,0.6931471752066595,Binary entropy is monotone-equivalent to classifier margin.,null,null,null,null,null,null,null,null,null,null,null,null
branin,fixed_iso_gpc,classifier_entropy,classifier_entropy,0,41,46,47,656,6.1629762992062,False,True,True,631,0.5001939714812509,0.9996120570374982,0.6931471053100724,Binary entropy is monotone-equivalent to classifier margin.,null,null,null,null,null,null,null,null,null,null,null,null
branin,fixed_iso_gpc,classifier_entropy,classifier_entropy,0,42,47,48,107,31.770644989433173,False,False,False,104,0.49966247173277745,0.9993249434655549,0.6931469527092656,Binary entropy is monotone-equivalent to classifier margin.,null,null,null,null,null,null,null,null,null,null,null,null
branin,fixed_iso_gpc,classifier_entropy,classifier_entropy,0,43,48,49,166,22.43973826663101,False,False,False,159,0.4999022650242268,0.9998045300484536,0.6931471614556941,Binary entropy is monotone-equivalent to classifier margin.,null,null,null,null,null,null,null,null,null,null,null,null
branin,fixed_iso_gpc,classifier_entropy,classifier_entropy,0,44,49,50,767,5.461973821824074,False,True,True,734,0.5005306637850232,0.9989386724299536,0.6931466173517341,Binary entropy is monotone-equivalent to classifier margin.,null,null,null,null,null,null,null,null,null,null,null,null
branin,fixed_iso_gpc,classifier_gated_diversity,classifier_gated_diversity,0,1,6,7,126,49.875333895831204,False,False,False,125,0.49988789527047434,0.9997757905409487,0.6931471554250044,null,0.1,25,150,0.5,4,0.9819618677797192,0.45842008023378145,0.7679180631283653,0.8749399654540422,null,null,null
branin,fixed_iso_gpc,classifier_gated_diversity,classifier_gated_diversity,0,2,7,8,496,25.309157014394877,False,False,False,492,0.49978569507191073,0.9995713901438215,0.6931470887067381,null,0.1,25,150,0.5,0,1.0,0.4194359922348331,0.9840376146666433,0.9920188073333216,null,null,null
branin,fixed_iso_gpc,classifier_gated_diversity,classifier_gated_diversity,0,3,8,9,1476,59.25232064209669,False,False,False,1469,0.5008854403205387,0.9982291193589226,0.6931456125500033,null,0.1,25,150,0.5,24,0.8598207095182296,0.3358710487424102,1.0,0.9299103547591148,null,null,null
branin,fixed_iso_gpc,classifier_gated_diversity,classifier_gated_diversity,0,4,9,10,854,39.61863379294668,False,False,False,847,0.5008196137557661,0.9983607724884678,0.6931458370259262,null,0.1,25,150,0.5,14,0.9137195702456342,0.26871200886640906,1.0,0.9568597851228171,null,null,null
branin,fixed_iso_gpc,classifier_gated_diversity,classifier_gated_diversity,0,5,10,11,960,17.526282808764847,False,False,False,952,0.4995493478191747,0.9990986956383494,0.6931467743851142,null,0.1,25,149,0.5,9,0.951138155918774,0.22246215533032804,0.8874065584698075,0.9192723571942908,null,null,null
branin,fixed_iso_gpc,classifier_gated_diversity,classifier_gated_diversity,0,6,11,12,1400,20.624214139163946,False,False,False,1391,0.5001401906077956,0.9997196187844088,0.6931471412531318,null,0.1,25,149,0.5,1,0.9865223916474232,0.2110884795474422,0.8362668634931378,0.9113946275702804,null,null,null
branin,fixed_iso_gpc,classifier_gated_diversity,classifier_gated_diversity,0,7,12,13,654,69.07642777259213,False,False,False,648,0.5003553323467195,0.999289335306561,0.6931469280377708,null,0.1,25,149,0.5,2,0.9856325799591173,0.18217596158338276,0.8549336349770121,0.9202831074680647,null,null,null
branin,fixed_iso_gpc,classifier_gated_diversity,classifier_gated_diversity,0,8,13,14,380,5.883548327555225,False,True,True,376,0.4994177844443113,0.9988355688886226,0.6931465026098855,null,0.1,25,149,0.5,6,0.9472665082240737,0.16746877138449878,0.8866613648551437,0.9169639365396087,null,null,null
branin,fixed_iso_gpc,classifier_gated_diversity,classifier_gated_diversity,0,9,14,15,944,24.053445627711262,False,False,False,934,0.5005692636012595,0.9988614727974809,0.69314653243771,null,0.1,25,149,0.5,7,0.9506003021979367,0.17570870345306688,0.8609790694481122,0.9057896858230244,null,null,null
branin,fixed_iso_gpc,classifier_gated_diversity,classifier_gated_diversity,0,10,15,16,1163,12.110252323087494,False,False,True,1151,0.4997200636902486,0.9994401273804971,0.693147023831262,null,0.1,25,149,0.5,4,0.978391883090405,0.145412491614831,0.8284727345839188,0.9034323088371619,null,null,null
branin,fixed_iso_gpc,classifier_gated_diversity,classifier_gated_diversity,0,11,16,17,948,22.110908073526062,False,False,False,937,0.500249872568834,0.999500254862332,0.6931470556873388,null,0.1,25,149,0.5,4,0.9709439538062986,0.20488420844932112,1.0,0.9854719769031492,null,null,null
branin,fixed_iso_gpc,classifier_gated_diversity,classifier_gated_diversity,0,12,17,18,600,9.182014070240275,False,False,True,593,0.4990099633078222,0.9980199266156444,0.6931452202133606,null,0.1,25,149,0.5,9,0.940724864833402,0.16645187658110736,0.8741296039524897,0.9074272343929459,null,null,null
branin,fixed_iso_gpc,classifier_gated_diversity,classifier_gated_diversity,0,13,18,19,1230,9.06856232310895,False,False,True,1215,0.49894832611984374,0.9978966522396875,0.6931449685224138,null,0.1,25,149,0.5,7,0.951977372067499,0.12615709397077968,0.8018863556398795,0.8769318638536893,null,null,null
branin,fixed_iso_gpc,classifier_gated_diversity,classifier_gated_diversity,0,14,19,20,1333,15.156472720085773,False,False,False,1317,0.5008669196151792,0.9982661607696417,0.6931456774599538,null,0.1,25,149,0.5,5,0.9510428350119788,0.1415198998386333,0.8340055825464577,0.8925242087792182,null,null,null
branin,fixed_iso_gpc,classifier_gated_diversity,classifier_gated_diversity,0,15,20,21,347,11.117961636246779,False,False,True,343,0.5004163976848045,0.999167204630391,0.6931468337858414,null,0.1,25,148,0.5,3,0.9738139716841298,0.1471691968477246,0.8103286620957383,0.892071316889934,null,null,null
branin,fixed_iso_gpc,classifier_gated_diversity,classifier_gated_diversity,0,16,21,22,1474,5.71035928455521,False,True,True,1455,0.4988292889243886,0.9976585778487772,0.6931444394285956,null,0.1,25,148,0.5,6,0.9467845403248772,0.13361486468002873,0.8464072194717798,0.8965958798983285,null,null,null
branin,fixed_iso_gpc,classifier_gated_diversity,classifier_gated_diversity,0,17,22,23,1124,15.310669755019063,False,False,False,1109,0.4980680788743719,0.9961361577487438,0.6931397159029004,null,0.1,25,148,0.5,13,0.9051058255129457,0.12137560995726833,0.8287177338988726,0.8669117797059092,null,null,null
branin,fixed_iso_gpc,classifier_gated_diversity,classifier_gated_diversity,0,18,23,24,1278,8.286542379952479,False,True,True,1260,0.5003993197123374,0.9992013605753252,0.6931468616474461,null,0.1,25,148,0.5,4,0.9757756454030803,0.1268119056976471,1.0,0.9878878227015402,null,null,null
branin,fixed_iso_gpc,classifier_gated_diversity,classifier_gated_diversity,0,19,24,25,1137,0.7282865789382811,True,True,True,1121,0.49948209207020533,0.9989641841404107,0.693146644102602,null,0.1,25,148,0.5,6,0.9742046669890296,0.10802960168765571,0.8524291338518685,0.9133169004204491,null,null,null
branin,fixed_iso_gpc,classifier_gated_diversity,classifier_gated_diversity,0,20,25,26,143,9.361652919947716,False,False,True,141,0.5016595060598918,0.9966809878802163,0.6931416726291072,null,0.1,25,148,0.5,9,0.92653546654051,0.11044956555921492,0.9171777911376449,0.9218566288390775,null,null,null
branin,fixed_iso_gpc,classifier_gated_diversity,classifier_gated_diversity,0,21,26,27,723,100.63234688273275,False,False,False,711,0.5001580714623023,0.9996838570753954,0.69314713058677,null,0.1,25,148,0.5,0,1.0,0.09626190806801443,0.8725060543597644,0.9362530271798821,null,null,null
branin,fixed_iso_gpc,classifier_gated_diversity,classifier_gated_diversity,0,22,27,28,1143,4.374345393126184,True,True,True,1124,0.49818875580814526,0.9963775116162905,0.6931406193345504,null,0.1,25,148,0.5,17,0.9049530191692716,0.09035964753086859,0.8015138384858547,0.8532334288275631,null,null,null
branin,fixed_iso_gpc,classifier_gated_diversity,classifier_gated_diversity,0,23,28,29,318,8.28155138545969,False,True,True,313,0.49885449975179874,0.9977089995035975,0.6931445562160123,null,0.1,25,148,0.5,6,0.9789154349765697,0.08657662002889395,0.7846033419407478,0.8817593884586588,null,null,null
branin,fixed_iso_gpc,classifier_gated_diversity,classifier_gated_diversity,0,24,29,30,476,8.784760172902125,False,True,True,468,0.5002900259397339,0.9994199481205321,0.6931470123298444,null,0.1,25,148,0.5,0,1.0,0.08111797431847095,0.5717605937535697,0.7858802968767848,null,null,null
branin,fixed_iso_gpc,classifier_gated_diversity,classifier_gated_diversity,0,25,30,31,702,26.679707324073355,False,False,False,688,0.4989191133997539,0.9978382267995078,0.6931448439264403,null,0.1,25,147,0.5,8,0.9518786256893198,0.10551147758027853,0.7314079713532892,0.8416432985213045,null,null,null
branin,fixed_iso_gpc,classifier_gated_diversity,classifier_gated_diversity,0,26,31,32,819,7.306867404927246,False,True,True,803,0.49915842001859745,0.9983168400371949,0.6931457640455463,null,0.1,25,147,0.5,5,0.9693532331505379,0.08217689891032515,0.5705454091777099,0.769949321164124,null,null,null
branin,fixed_iso_gpc,classifier_gated_diversity,classifier_gated_diversity,0,27,32,33,1272,20.195189862495376,False,False,False,1246,0.49907569721499745,0.9981513944299949,0.6931454718876954,null,0.1,25,147,0.5,5,0.9585744662604243,0.09888079079309216,0.6970668741189299,0.8278206701896771,null,null,null
branin,fixed_iso_gpc,classifier_gated_diversity,classifier_gated_diversity,0,28,33,34,1441,18.96107750120045,False,False,False,1411,0.4940564562565637,0.9881129125131274,0.6930765274715164,null,0.1,25,147,0.5,34,0.7519328864097228,0.11655139496331028,0.8325954218127198,0.7922641541112213,null,null,null
branin,fixed_iso_gpc,classifier_gated_diversity,classifier_gated_diversity,0,29,34,35,39,7.556761788346975,False,True,True,38,0.4984984270448001,0.9969968540896001,0.6931426711104873,null,0.1,25,147,0.5,7,0.9445853904537835,0.08241785396655128,0.7727458035838645,0.858665597018824,null,null,null
branin,fixed_iso_gpc,classifier_gated_diversity,classifier_gated_diversity,0,30,35,36,97,5.674573420672303,False,True,True,95,0.5051937738229331,0.9896124523541339,0.6930932290166344,null,0.1,25,147,0.5,17,0.8042545985095482,0.11613724811192995,0.8670736415061392,0.8356641200078436,null,null,null
branin,fixed_iso_gpc,classifier_gated_diversity,classifier_gated_diversity,0,31,36,37,147,5.157820926294377,False,True,True,142,0.49916623472186084,0.9983324694437217,0.6931457902302229,null,0.1,25,147,0.5,0,1.0,0.06925685880613781,0.784766921549404,0.892383460774702,null,null,null
branin,fixed_iso_gpc,classifier_gated_diversity,classifier_gated_diversity,0,32,37,38,575,1.4999240127947004,True,True,True,562,0.50045078891453,0.99909842217094,0.6931467741385993,null,0.1,25,147,0.5,0,1.0,0.06924895828478392,0.7846696419394803,0.8923348209697402,null,null,null
branin,fixed_iso_gpc,classifier_gated_diversity,classifier_gated_diversity,0,33,38,39,1228,3.1412124238806385,True,True,True,1199,0.49476383202980934,0.9895276640596187,0.6930923446475881,null,0.1,25,147,0.5,20,0.8200104148032248,0.08673691997926486,1.0,0.9100052074016124,null,null,null
branin,fixed_iso_gpc,classifier_gated_diversity,classifier_gated_diversity,0,34,39,40,1171,19.754271694604085,False,False,False,1142,0.4957702091784606,0.9915404183569212,0.6931113978723551,null,0.1,25,147,0.5,26,0.8380856664016557,0.06917119310639801,0.8183411800692824,0.828213423235469,null,null,null
branin,fixed_iso_gpc,classifier_gated_diversity,classifier_gated_diversity,0,35,40,41,736,5.293869708351803,False,True,True,716,0.5013536389168367,0.9972927221663266,0.6931435158788344,null,0.1,25,146,0.5,8,0.9381076628085054,0.08007777788649713,0.723211208165868,0.8306594354871868,null,null,null
branin,fixed_iso_gpc,classifier_gated_diversity,classifier_gated_diversity,0,36,41,42,77,3.9930886259584,True,True,True,75,0.4977845849368201,0.9955691698736402,0.6931373644000218,null,0.1,25,146,0.5,14,0.9133441752961997,0.06802968363699856,0.7333341258371281,0.8233391505666638,null,null,null
branin,fixed_iso_gpc,classifier_gated_diversity,classifier_gated_diversity,0,37,42,43,1177,13.728443199334748,False,False,False,1145,0.5045848223869616,0.9908303552260769,0.6931051387781315,null,0.1,25,146,0.5,27,0.8312401003074676,0.0753002201397777,0.9246932117832096,0.8779666560453386,null,null,null
branin,fixed_iso_gpc,classifier_gated_diversity,classifier_gated_diversity,0,38,43,44,1281,3.8305522126784837,True,True,True,1244,0.501731618094464,0.996536763811072,0.6931411835455071,null,0.1,25,146,0.5,13,0.9386421556214423,0.0771182158133263,0.8239066214869969,0.8812743885542196,null,null,null
branin,fixed_iso_gpc,classifier_gated_diversity,classifier_gated_diversity,0,39,44,45,891,13.011101997058446,False,False,False,867,0.5019309000354304,0.9961381999291392,0.6931397237915171,null,0.1,25,146,0.5,10,0.9316529118949,0.056963730108259884,0.7016150481969489,0.8166339800459244,null,null,null
branin,fixed_iso_gpc,classifier_gated_diversity,classifier_gated_diversity,0,40,45,46,900,13.777093762459401,False,False,False,875,0.5007717982464193,0.9984564035071615,0.6931459892144058,null,0.1,25,146,0.5,5,0.9724353954884183,0.07200154648336049,0.6907929679822309,0.8316141817353246,null,null,null
branin,fixed_iso_gpc,classifier_gated_diversity,classifier_gated_diversity,0,41,46,47,425,32.53602399684817,False,False,False,413,0.5001785877349652,0.9996428245300697,0.6931471167727858,null,0.1,25,146,0.5,1,0.9950162272428038,0.12240725911151858,1.0,0.9975081136214019,null,null,null
branin,fixed_iso_gpc,classifier_gated_diversity,classifier_gated_diversity,0,42,47,48,311,25.083479904788106,False,False,False,302,0.4995574172787324,0.9991148345574647,0.6931467888009638,null,0.1,25,146,0.5,5,0.9771384652879751,0.10591219922822454,0.9189034074091394,0.9480209363485572,null,null,null
branin,fixed_iso_gpc,classifier_gated_diversity,classifier_gated_diversity,0,43,48,49,414,8.57629166632713,False,True,True,401,0.5004084941390734,0.9991830117218532,0.6931468468249848,null,0.1,25,146,0.5,4,0.9818260235905871,0.049771076119156675,0.6118579264995201,0.7968419750450536,null,null,null
branin,fixed_iso_gpc,classifier_gated_diversity,classifier_gated_diversity,0,44,49,50,1002,5.132712926289429,False,True,True,970,0.5057929751116497,0.9884140497767007,0.693080061937007,null,0.1,25,146,0.5,31,0.7531142688035228,0.06790610214743185,0.8381648975663826,0.7956395831849528,null,null,null
branin,fixed_iso_gpc,classifier_uncertainty_repulsion,classifier_uncertainty_repulsion,0,1,6,7,126,49.875333895831204,False,False,False,125,0.49988789527047434,0.9997757905409487,0.6931471554250044,null,0.1,25,150,null,4,0.9819618677797192,null,null,0.9727584458271343,0.15,0.45842008023378145,0.9906275159407214
branin,fixed_iso_gpc,classifier_uncertainty_repulsion,classifier_uncertainty_repulsion,0,2,7,8,496,25.309157014394877,False,False,False,492,0.49978569507191073,0.9995713901438215,0.6931470887067381,null,0.1,25,150,null,0,1.0,null,null,0.9799490535921693,0.15,0.4194359922348331,0.9799490535921693
branin,fixed_iso_gpc,classifier_uncertainty_repulsion,classifier_uncertainty_repulsion,0,3,8,9,1267,38.04525257007981,False,False,False,1260,0.4995849863001266,0.9991699726002532,0.6931468360871635,null,0.1,25,150,null,11,0.9345757905106309,null,null,0.8221593302478374,0.15,0.3087146028643194,0.8797139179034675
branin,fixed_iso_gpc,classifier_uncertainty_repulsion,classifier_uncertainty_repulsion,0,4,9,10,854,39.61863379294668,False,False,False,847,0.5007317106637703,0.9985365786724594,0.6931461097585722,null,0.1,25,150,null,6,0.9536922926478064,null,null,0.7620251752534127,0.15,0.26871200886640906,0.7990262489568264
branin,fixed_iso_gpc,classifier_uncertainty_repulsion,classifier_uncertainty_repulsion,0,5,10,11,899,22.244354570870414,False,False,False,891,0.4995921511468765,0.999184302293753,0.6931468478785344,null,0.1,25,149,null,7,0.9609255799219957,null,null,0.661080282212599,0.15,0.22892873001889147,0.6879619983331726
branin,fixed_iso_gpc,classifier_uncertainty_repulsion,classifier_uncertainty_repulsion,0,6,11,12,1043,18.199593850148272,False,False,False,1034,0.49963413735638684,0.9992682747127737,0.6931469128489735,null,0.1,25,149,null,8,0.9567613329046315,null,null,0.7115141438140627,0.15,0.2475033938404119,0.74366941821737
branin,fixed_iso_gpc,classifier_uncertainty_repulsion,classifier_uncertainty_repulsion,0,7,12,13,790,25.93480304617546,False,False,False,783,0.4994495443804794,0.9988990887609588,0.6931465745570448,null,0.1,25,149,null,5,0.9696945694663782,null,null,0.561163778184801,0.15,0.19722733982159296,0.578701578677097
branin,fixed_iso_gpc,classifier_uncertainty_repulsion,classifier_uncertainty_repulsion,0,8,13,14,121,24.351479713452214,False,False,False,120,0.5005919225116062,0.9988161549767876,0.6931464798152621,null,0.1,25,149,null,2,0.9815632549438951,null,null,0.4709157300190196,0.15,0.17148180568116453,0.47976096053629935
branin,fixed_iso_gpc,classifier_uncertainty_repulsion,classifier_uncertainty_repulsion,0,9,14,15,62,3.69728829094565,True,True,True,61,0.5005932260302595,0.9988135479394811,0.6931464767255342,null,0.1,25,149,null,8,0.9733075033828157,null,null,0.432645720783973,0.15,0.1626523194543179,0.444510824462233
branin,fixed_iso_gpc,classifier_uncertainty_repulsion,classifier_uncertainty_repulsion,0,10,15,16,1295,4.775216076008633,True,True,True,1281,0.5001756262439273,0.9996487475121454,0.693147118870789,null,0.1,25,149,null,2,0.99121381798875,null,null,0.4595136186824112,0.15,0.16741646095688706,0.4635867764785605
branin,fixed_iso_gpc,classifier_uncertainty_repulsion,classifier_uncertainty_repulsion,0,11,16,17,329,10.232805946862612,False,False,True,323,0.5012485405031177,0.9975029189937645,0.6931440628499295,null,0.1,25,149,null,19,0.8812307185723374,null,null,0.369034996855086,0.15,0.156261221671172,0.4187722795829809
branin,fixed_iso_gpc,classifier_uncertainty_repulsion,classifier_uncertainty_repulsion,0,12,17,18,1279,12.955559936417202,False,False,False,1264,0.5008689500840708,0.9982620998318583,0.6931456704106879,null,0.1,25,149,null,8,0.9503784783087005,null,null,0.2961567320523599,0.15,0.1296288072046857,0.311619779710713
branin,fixed_iso_gpc,classifier_uncertainty_repulsion,classifier_uncertainty_repulsion,0,13,18,19,870,10.868794127789833,False,False,True,858,0.5003925760158282,0.9992148479683436,0.6931468723280573,null,0.1,25,149,null,7,0.9716650982680723,null,null,0.47220972757523727,0.15,0.17305254330358283,0.4859799208769764
branin,fixed_iso_gpc,classifier_uncertainty_repulsion,classifier_uncertainty_repulsion,0,14,19,20,713,3.7934635729122377,True,True,True,703,0.5012961768382578,0.9974076463234844,0.6931438204073896,null,0.1,25,149,null,18,0.8963881442206882,null,null,0.3439237367186453,0.15,0.14757812419473942,0.3836772484509481
branin,fixed_iso_gpc,classifier_uncertainty_repulsion,classifier_uncertainty_repulsion,0,15,20,21,384,6.717876498581344,False,True,True,377,0.49891880166099245,0.9978376033219849,0.6931448425784266,null,0.1,25,148,null,10,0.8908776368905277,null,null,0.3498560299841714,0.15,0.14981206259100777,0.39270940867400206
branin,fixed_iso_gpc,classifier_uncertainty_repulsion,classifier_uncertainty_repulsion,0,16,21,22,825,1.9928523000137304,True,True,True,812,0.49951053235805887,0.9990210647161177,0.6931467014027237,null,0.1,25,148,null,3,0.9544297948625495,null,null,0.24939105224262453,0.15,0.11674228026241122,0.2612984774627034
branin,fixed_iso_gpc,classifier_uncertainty_repulsion,classifier_uncertainty_repulsion,0,17,22,23,769,13.21504858444317,False,False,False,757,0.4980341463726341,0.9960682927452682,0.6931394513790634,null,0.1,25,148,null,13,0.8749796769630975,null,null,0.23753149896233003,0.15,0.11938486250447636,0.27147087551422977
branin,fixed_iso_gpc,classifier_uncertainty_repulsion,classifier_uncertainty_repulsion,0,18,23,24,1207,16.17525946376714,False,False,False,1188,0.49943824199489906,0.9988764839897981,0.6931465494156999,null,0.1,25,148,null,2,0.969974080293874,null,null,0.272292071579132,0.15,0.12176931739495638,0.28072097709728017
branin,fixed_iso_gpc,classifier_uncertainty_repulsion,classifier_uncertainty_repulsion,0,19,24,25,1027,16.329665696191018,False,False,False,1009,0.5023375224713238,0.9953249550573524,0.6931362524975297,null,0.1,25,148,null,17,0.8568508536343449,null,null,0.2658336321140653,0.15,0.12928202550563034,0.3102449288420829
branin,fixed_iso_gpc,classifier_uncertainty_repulsion,classifier_uncertainty_repulsion,0,20,25,26,864,3.2727880571659966,True,True,True,848,0.4994689812070232,0.9989379624140464,0.6931466165979223,null,0.1,25,148,null,6,0.9837640729897015,null,null,0.1868450828549666,0.15,0.0973575285897372,0.18992875221305483
branin,fixed_iso_gpc,classifier_uncertainty_repulsion,classifier_uncertainty_repulsion,0,21,26,27,813,17.357600324836795,False,False,False,799,0.4974407469894837,0.9948814939789674,0.6931340809508015,null,0.1,25,148,null,18,0.8739825779936967,null,null,0.23646924022407556,0.15,0.11915047601911574,0.27056516477354886
branin,fixed_iso_gpc,classifier_uncertainty_repulsion,classifier_uncertainty_repulsion,0,22,27,28,1028,54.44015414341841,False,False,False,1007,0.49794244296054035,0.9958848859210807,0.6931387134541067,null,0.1,25,148,null,17,0.9079033864693496,null,null,0.25368022632096254,0.15,0.12143321380342963,0.2794132394499298
branin,fixed_iso_gpc,classifier_uncertainty_repulsion,classifier_uncertainty_repulsion,0,23,28,29,405,14.782491209870663,False,False,False,397,0.5011101362105479,0.9977797275789042,0.6931447157531083,null,0.1,25,148,null,11,0.9508196722275731,null,null,0.19464565146044432,0.15,0.10152526794202002,0.20471352996349979
branin,fixed_iso_gpc,classifier_uncertainty_repulsion,classifier_uncertainty_repulsion,0,24,29,30,525,4.793527623616946,True,True,True,515,0.49783115506027276,0.9956623101205455,0.6931377727536978,null,0.1,25,148,null,18,0.9061064555498317,null,null,0.17348040432274606,0.15,0.09779295758668599,0.1914569786587349
branin,fixed_iso_gpc,classifier_uncertainty_repulsion,classifier_uncertainty_repulsion,0,25,30,31,395,20.614861200360544,False,False,False,387,0.49965491099119874,0.9993098219823975,0.6931469423870784,null,0.1,25,147,null,2,0.9918662867869821,null,null,0.1679172733560442,0.15,0.09135964371943478,0.16929426435088313
branin,fixed_iso_gpc,classifier_uncertainty_repulsion,classifier_uncertainty_repulsion,0,26,31,32,295,2.3762498302718313,True,True,True,289,0.5071470064861945,0.985705987027611,0.6930450176773857,null,0.1,25,147,null,35,0.7204487095055614,null,null,0.1924208337689308,0.15,0.11824817830600674,0.267084708779599
branin,fixed_iso_gpc,classifier_uncertainty_repulsion,classifier_uncertainty_repulsion,0,27,32,33,99,9.455006965451389,False,False,True,97,0.505807053136289,0.9883858937274219,0.6930797353113891,null,0.1,25,147,null,33,0.752393380021872,null,null,0.22885657900652084,0.15,0.12774716743345524,0.30417144154015285
branin,fixed_iso_gpc,classifier_uncertainty_repulsion,classifier_uncertainty_repulsion,0,28,33,34,115,22.04910241520583,False,False,False,112,0.502721732069884,0.994556535860232,0.693132364835856,null,0.1,25,147,null,16,0.8964987011610046,null,null,0.15502741971970732,0.15,0.09243223799321429,0.17292542590294901
branin,fixed_iso_gpc,classifier_uncertainty_repulsion,classifier_uncertainty_repulsion,0,29,34,35,563,13.686984938014433,False,False,False,548,0.5007825924080527,0.9984348151838947,0.6931459556576909,null,0.1,25,147,null,5,0.9771590677594746,null,null,0.14999738727743803,0.15,0.08659802123452708,0.1535035514958344
branin,fixed_iso_gpc,classifier_uncertainty_repulsion,classifier_uncertainty_repulsion,0,30,35,36,1133,1.0459150627346965,True,True,True,1103,0.4946483300695732,0.9892966601391464,0.6930898987241122,null,0.1,25,147,null,37,0.7446321312432993,null,null,0.12215752039169286,0.15,0.08979663802886226,0.1640508316337741
branin,fixed_iso_gpc,classifier_uncertainty_repulsion,classifier_uncertainty_repulsion,0,31,36,37,306,7.8934170695171275,False,True,True,297,0.501578109044821,0.9968437819103579,0.693142199695361,null,0.1,25,147,null,11,0.936256193534787,null,null,0.11175601640970671,0.15,0.0756308845375466,0.11936478197038958
branin,fixed_iso_gpc,classifier_uncertainty_repulsion,classifier_uncertainty_repulsion,0,32,37,38,418,46.47485212517097,False,False,False,404,0.5005619098215413,0.9988761803569175,0.6931465490745173,null,0.1,25,147,null,5,0.9779861583472351,null,null,0.20020108372247225,0.15,0.1015235825172258,0.20470748181222276
branin,fixed_iso_gpc,classifier_uncertainty_repulsion,classifier_uncertainty_repulsion,0,33,38,39,425,32.53602399684817,False,False,False,410,0.4922199804620959,0.9844399609241918,0.6930261182664865,null,0.1,25,147,null,47,0.6008520701256264,null,null,0.12507300703946347,0.15,0.1024830850061992,0.20815940105409503
branin,fixed_iso_gpc,classifier_uncertainty_repulsion,classifier_uncertainty_repulsion,0,34,39,40,596,17.72417565483628,False,False,False,576,0.49852730357712005,0.9970546071542401,0.6931428428841655,null,0.1,25,147,null,18,0.8847868737151989,null,null,0.26552304857376485,0.15,0.12671500728993346,0.3000983134603251
branin,fixed_iso_gpc,classifier_uncertainty_repulsion,classifier_uncertainty_repulsion,0,35,40,41,976,15.881826663154243,False,False,False,945,0.4977069436668735,0.995413887333747,0.6931366643083876,null,0.1,25,146,null,10,0.8953812817895611,null,null,0.14561615317876253,0.15,0.08937020772910667,0.1626303298274514
branin,fixed_iso_gpc,classifier_uncertainty_repulsion,classifier_uncertainty_repulsion,0,36,41,42,1328,1.3967161011682983,True,True,True,1288,0.4957041251832308,0.9914082503664616,0.6931102710249557,null,0.1,25,146,null,21,0.8240587137609491,null,null,0.08109358403249313,0.15,0.06827642457003189,0.09840753174295969
branin,fixed_iso_gpc,classifier_uncertainty_repulsion,classifier_uncertainty_repulsion,0,37,42,43,209,6.353287509377363,False,True,True,202,0.494269038269028,0.988538076538056,0.6930814912768484,null,0.1,25,146,null,36,0.7642627413266136,null,null,0.11133168174084859,0.15,0.08417127632446349,0.14567199958956278
branin,fixed_iso_gpc,classifier_uncertainty_repulsion,classifier_uncertainty_repulsion,0,38,43,44,931,6.56261526237423,False,True,True,899,0.4982586421311206,0.9965172842622412,0.6931411158932302,null,0.1,25,146,null,8,0.9455384106859269,null,null,0.08644110597807271,0.15,0.06568298399996633,0.09141998357884296
branin,fixed_iso_gpc,classifier_uncertainty_repulsion,classifier_uncertainty_repulsion,0,39,44,45,398,11.304524513419757,False,False,True,384,0.49974526812485215,0.9994905362497043,0.6931470507832833,null,0.1,25,146,null,2,0.9923083006485651,null,null,0.09540711269191997,0.15,0.06744602785889986,0.09614664376944404
branin,fixed_iso_gpc,classifier_uncertainty_repulsion,classifier_uncertainty_repulsion,0,40,45,46,1469,4.803077991583223,True,True,True,1425,0.5066898665915929,0.9866202668168143,0.6930576692591291,null,0.1,25,146,null,29,0.7611331068994089,null,null,0.10487444338734499,0.15,0.08167861223988399,0.13778725749372134
branin,fixed_iso_gpc,classifier_uncertainty_repulsion,classifier_uncertainty_repulsion,0,41,46,47,893,5.179192619733435,False,True,True,861,0.4925405447749789,0.9850810895499578,0.6930358894868082,null,0.1,25,146,null,36,0.71819882911224,null,null,0.07677436532985969,0.15,0.07132654532290002,0.10689848300749794
branin,fixed_iso_gpc,classifier_uncertainty_repulsion,classifier_uncertainty_repulsion,0,42,47,48,1495,9.913009316852623,False,False,True,1449,0.5022669597203464,0.9954660805593072,0.6931369023119838,null,0.1,25,146,null,10,0.9108928801175009,null,null,0.07996853678951844,0.15,0.06430314994602698,0.08779137320647723
branin,fixed_iso_gpc,classifier_uncertainty_repulsion,classifier_uncertainty_repulsion,0,43,48,49,883,19.402682234355808,False,False,False,851,0.5045070576920097,0.9909858846159807,0.6931065528716611,null,0.1,25,146,null,18,0.8246510127636074,null,null,0.06683882113959064,0.15,0.061673424517647984,0.0810510386879868
branin,fixed_iso_gpc,classifier_uncertainty_repulsion,classifier_uncertainty_repulsion,0,44,49,50,583,2.8704287238651034,True,True,True,562,0.49300194596591496,0.9860038919318299,0.6930492318413918,null,0.1,25,146,null,33,0.7180666445819579,null,null,0.07261545429708267,0.15,0.06926453392069573,0.10112634369663243
branin,optimized_iso_gpc,random,random,0,1,6,7,1273,2.6369432861079787,True,True,True,1268,0.4999948313051408,0.9999896626102815,0.6931471805065146,null,null,null,null,null,null,null,null,null,null,null,null,null
branin,optimized_iso_gpc,random,random,0,2,7,8,260,8.16069735687153,False,True,True,257,0.444116740723004,0.888233481446008,0.6868882341502347,null,null,null,null,null,null,null,null,null,null,null,null,null
branin,optimized_iso_gpc,random,random,0,3,8,9,461,11.356848191625026,False,False,True,457,0.4380344080164065,0.876068816032813,0.6854479315236865,null,null,null,null,null,null,null,null,null,null,null,null,null
branin,optimized_iso_gpc,random,random,0,4,9,10,1468,58.34071743702734,False,False,False,1460,0.502557545222631,0.9948849095547381,0.6931340984277663,null,null,null,null,null,null,null,null,null,null,null,null,null
branin,optimized_iso_gpc,random,random,0,5,10,11,1013,93.71371188035667,False,False,False,1006,0.5042384648586111,0.9915230702827778,0.6931112509609159,null,null,null,null,null,null,null,null,null,null,null,null,null
branin,optimized_iso_gpc,random,random,0,6,11,12,622,14.964210775162144,False,False,False,616,0.4641049141243059,0.9282098282486118,0.6905680481081601,null,null,null,null,null,null,null,null,null,null,null,null,null
branin,optimized_iso_gpc,random,random,0,7,12,13,322,33.02671372038083,False,False,False,318,0.5318566633141515,0.936286673371697,0.691116111111052,null,null,null,null,null,null,null,null,null,null,null,null,null
branin,optimized_iso_gpc,random,random,0,8,13,14,951,16.953671292359076,False,False,False,942,0.5791051781379508,0.8417896437240984,0.6805791817154603,null,null,null,null,null,null,null,null,null,null,null,null,null
branin,optimized_iso_gpc,random,random,0,9,14,15,1389,132.9110153749991,False,False,False,1377,0.7216400818217608,0.5567198363564785,0.5913976438416655,null,null,null,null,null,null,null,null,null,null,null,null,null
branin,optimized_iso_gpc,random,random,0,10,15,16,986,3.6286142727214354,True,True,True,976,0.47552979540459006,0.9510595908091801,0.6919491202080446,null,null,null,null,null,null,null,null,null,null,null,null,null
branin,optimized_iso_gpc,random,random,0,11,16,17,1193,7.588292192340283,False,True,True,1181,0.17996645656626242,0.35993291313252485,0.47134261949685236,null,null,null,null,null,null,null,null,null,null,null,null,null
branin,optimized_iso_gpc,random,random,0,12,17,18,2,141.82500932598583,False,False,False,2,0.5865992943734568,0.8268014112530864,0.6780724016987338,null,null,null,null,null,null,null,null,null,null,null,null,null
branin,optimized_iso_gpc,random,random,0,13,18,19,1397,6.038028113372121,False,True,True,1381,0.4412305015983833,0.8824610031967666,0.6862234786466344,null,null,null,null,null,null,null,null,null,null,null,null,null
branin,optimized_iso_gpc,random,random,0,14,19,20,591,9.156682724620786,False,False,True,584,0.3944220815161543,0.7888441630323086,0.6706850944997633,null,null,null,null,null,null,null,null,null,null,null,null,null
branin,optimized_iso_gpc,random,random,0,15,20,21,658,18.416052666266186,False,False,False,648,0.27235950597429337,0.5447190119485867,0.5855915608693611,null,null,null,null,null,null,null,null,null,null,null,null,null
branin,optimized_iso_gpc,random,random,0,16,21,22,1259,7.732855442165601,False,True,True,1243,0.610414809919547,0.779170380160906,0.6685621756225278,null,null,null,null,null,null,null,null,null,null,null,null,null
branin,optimized_iso_gpc,random,random,0,17,22,23,539,8.70520962114172,False,True,True,532,0.4917199479203411,0.9834398958406823,0.6930100557672108,null,null,null,null,null,null,null,null,null,null,null,null,null
branin,optimized_iso_gpc,random,random,0,18,23,24,1217,26.45136652294817,False,False,False,1200,0.3781313293672781,0.7562626587345562,0.6631419067298768,null,null,null,null,null,null,null,null,null,null,null,null,null
branin,optimized_iso_gpc,random,random,0,19,24,25,602,25.28400007001605,False,False,False,592,0.8261965900777568,0.3476068198444864,0.46186604269316817,null,null,null,null,null,null,null,null,null,null,null,null,null
branin,optimized_iso_gpc,random,random,0,20,25,26,316,158.02069602063895,False,False,False,311,0.8220473729189735,0.3559052541620531,0.4682747161027977,null,null,null,null,null,null,null,null,null,null,null,null,null
branin,optimized_iso_gpc,random,random,0,21,26,27,625,30.525340418948105,False,False,False,612,0.7607221797505872,0.4785556404988256,0.550246055633193,null,null,null,null,null,null,null,null,null,null,null,null,null
branin,optimized_iso_gpc,random,random,0,22,27,28,495,5.725639305720094,False,True,True,487,0.45470855235720364,0.9094171047144073,0.689038921079534,null,null,null,null,null,null,null,null,null,null,null,null,null
branin,optimized_iso_gpc,random,random,0,23,28,29,479,0.27993239899810973,True,True,True,471,0.697017797061676,0.605964405876648,0.6133699809742308,null,null,null,null,null,null,null,null,null,null,null,null,null
branin,optimized_iso_gpc,random,random,0,24,29,30,485,18.146456168847124,False,False,False,476,0.17207415852112717,0.34414831704225435,0.4591598593346541,null,null,null,null,null,null,null,null,null,null,null,null,null
branin,optimized_iso_gpc,random,random,0,25,30,31,48,17.86775148322078,False,False,False,46,0.42971579991291264,0.8594315998258253,0.6832346466744077,null,null,null,null,null,null,null,null,null,null,null,null,null
branin,optimized_iso_gpc,random,random,0,26,31,32,1332,76.46728004444067,False,False,False,1305,0.875299384458117,0.2494012310837661,0.3761871759782238,null,null,null,null,null,null,null,null,null,null,null,null,null
branin,optimized_iso_gpc,random,random,0,27,32,33,154,22.11604876807511,False,False,False,151,0.263725594725031,0.527451189450062,0.5769178120409381,null,null,null,null,null,null,null,null,null,null,null,null,null
branin,optimized_iso_gpc,random,random,0,28,33,34,552,5.892519082529269,False,True,True,538,0.19403869759855752,0.38807739519711504,0.4920264089851146,null,null,null,null,null,null,null,null,null,null,null,null,null
branin,optimized_iso_gpc,random,random,0,29,34,35,1213,33.781181360753564,False,False,False,1187,0.9078484970082172,0.18430300598356553,0.30748755621003776,null,null,null,null,null,null,null,null,null,null,null,null,null
branin,optimized_iso_gpc,random,random,0,30,35,36,681,18.293930786559635,False,False,False,660,0.7128318292648714,0.5743363414702571,0.5995965964436061,null,null,null,null,null,null,null,null,null,null,null,null,null
branin,optimized_iso_gpc,random,random,0,31,36,37,370,12.517259762894195,False,False,False,361,0.1329937349987631,0.2659874699975262,0.3920383069554988,null,null,null,null,null,null,null,null,null,null,null,null,null
branin,optimized_iso_gpc,random,random,0,32,37,38,692,155.17890004305295,False,False,False,669,0.7217412314165017,0.5565175371669966,0.5913012620992304,null,null,null,null,null,null,null,null,null,null,null,null,null
branin,optimized_iso_gpc,random,random,0,33,38,39,362,25.36994880037181,False,False,False,353,0.14702686130317488,0.29405372260634977,0.417517022791859,null,null,null,null,null,null,null,null,null,null,null,null,null
branin,optimized_iso_gpc,random,random,0,34,39,40,431,26.537702811181568,False,False,False,420,0.133056761807552,0.266113523615104,0.3921564488755079,null,null,null,null,null,null,null,null,null,null,null,null,null
branin,optimized_iso_gpc,random,random,0,35,40,41,877,9.805786199970473,False,False,True,850,0.14506928072819392,0.29013856145638783,0.4140600405229473,null,null,null,null,null,null,null,null,null,null,null,null,null
branin,optimized_iso_gpc,random,random,0,36,41,42,802,23.06410404080522,False,False,False,775,0.6372269215972324,0.7255461568055352,0.6549970550109672,null,null,null,null,null,null,null,null,null,null,null,null,null
branin,optimized_iso_gpc,random,random,0,37,42,43,1004,6.638436818724241,False,True,True,973,0.2631415558209369,0.5262831116418738,0.5763173042032931,null,null,null,null,null,null,null,null,null,null,null,null,null
branin,optimized_iso_gpc,random,random,0,38,43,44,756,73.5912266725218,False,False,False,729,0.7815869799009079,0.4368260401981843,0.5248920233145518,null,null,null,null,null,null,null,null,null,null,null,null,null
branin,optimized_iso_gpc,random,random,0,39,44,45,924,28.10665057446689,False,False,False,894,0.1910855586886555,0.382171117377311,0.4877932127881496,null,null,null,null,null,null,null,null,null,null,null,null,null
branin,optimized_iso_gpc,random,random,0,40,45,46,626,10.165794649834492,False,False,True,603,0.13946610995526498,0.27893221991052997,0.4039931348451784,null,null,null,null,null,null,null,null,null,null,null,null,null
branin,optimized_iso_gpc,random,random,0,41,46,47,9,10.469363435353653,False,False,True,8,0.13086458592863437,0.26172917185726874,0.3880269500578516,null,null,null,null,null,null,null,null,null,null,null,null,null
branin,optimized_iso_gpc,random,random,0,42,47,48,1435,5.420135101307526,False,True,True,1390,0.12418814439843118,0.24837628879686235,0.3751873445197659,null,null,null,null,null,null,null,null,null,null,null,null,null
branin,optimized_iso_gpc,random,random,0,43,48,49,1070,2.5154447752461024,True,True,True,1033,0.49541131998359234,0.9908226399671847,0.6931050680002001,null,null,null,null,null,null,null,null,null,null,null,null,null
branin,optimized_iso_gpc,random,random,0,44,49,50,859,101.92611117307393,False,False,False,828,0.9221986168857939,0.1556027662284123,0.27336646868516773,null,null,null,null,null,null,null,null,null,null,null,null,null
branin,optimized_iso_gpc,classifier_margin,classifier_margin,0,1,6,7,780,33.9722571444673,False,False,False,775,0.49999999990177635,0.9999999998035527,0.6931471805599453,null,null,null,null,null,null,null,null,null,null,null,null,null
branin,optimized_iso_gpc,classifier_margin,classifier_margin,0,2,7,8,381,91.1892342001771,False,False,False,378,0.4999999999499221,0.9999999998998442,0.6931471805599453,null,null,null,null,null,null,null,null,null,null,null,null,null
branin,optimized_iso_gpc,classifier_margin,classifier_margin,0,3,8,9,301,59.30386453127717,False,False,False,298,0.49999999968131725,0.9999999993626345,0.6931471805599453,null,null,null,null,null,null,null,null,null,null,null,null,null
branin,optimized_iso_gpc,classifier_margin,classifier_margin,0,4,9,10,572,45.80122427506652,False,False,False,567,0.49999999963519765,0.9999999992703953,0.6931471805599453,null,null,null,null,null,null,null,null,null,null,null,null,null
branin,optimized_iso_gpc,classifier_margin,classifier_margin,0,5,10,11,630,2.305081538903572,True,True,True,623,0.4999893166428111,0.9999786332856222,0.6931471803316771,null,null,null,null,null,null,null,null,null,null,null,null,null
branin,optimized_iso_gpc,classifier_margin,classifier_margin,0,6,11,12,1352,24.066052266069462,False,False,False,1342,0.5000436199274508,0.9999127601450983,0.6931471767545492,null,null,null,null,null,null,null,null,null,null,null,null,null
branin,optimized_iso_gpc,classifier_margin,classifier_margin,0,7,12,13,1161,14.100910978189706,False,False,False,1151,0.499955212862301,0.999910425724602,0.6931471765481699,null,null,null,null,null,null,null,null,null,null,null,null,null
branin,optimized_iso_gpc,classifier_margin,classifier_margin,0,8,13,14,801,7.351154502606114,False,True,True,791,0.49997377021223843,0.9999475404244769,0.6931471791839419,null,null,null,null,null,null,null,null,null,null,null,null,null
branin,optimized_iso_gpc,classifier_margin,classifier_margin,0,9,14,15,963,48.69049919869376,False,False,False,952,0.5002161743335849,0.9995676513328302,0.6931470870972574,null,null,null,null,null,null,null,null,null,null,null,null,null
branin,optimized_iso_gpc,classifier_margin,classifier_margin,0,10,15,16,1499,2.4274873629952793,True,True,True,1484,0.5000611635878844,0.9998776728242311,0.6931471730779764,null,null,null,null,null,null,null,null,null,null,null,null,null
branin,optimized_iso_gpc,classifier_margin,classifier_margin,0,11,16,17,1390,5.210305187240969,False,True,True,1376,0.4999069990082607,0.9998139980165214,0.6931471632615762,null,null,null,null,null,null,null,null,null,null,null,null,null
branin,optimized_iso_gpc,classifier_margin,classifier_margin,0,12,17,18,382,14.75340864270403,False,False,False,377,0.5001292487649605,0.9997415024700791,0.6931471471494585,null,null,null,null,null,null,null,null,null,null,null,null,null
branin,optimized_iso_gpc,classifier_margin,classifier_margin,0,13,18,19,1417,7.2178983903240805,False,True,True,1401,0.4999683404574705,0.999936680914941,0.6931471785552921,null,null,null,null,null,null,null,null,null,null,null,null,null
branin,optimized_iso_gpc,classifier_margin,classifier_margin,0,14,19,20,1345,24.248375666708384,False,False,False,1331,0.5001504395646945,0.999699120870611,0.6931471352958194,null,null,null,null,null,null,null,null,null,null,null,null,null
branin,optimized_iso_gpc,classifier_margin,classifier_margin,0,15,20,21,1342,15.302375150180211,False,False,False,1328,0.5000141743673686,0.9999716512652628,0.6931471801581199,null,null,null,null,null,null,null,null,null,null,null,null,null
branin,optimized_iso_gpc,classifier_margin,classifier_margin,0,16,21,22,654,69.07642777259213,False,False,False,645,0.49927672394460987,0.9985534478892197,0.6931461343030758,null,null,null,null,null,null,null,null,null,null,null,null,null
branin,optimized_iso_gpc,classifier_margin,classifier_margin,0,17,22,23,1451,15.19494807397195,False,False,False,1431,0.5001095642150413,0.9997808715699175,0.6931471565513108,null,null,null,null,null,null,null,null,null,null,null,null,null
branin,optimized_iso_gpc,classifier_margin,classifier_margin,0,18,23,24,1422,7.1626219084493385,False,True,True,1402,0.5000153676529709,0.9999692646940581,0.6931471800876158,null,null,null,null,null,null,null,null,null,null,null,null,null
branin,optimized_iso_gpc,classifier_margin,classifier_margin,0,19,24,25,1044,11.937541007187768,False,False,True,1030,0.4999346989298251,0.9998693978596502,0.6931471720314858,null,null,null,null,null,null,null,null,null,null,null,null,null
branin,optimized_iso_gpc,classifier_margin,classifier_margin,0,20,25,26,843,5.314130260565953,False,True,True,830,0.499508511769849,0.999017023539698,0.6931466974385068,null,null,null,null,null,null,null,null,null,null,null,null,null
branin,optimized_iso_gpc,classifier_margin,classifier_margin,0,21,26,27,797,0.8680574349245447,True,True,True,785,0.500172713238613,0.999654573522774,0.6931471209002185,null,null,null,null,null,null,null,null,null,null,null,null,null
branin,optimized_iso_gpc,classifier_margin,classifier_margin,0,22,27,28,1279,12.955559936417202,False,False,False,1261,0.49973536154035747,0.9994707230807149,0.6931470404929101,null,null,null,null,null,null,null,null,null,null,null,null,null
branin,optimized_iso_gpc,classifier_margin,classifier_margin,0,23,28,29,895,4.440230335972714,True,True,True,880,0.4987902150252701,0.9975804300505402,0.693144253397719,null,null,null,null,null,null,null,null,null,null,null,null,null
branin,optimized_iso_gpc,classifier_margin,classifier_margin,0,24,29,30,646,20.237631716983017,False,False,False,637,0.5016944260821803,0.9966111478356394,0.6931414383894585,null,null,null,null,null,null,null,null,null,null,null,null,null
branin,optimized_iso_gpc,classifier_margin,classifier_margin,0,25,30,31,123,135.1829681528621,False,False,False,122,0.5000000008906095,0.999999998218781,0.6931471805599453,null,null,null,null,null,null,null,null,null,null,null,null,null
branin,optimized_iso_gpc,classifier_margin,classifier_margin,0,26,31,32,620,6.904057140657358,False,True,True,611,0.4989925581870871,0.9979851163741742,0.693145150680559,null,null,null,null,null,null,null,null,null,null,null,null,null
branin,optimized_iso_gpc,classifier_margin,classifier_margin,0,27,32,33,295,2.3762498302718313,True,True,True,291,0.49893884505337693,0.9978776901067539,0.6931449284586131,null,null,null,null,null,null,null,null,null,null,null,null,null
branin,optimized_iso_gpc,classifier_margin,classifier_margin,0,28,33,34,932,6.583341679710081,False,True,True,912,0.5015121863500607,0.9969756272998787,0.6931426071378586,null,null,null,null,null,null,null,null,null,null,null,null,null
branin,optimized_iso_gpc,classifier_margin,classifier_margin,0,29,34,35,869,5.333055630431744,False,True,True,850,0.4984529938198765,0.996905987639753,0.6931423940960659,null,null,null,null,null,null,null,null,null,null,null,null,null
branin,optimized_iso_gpc,classifier_margin,classifier_margin,0,30,35,36,1055,10.513984900614417,False,False,True,1031,0.5013499250862048,0.9973001498275904,0.6931435359600409,null,null,null,null,null,null,null,null,null,null,null,null,null
branin,optimized_iso_gpc,classifier_margin,classifier_margin,0,31,36,37,998,5.6848584662607635,False,True,True,975,0.5011214046094565,0.9977571907810869,0.6931446654612405,null,null,null,null,null,null,null,null,null,null,null,null,null
branin,optimized_iso_gpc,classifier_margin,classifier_margin,0,32,37,38,565,12.065445156697983,False,False,True,557,0.5000556792300017,0.9998886415399966,0.6931471743595919,null,null,null,null,null,null,null,null,null,null,null,null,null
branin,optimized_iso_gpc,classifier_margin,classifier_margin,0,33,38,39,656,6.1629762992062,False,True,True,641,0.49949437459099144,0.9989887491819829,0.6931466692457496,null,null,null,null,null,null,null,null,null,null,null,null,null
branin,optimized_iso_gpc,classifier_margin,classifier_margin,0,34,39,40,420,1.3390137985856114,True,True,True,412,0.4971586205918559,0.9943172411837118,0.693131033599155,null,null,null,null,null,null,null,null,null,null,null,null,null
branin,optimized_iso_gpc,classifier_margin,classifier_margin,0,35,40,41,814,2.21167299022148,True,True,True,793,0.49859041564133033,0.9971808312826607,0.693143206698553,null,null,null,null,null,null,null,null,null,null,null,null,null
branin,optimized_iso_gpc,classifier_margin,classifier_margin,0,36,41,42,489,4.550409974184383,True,True,True,480,0.49952957229122175,0.9990591445824435,0.6931467379554217,null,null,null,null,null,null,null,null,null,null,null,null,null
branin,optimized_iso_gpc,classifier_margin,classifier_margin,0,37,42,43,1170,4.783240334527019,True,True,True,1138,0.4996830341408872,0.9993660682817744,0.6931469796252201,null,null,null,null,null,null,null,null,null,null,null,null,null
branin,optimized_iso_gpc,classifier_margin,classifier_margin,0,38,43,44,724,1.720078979983736,True,True,True,705,0.5002408993683658,0.9995182012632684,0.6931470644949295,null,null,null,null,null,null,null,null,null,null,null,null,null
branin,optimized_iso_gpc,classifier_margin,classifier_margin,0,39,44,45,1478,10.035317171309579,False,False,True,1436,0.4999078443919428,0.9998156887838856,0.6931471635746331,null,null,null,null,null,null,null,null,null,null,null,null,null
branin,optimized_iso_gpc,classifier_margin,classifier_margin,0,40,45,46,1369,31.1810320340227,False,False,False,1331,0.4989522717935464,0.9979045435870928,0.6931449850895495,null,null,null,null,null,null,null,null,null,null,null,null,null
branin,optimized_iso_gpc,classifier_margin,classifier_margin,0,41,46,47,426,4.5663008692452465,True,True,True,417,0.5016718152528283,0.9966563694943433,0.6931415906170504,null,null,null,null,null,null,null,null,null,null,null,null,null
branin,optimized_iso_gpc,classifier_margin,classifier_margin,0,42,47,48,673,1.4717603511676032,True,True,True,654,0.4999755036844657,0.9999510073689314,0.6931471793598064,null,null,null,null,null,null,null,null,null,null,null,null,null
branin,optimized_iso_gpc,classifier_margin,classifier_margin,0,43,48,49,1286,0.5721564871537979,True,True,True,1249,0.5002600535057702,0.9994798929884596,0.6931470453042875,null,null,null,null,null,null,null,null,null,null,null,null,null
branin,optimized_iso_gpc,classifier_margin,classifier_margin,0,44,49,50,1159,257.19156557067254,False,False,False,1125,0.5000000039701321,0.9999999920597358,0.6931471805599452,null,null,null,null,null,null,null,null,null,null,null,null,null
branin,optimized_iso_gpc,classifier_entropy,classifier_entropy,0,1,6,7,10,178.9843611375828,False,False,False,10,0.4999999950001672,0.9999999900003343,0.6931471805599454,Binary entropy is monotone-equivalent to classifier margin.,null,null,null,null,null,null,null,null,null,null,null,null
branin,optimized_iso_gpc,classifier_entropy,classifier_entropy,0,2,7,8,11,55.60252173010183,False,False,False,10,0.4999999950002065,0.999999990000413,0.6931471805599454,Binary entropy is monotone-equivalent to classifier margin.,null,null,null,null,null,null,null,null,null,null,null,null
branin,optimized_iso_gpc,classifier_entropy,classifier_entropy,0,3,8,9,388,22.244782674688423,False,False,False,383,0.50000047088658,0.9999990582268401,0.693147180559502,Binary entropy is monotone-equivalent to classifier margin.,null,null,null,null,null,null,null,null,null,null,null,null
branin,optimized_iso_gpc,classifier_entropy,classifier_entropy,0,4,9,10,13,110.69330734985172,False,False,False,11,0.5000036226125258,0.9999927547749483,0.6931471805336986,Binary entropy is monotone-equivalent to classifier margin.,null,null,null,null,null,null,null,null,null,null,null,null
branin,optimized_iso_gpc,classifier_entropy,classifier_entropy,0,5,10,11,32,0.4297740234255727,True,True,True,28,0.4999999950001243,0.9999999900002486,0.6931471805599454,Binary entropy is monotone-equivalent to classifier margin.,null,null,null,null,null,null,null,null,null,null,null,null
branin,optimized_iso_gpc,classifier_entropy,classifier_entropy,0,6,11,12,1148,10.438868013082793,False,False,True,1138,0.49999861418889363,0.9999972283777873,0.6931471805561044,Binary entropy is monotone-equivalent to classifier margin.,null,null,null,null,null,null,null,null,null,null,null,null
branin,optimized_iso_gpc,classifier_entropy,classifier_entropy,0,7,12,13,726,21.25492684587276,False,False,False,716,0.49999624336176596,0.9999924867235319,0.6931471805317206,Binary entropy is monotone-equivalent to classifier margin.,null,null,null,null,null,null,null,null,null,null,null,null
branin,optimized_iso_gpc,classifier_entropy,classifier_entropy,0,8,13,14,1420,2.560993701009579,True,True,True,1408,0.49999727106554354,0.9999945421310871,0.6931471805450511,Binary entropy is monotone-equivalent to classifier margin.,null,null,null,null,null,null,null,null,null,null,null,null
branin,optimized_iso_gpc,classifier_entropy,classifier_entropy,0,9,14,15,1160,28.057256632497037,False,False,False,1148,0.4999902308062779,0.9999804616125558,0.693147180369071,Binary entropy is monotone-equivalent to classifier margin.,null,null,null,null,null,null,null,null,null,null,null,null
branin,optimized_iso_gpc,classifier_entropy,classifier_entropy,0,10,15,16,1024,21.301822916917203,False,False,False,1013,0.49999812727137977,0.9999962545427595,0.6931471805529311,Binary entropy is monotone-equivalent to classifier margin.,null,null,null,null,null,null,null,null,null,null,null,null
branin,optimized_iso_gpc,classifier_entropy,classifier_entropy,0,11,16,17,546,6.748808010674622,False,True,True,538,0.5000050115834459,0.9999899768331082,0.6931471805097134,Binary entropy is monotone-equivalent to classifier margin.,null,null,null,null,null,null,null,null,null,null,null,null
branin,optimized_iso_gpc,classifier_entropy,classifier_entropy,0,12,17,18,406,20.71029293291095,False,False,False,398,0.4999593189607619,0.9999186379215238,0.6931471772500513,Binary entropy is monotone-equivalent to classifier margin.,null,null,null,null,null,null,null,null,null,null,null,null
branin,optimized_iso_gpc,classifier_entropy,classifier_entropy,0,13,18,19,312,7.674860476320248,False,True,True,305,0.4999678187521493,0.9999356375042986,0.6931471784886798,Binary entropy is monotone-equivalent to classifier margin.,null,null,null,null,null,null,null,null,null,null,null,null
branin,optimized_iso_gpc,classifier_entropy,classifier_entropy,0,14,19,20,1326,17.562718143669514,False,False,False,1309,0.49999739735270066,0.9999947947054013,0.6931471805463978,Binary entropy is monotone-equivalent to classifier margin.,null,null,null,null,null,null,null,null,null,null,null,null
branin,optimized_iso_gpc,classifier_entropy,classifier_entropy,0,15,20,21,351,12.877435194525283,False,False,False,343,0.499987077012375,0.99997415402475,0.6931471802259381,Binary entropy is monotone-equivalent to classifier margin.,null,null,null,null,null,null,null,null,null,null,null,null
branin,optimized_iso_gpc,classifier_entropy,classifier_entropy,0,16,21,22,1078,0.2663201049588224,True,True,True,1062,0.4998167375778372,0.9996334751556744,0.6931471133897131,Binary entropy is monotone-equivalent to classifier margin.,null,null,null,null,null,null,null,null,null,null,null,null
branin,optimized_iso_gpc,classifier_entropy,classifier_entropy,0,17,22,23,978,17.3645625545861,False,False,False,963,0.5000040514604419,0.9999918970791162,0.6931471805271167,Binary entropy is monotone-equivalent to classifier margin.,null,null,null,null,null,null,null,null,null,null,null,null
branin,optimized_iso_gpc,classifier_entropy,classifier_entropy,0,18,23,24,915,2.099718461406063,True,True,True,900,0.49958102093918333,0.9991620418783667,0.6931468294729974,Binary entropy is monotone-equivalent to classifier margin.,null,null,null,null,null,null,null,null,null,null,null,null
branin,optimized_iso_gpc,classifier_entropy,classifier_entropy,0,19,24,25,155,3.71194237394117,True,True,True,150,0.5009432876428843,0.9981134247142314,0.6931454009757352,Binary entropy is monotone-equivalent to classifier margin.,null,null,null,null,null,null,null,null,null,null,null,null
branin,optimized_iso_gpc,classifier_entropy,classifier_entropy,0,20,25,26,1245,20.182333310821235,False,False,False,1223,0.4999826491092521,0.9999652982185042,0.6931471799578385,Binary entropy is monotone-equivalent to classifier margin.,null,null,null,null,null,null,null,null,null,null,null,null
branin,optimized_iso_gpc,classifier_entropy,classifier_entropy,0,21,26,27,375,5.446184708668358,False,True,True,365,0.4999500705274302,0.9999001410548604,0.6931471755740408,Binary entropy is monotone-equivalent to classifier margin.,null,null,null,null,null,null,null,null,null,null,null,null
branin,optimized_iso_gpc,classifier_entropy,classifier_entropy,0,22,27,28,34,3.014154211955301,True,True,True,29,0.5002447300006343,0.9995105399987314,0.6931470607743941,Binary entropy is monotone-equivalent to classifier margin.,null,null,null,null,null,null,null,null,null,null,null,null
branin,optimized_iso_gpc,classifier_entropy,classifier_entropy,0,23,28,29,143,9.361652919947716,False,False,True,137,0.5005192960454238,0.9989614079091524,0.6931466412230827,Binary entropy is monotone-equivalent to classifier margin.,null,null,null,null,null,null,null,null,null,null,null,null
branin,optimized_iso_gpc,classifier_entropy,classifier_entropy,0,24,29,30,31,4.553636870935826,True,True,True,27,0.49999999496010367,0.9999999899202073,0.6931471805599454,Binary entropy is monotone-equivalent to classifier margin.,null,null,null,null,null,null,null,null,null,null,null,null
branin,optimized_iso_gpc,classifier_entropy,classifier_entropy,0,25,30,31,167,21.54750946530036,False,False,False,158,0.5018540728221845,0.996291854355631,0.6931403053721293,Binary entropy is monotone-equivalent to classifier margin.,null,null,null,null,null,null,null,null,null,null,null,null
branin,optimized_iso_gpc,classifier_entropy,classifier_entropy,0,26,31,32,746,0.986746969345262,True,True,True,725,0.5000483971009115,0.9999032057981769,0.6931471758753865,Binary entropy is monotone-equivalent to classifier margin.,null,null,null,null,null,null,null,null,null,null,null,null
branin,optimized_iso_gpc,classifier_entropy,classifier_entropy,0,27,32,33,1095,9.138498972097043,False,False,True,1069,0.5005640998060898,0.9988718003878203,0.6931465441426279,Binary entropy is monotone-equivalent to classifier margin.,null,null,null,null,null,null,null,null,null,null,null,null
branin,optimized_iso_gpc,classifier_entropy,classifier_entropy,0,28,33,34,844,3.1220620566775104,True,True,True,822,0.49945515947392605,0.9989103189478521,0.6931465868574301,Binary entropy is monotone-equivalent to classifier margin.,null,null,null,null,null,null,null,null,null,null,null,null
branin,optimized_iso_gpc,classifier_entropy,classifier_entropy,0,29,34,35,1170,4.783240334527019,True,True,True,1140,0.49953102854924436,0.9990620570984887,0.6931467406914376,Binary entropy is monotone-equivalent to classifier margin.,null,null,null,null,null,null,null,null,null,null,null,null
branin,optimized_iso_gpc,classifier_entropy,classifier_entropy,0,30,35,36,828,15.548222693895251,False,False,False,806,0.5001095092913499,0.9997809814173002,0.6931471565753753,Binary entropy is monotone-equivalent to classifier margin.,null,null,null,null,null,null,null,null,null,null,null,null
branin,optimized_iso_gpc,classifier_entropy,classifier_entropy,0,31,36,37,526,0.9319285829421631,True,True,True,509,0.5016603931619477,0.9966792136761047,0.6931416667389068,Binary entropy is monotone-equivalent to classifier margin.,null,null,null,null,null,null,null,null,null,null,null,null
branin,optimized_iso_gpc,classifier_entropy,classifier_entropy,0,32,37,38,1086,57.559153326787325,False,False,False,1057,0.5017381075653367,0.9965237848693267,0.6931411385119591,Binary entropy is monotone-equivalent to classifier margin.,null,null,null,null,null,null,null,null,null,null,null,null
branin,optimized_iso_gpc,classifier_entropy,classifier_entropy,0,33,38,39,727,15.83680677123491,False,False,False,705,0.49814612819608906,0.9962922563921781,0.6931403068628654,Binary entropy is monotone-equivalent to classifier margin.,null,null,null,null,null,null,null,null,null,null,null,null
branin,optimized_iso_gpc,classifier_entropy,classifier_entropy,0,34,39,40,1399,1.979343264338901,True,True,True,1362,0.5002502981383977,0.9994994037232046,0.6931470552616239,Binary entropy is monotone-equivalent to classifier margin.,null,null,null,null,null,null,null,null,null,null,null,null
branin,optimized_iso_gpc,classifier_entropy,classifier_entropy,0,35,40,41,414,8.57629166632713,False,True,True,397,0.49872735650496036,0.9974547130099207,0.6931439413135168,Binary entropy is monotone-equivalent to classifier margin.,null,null,null,null,null,null,null,null,null,null,null,null
branin,optimized_iso_gpc,classifier_entropy,classifier_entropy,0,36,41,42,1185,6.828806371415965,False,True,True,1149,0.4999393978975005,0.999878795795001,0.6931471732147156,Binary entropy is monotone-equivalent to classifier margin.,null,null,null,null,null,null,null,null,null,null,null,null
branin,optimized_iso_gpc,classifier_entropy,classifier_entropy,0,37,42,43,87,88.88167690975145,False,False,False,80,0.49999999500227615,0.9999999900045523,0.6931471805599454,Binary entropy is monotone-equivalent to classifier margin.,null,null,null,null,null,null,null,null,null,null,null,null
branin,optimized_iso_gpc,classifier_entropy,classifier_entropy,0,38,43,44,931,6.56261526237423,False,True,True,902,0.500687547684957,0.9986249046300859,0.6931462351160091,Binary entropy is monotone-equivalent to classifier margin.,null,null,null,null,null,null,null,null,null,null,null,null
branin,optimized_iso_gpc,classifier_entropy,classifier_entropy,0,39,44,45,1371,4.205504136449576,True,True,True,1330,0.49960005696543386,0.9992001139308677,0.6931468606510494,Binary entropy is monotone-equivalent to classifier margin.,null,null,null,null,null,null,null,null,null,null,null,null
branin,optimized_iso_gpc,classifier_entropy,classifier_entropy,0,40,45,46,1228,3.1412124238806385,True,True,True,1189,0.500622196132346,0.9987556077353079,0.6931464063036913,Binary entropy is monotone-equivalent to classifier margin.,null,null,null,null,null,null,null,null,null,null,null,null
branin,optimized_iso_gpc,classifier_entropy,classifier_entropy,0,41,46,47,891,13.011101997058446,False,False,False,863,0.49831857215286224,0.9966371443057245,0.6931415261500776,Binary entropy is monotone-equivalent to classifier margin.,null,null,null,null,null,null,null,null,null,null,null,null
branin,optimized_iso_gpc,classifier_entropy,classifier_entropy,0,42,47,48,1282,0.20838817080886685,True,True,True,1240,0.5018179786739085,0.9963640426521829,0.6931405704524634,Binary entropy is monotone-equivalent to classifier margin.,null,null,null,null,null,null,null,null,null,null,null,null
branin,optimized_iso_gpc,classifier_entropy,classifier_entropy,0,43,48,49,43,153.87619822881635,False,False,False,36,0.4999999950010782,0.9999999900021564,0.6931471805599454,Binary entropy is monotone-equivalent to classifier margin.,null,null,null,null,null,null,null,null,null,null,null,null
branin,optimized_iso_gpc,classifier_entropy,classifier_entropy,0,44,49,50,1020,3.2149226462376888,True,True,True,987,0.5010575800325219,0.9978848399349562,0.6931449436072269,Binary entropy is monotone-equivalent to classifier margin.,null,null,null,null,null,null,null,null,null,null,null,null
branin,optimized_iso_gpc,classifier_gated_diversity,classifier_gated_diversity,0,1,6,7,780,33.9722571444673,False,False,False,775,0.49999999990177635,0.9999999998035527,0.6931471805599453,null,0.1,25,150,0.5,0,1.0,0.16268042364756027,0.0709296037872469,0.5354648018936234,null,null,null
branin,optimized_iso_gpc,classifier_gated_diversity,classifier_gated_diversity,0,2,7,8,13,110.69330734985172,False,False,False,13,0.49999999512007215,0.9999999902401443,0.6931471805599454,null,0.1,25,150,0.5,10,0.9992166958487143,0.5276936906690651,1.0,0.9996083479243572,null,null,null
branin,optimized_iso_gpc,classifier_gated_diversity,classifier_gated_diversity,0,3,8,9,301,59.30386453127717,False,False,False,297,0.49999999968131725,0.9999999993626345,0.6931471805599453,null,0.1,25,150,0.5,0,1.0,0.1629348321277237,0.09807256488140162,0.5490362824407008,null,null,null
branin,optimized_iso_gpc,classifier_gated_diversity,classifier_gated_diversity,0,4,9,10,134,4.519286021858228,True,True,True,132,0.5000302457168345,0.999939508566331,0.6931471787303385,null,0.1,25,150,0.5,4,0.9734124116120875,0.47883411724501607,1.0,0.9867062058060437,null,null,null
branin,optimized_iso_gpc,classifier_gated_diversity,classifier_gated_diversity,0,5,10,11,1159,257.19156557067254,False,False,False,1150,0.5728018653276195,0.8543962693447611,0.6825091811790267,null,0.1,25,149,0.5,0,1.0,0.3215613265560469,0.9478924573412992,0.9739462286706496,null,null,null
branin,optimized_iso_gpc,classifier_gated_diversity,classifier_gated_diversity,0,6,11,12,960,17.526282808764847,False,False,False,951,0.6226222132585519,0.7547555734828961,0.6627658211005176,null,0.1,25,149,0.5,0,1.0,0.22246215533032804,0.7937954212688522,0.896897710634426,null,null,null
branin,optimized_iso_gpc,classifier_gated_diversity,classifier_gated_diversity,0,7,12,13,406,20.71029293291095,False,False,False,400,0.4976419703084085,0.995283940616817,0.6931360599106695,null,0.1,25,149,0.5,25,0.859907539416081,0.3348466926419562,0.9941073368631204,0.9270074381396007,null,null,null
branin,optimized_iso_gpc,classifier_gated_diversity,classifier_gated_diversity,0,8,13,14,716,12.005851642396308,False,False,True,707,0.5012542102258566,0.9974915795482868,0.6931440344700648,null,0.1,25,149,0.5,4,0.9392529636913017,0.29522890933032203,0.9885537278845985,0.9639033457879501,null,null,null
branin,optimized_iso_gpc,classifier_gated_diversity,classifier_gated_diversity,0,9,14,15,85,74.65999466899446,False,False,False,83,0.5003269345923473,0.9993461308153053,0.6931469667874748,null,0.1,25,149,0.5,2,0.994499981328733,0.22513210177366574,0.9123574563449338,0.9534287188368333,null,null,null
branin,optimized_iso_gpc,classifier_gated_diversity,classifier_gated_diversity,0,10,15,16,1438,27.670459281389824,False,False,False,1424,0.5004656249358695,0.9990687501282609,0.6931467469467207,null,0.1,25,149,0.5,2,0.9891203335060486,0.18438053552163705,0.846723279958038,0.9179218067320433,null,null,null
branin,optimized_iso_gpc,classifier_gated_diversity,classifier_gated_diversity,0,11,16,17,776,4.689592638392785,True,True,True,765,0.4995989476397279,0.9991978952794558,0.6931468588739195,null,0.1,25,149,0.5,2,0.9908234440981164,0.21622432307820555,0.8863794897520327,0.9386014669250746,null,null,null
branin,optimized_iso_gpc,classifier_gated_diversity,classifier_gated_diversity,0,12,17,18,939,1.0071347683733194,True,True,True,926,0.5059723914482177,0.9880552171035646,0.6930758399442132,null,0.1,25,149,0.5,46,0.6674847067364347,0.23774028538497904,0.9842813759970218,0.8258830413667282,null,null,null
branin,optimized_iso_gpc,classifier_gated_diversity,classifier_gated_diversity,0,13,18,19,1369,31.1810320340227,False,False,False,1353,0.502129563833313,0.995740872333374,0.6931381104482827,null,0.1,25,149,0.5,12,0.8896546052913282,0.18497309115199345,0.8333605801045895,0.8615075926979588,null,null,null
branin,optimized_iso_gpc,classifier_gated_diversity,classifier_gated_diversity,0,14,19,20,895,4.440230335972714,True,True,True,882,0.5010359468052861,0.9979281063894279,0.6931450341868429,null,0.1,25,149,0.5,12,0.9584187077517659,0.20634600834286096,1.0,0.9792093538758829,null,null,null
branin,optimized_iso_gpc,classifier_gated_diversity,classifier_gated_diversity,0,15,20,21,896,14.013103183695705,False,False,False,882,0.4985405760358912,0.9970811520717824,0.6931429207172825,null,0.1,25,148,0.5,8,0.9412680133212994,0.16056005257690256,0.861760387502618,0.9015142004119587,null,null,null
branin,optimized_iso_gpc,classifier_gated_diversity,classifier_gated_diversity,0,16,21,22,1023,16.824090031540862,False,False,False,1006,0.49374026577534025,0.9874805315506805,0.6930688099674805,null,0.1,25,148,0.5,31,0.6831501397404734,0.18071745883373755,1.0,0.8415750698702367,null,null,null
branin,optimized_iso_gpc,classifier_gated_diversity,classifier_gated_diversity,0,17,22,23,1092,15.885559924360415,False,False,False,1074,0.4970588405885925,0.994117681177185,0.6931298796228043,null,0.1,25,148,0.5,15,0.879673831588514,0.14417125510335313,0.7823718153855709,0.8310228234870425,null,null,null
branin,optimized_iso_gpc,classifier_gated_diversity,classifier_gated_diversity,0,18,23,24,1342,15.302375150180211,False,False,False,1322,0.4964019610730146,0.9928039221460292,0.6931212885682392,null,0.1,25,148,0.5,14,0.8782538770061157,0.13440980522800278,0.7654589739088031,0.8218564254574594,null,null,null
branin,optimized_iso_gpc,classifier_gated_diversity,classifier_gated_diversity,0,19,24,25,1499,2.4274873629952793,True,True,True,1475,0.49882898961036215,0.9976579792207243,0.6931444380267728,null,0.1,25,148,0.5,4,0.9862330799652206,0.13532369085237125,0.8627609184208146,0.9244969991930176,null,null,null
branin,optimized_iso_gpc,classifier_gated_diversity,classifier_gated_diversity,0,20,25,26,368,16.388968211591774,False,False,False,361,0.5030783646835104,0.9938432706329792,0.6931282277819597,null,0.1,25,148,0.5,7,0.95699891861144,0.12670535684633397,0.8646749844168644,0.9108369515141522,null,null,null
branin,optimized_iso_gpc,classifier_gated_diversity,classifier_gated_diversity,0,21,26,27,938,14.757838216555117,False,False,False,922,0.4991210585786727,0.9982421171573455,0.6931456354831053,null,0.1,25,148,0.5,4,0.9663530912988498,0.13497893256252583,0.8742268343121254,0.9202899628054877,null,null,null
branin,optimized_iso_gpc,classifier_gated_diversity,classifier_gated_diversity,0,22,27,28,941,12.999766554965234,False,False,False,923,0.49753326067750603,0.9950665213550121,0.6931350109048081,null,0.1,25,148,0.5,3,0.9722298815998373,0.1293057862037511,0.8875042253985489,0.9298670534991931,null,null,null
branin,optimized_iso_gpc,classifier_gated_diversity,classifier_gated_diversity,0,23,28,29,563,13.686984938014433,False,False,False,554,0.5100158697280222,0.9799682605439557,0.6929465318468001,null,0.1,25,148,0.5,9,0.8897594202741721,0.11590431226715431,0.9161257674176068,0.9029425938458895,null,null,null
branin,optimized_iso_gpc,classifier_gated_diversity,classifier_gated_diversity,0,24,29,30,325,8.853002045333369,False,True,True,318,0.49711640673310864,0.9942328134662173,0.6931305502474983,null,0.1,25,148,0.5,1,0.978984008573915,0.09484505697729156,0.7095408711030277,0.8442624398384713,null,null,null
branin,optimized_iso_gpc,classifier_gated_diversity,classifier_gated_diversity,0,25,30,31,696,6.426952901157648,False,True,True,684,0.49851414515686576,0.9970282903137315,0.6931427650242166,null,0.1,25,147,0.5,2,0.9832837841794456,0.08170327193535888,0.603926823162932,0.7936053036711888,null,null,null
branin,optimized_iso_gpc,classifier_gated_diversity,classifier_gated_diversity,0,26,31,32,1260,170.62145775410877,False,False,False,1234,0.5100617729598689,0.9798764540802622,0.692944688341685,null,0.1,25,147,0.5,82,0.34824831562461195,0.2932472231067923,1.0,0.674124157812306,null,null,null
branin,optimized_iso_gpc,classifier_gated_diversity,classifier_gated_diversity,0,27,32,33,226,3.644382009993386,True,True,True,221,0.48345768209232887,0.9669153641846577,0.6925997841081777,null,0.1,25,147,0.5,23,0.7959688854070434,0.09787368123923286,1.0,0.8979844427035217,null,null,null
branin,optimized_iso_gpc,classifier_gated_diversity,classifier_gated_diversity,0,28,33,34,740,1.7404208649315862,True,True,True,724,0.5009008679917912,0.9981982640164175,0.6931455574327898,null,0.1,25,147,0.5,2,0.9935946952946391,0.07898306153766871,0.5788925410112803,0.7862436181529597,null,null,null
branin,optimized_iso_gpc,classifier_gated_diversity,classifier_gated_diversity,0,29,34,35,100,2.6615628617721896,True,True,True,97,0.49949212908986584,0.9989842581797317,0.6931466646941339,null,0.1,25,147,0.5,0,1.0,0.06343767031515965,0.472940333377978,0.736470166688989,null,null,null
branin,optimized_iso_gpc,classifier_gated_diversity,classifier_gated_diversity,0,30,35,36,984,10.64576464876334,False,False,True,958,0.502643491760173,0.994713016479654,0.693133204397462,null,0.1,25,147,0.5,4,0.969823691814049,0.060388709734237885,0.4608417523401023,0.7153327220770757,null,null,null
branin,optimized_iso_gpc,classifier_gated_diversity,classifier_gated_diversity,0,31,36,37,105,4.521249870605679,True,True,True,101,0.5004199350090496,0.9991601299819008,0.6931468278690802,null,0.1,25,147,0.5,1,0.9955206830412685,0.08152328532815932,0.7429616875489083,0.8692411852950884,null,null,null
branin,optimized_iso_gpc,classifier_gated_diversity,classifier_gated_diversity,0,32,37,38,243,14.70943798477843,False,False,False,234,0.49009513456059395,0.9801902691211879,0.6929509550060413,null,0.1,25,147,0.5,11,0.914859610962651,0.07154823890616624,0.6367762637804423,0.7758179373715466,null,null,null
branin,optimized_iso_gpc,classifier_gated_diversity,classifier_gated_diversity,0,33,38,39,306,7.8934170695171275,False,True,True,295,0.49922983219421835,0.9984596643884367,0.6931459942425781,null,0.1,25,147,0.5,1,0.9986112913742986,0.05510034690715914,0.5026091139880454,0.7506102026811721,null,null,null
branin,optimized_iso_gpc,classifier_gated_diversity,classifier_gated_diversity,0,34,39,40,466,9.726294287852419,False,False,True,451,0.4996860533744699,0.9993721067489398,0.6931469834349651,null,0.1,25,147,0.5,1,0.9970865025078292,0.05433867610546684,0.4274321311522392,0.7122593168300342,null,null,null
branin,optimized_iso_gpc,classifier_gated_diversity,classifier_gated_diversity,0,35,40,41,874,0.6824696268263004,True,True,True,850,0.5025677945800489,0.9948644108399023,0.6931339933639672,null,0.1,25,146,0.5,3,0.9806324053045858,0.052844559165957906,0.4152806680477558,0.6979565366761709,null,null,null
branin,optimized_iso_gpc,classifier_gated_diversity,classifier_gated_diversity,0,36,41,42,821,1.7815298745464467,True,True,True,797,0.5007713765721147,0.9984572468557706,0.6931459905158412,null,0.1,25,146,0.5,0,1.0,0.0499885177898371,0.39205284665767354,0.6960264233288368,null,null,null
branin,optimized_iso_gpc,classifier_gated_diversity,classifier_gated_diversity,0,37,42,43,1239,4.482517653336224,True,True,True,1203,0.4926767832800074,0.9853535665600148,0.6930399177185288,null,0.1,25,146,0.5,10,0.9341205630116548,0.06533162163264648,0.5168363594631924,0.7254784612374237,null,null,null
branin,optimized_iso_gpc,classifier_gated_diversity,classifier_gated_diversity,0,38,43,44,779,13.809501890482059,False,False,False,756,0.4894141422964182,0.9788282845928364,0.6929230430469289,null,0.1,25,146,0.5,11,0.8886547926000228,0.0661743829587535,0.5236904301783271,0.7061726113891749,null,null,null
branin,optimized_iso_gpc,classifier_gated_diversity,classifier_gated_diversity,0,39,44,45,912,19.902880073050028,False,False,False,883,0.4599967321419598,0.9199934642839196,0.6899432344598859,null,0.1,25,146,0.5,48,0.6217942507768759,0.0903316250174029,0.720158208448903,0.6709762296128894,null,null,null
branin,optimized_iso_gpc,classifier_gated_diversity,classifier_gated_diversity,0,40,45,46,1491,1.372230449540087,True,True,True,1448,0.5129688636385659,0.9740622727228683,0.6928107599838333,null,0.1,25,146,0.5,22,0.8796715061932873,0.06516550406225316,0.515485346383651,0.6975784262884691,null,null,null
branin,optimized_iso_gpc,classifier_gated_diversity,classifier_gated_diversity,0,41,46,47,145,0.06885492972962837,True,True,True,139,0.49575371360038556,0.9915074272007711,0.6931111182300709,null,0.1,25,146,0.5,4,0.9609098961581376,0.07229239105009655,0.9288194911423578,0.9448646936502477,null,null,null
branin,optimized_iso_gpc,classifier_gated_diversity,classifier_gated_diversity,0,42,47,48,690,0.5074513728152148,True,True,True,671,0.5002946419164539,0.9994107161670922,0.6931470069322174,null,0.1,25,146,0.5,1,0.9992989513558087,0.044272873260778944,0.34556823639951023,0.6724335938776594,null,null,null
branin,optimized_iso_gpc,classifier_gated_diversity,classifier_gated_diversity,0,43,48,49,553,6.7942040476058665,False,True,True,536,0.4915321340582892,0.9830642681165784,0.6930037641965162,null,0.1,25,146,0.5,8,0.9192212069385591,0.07035589283619409,0.5576981183673467,0.7384596626529529,null,null,null
branin,optimized_iso_gpc,classifier_gated_diversity,classifier_gated_diversity,0,44,49,50,730,20.05220170808318,False,False,False,706,0.5020338241889686,0.9959323516220628,0.6931389076554684,null,0.1,25,146,0.5,1,0.9944319613413651,0.09795958196794369,0.9989365315437205,0.9966842464425428,null,null,null
branin,optimized_iso_gpc,classifier_uncertainty_repulsion,classifier_uncertainty_repulsion,0,1,6,7,780,33.9722571444673,False,False,False,775,0.49999999990177635,0.9999999998035527,0.6931471805599453,null,0.1,25,150,null,0,1.0,null,null,0.44462367869822095,0.15,0.16268042364756027,0.44462367869822095
branin,optimized_iso_gpc,classifier_uncertainty_repulsion,classifier_uncertainty_repulsion,0,2,7,8,13,110.69330734985172,False,False,False,13,0.49999999512007215,0.9999999902401443,0.6931471805599454,null,0.1,25,150,null,10,0.9992166958487143,null,null,0.9971644029773058,0.15,0.5276936906690651,0.9979460982988626
branin,optimized_iso_gpc,classifier_uncertainty_repulsion,classifier_uncertainty_repulsion,0,3,8,9,301,59.30386453127717,False,False,False,297,0.49999999968131725,0.9999999993626345,0.6931471805599453,null,0.1,25,150,null,0,1.0,null,null,0.4456451154839661,0.15,0.1629348321277237,0.4456451154839661
branin,optimized_iso_gpc,classifier_uncertainty_repulsion,classifier_uncertainty_repulsion,0,4,9,10,388,22.244782674688423,False,False,False,383,0.5000009677094265,0.999998064581147,0.6931471805580725,null,0.1,25,150,null,0,1.0,null,null,0.9816070439699597,0.15,0.42404060896249535,0.9816070439699597
branin,optimized_iso_gpc,classifier_uncertainty_repulsion,classifier_uncertainty_repulsion,0,5,10,11,436,47.3094063373465,False,False,False,430,0.5000165564280733,0.9999668871438534,0.6931471800117147,null,0.1,25,149,null,1,0.9969534546383222,null,null,0.9455903921047598,0.15,0.3653222082923899,0.9484799793866043
branin,optimized_iso_gpc,classifier_uncertainty_repulsion,classifier_uncertainty_repulsion,0,6,11,12,575,1.4999240127947004,True,True,True,568,0.4999999995712248,0.9999999991424496,0.6931471805599453,null,0.1,25,149,null,2,0.9921176593892969,null,null,0.4426556961816597,0.15,0.16306623531926037,0.4461725804317793
branin,optimized_iso_gpc,classifier_uncertainty_repulsion,classifier_uncertainty_repulsion,0,7,12,13,406,20.71029293291095,False,False,False,400,0.4996817591602265,0.999363518320453,0.6931469780054675,null,0.1,25,149,null,19,0.8592866889484947,null,null,0.7881576427973618,0.15,0.3348466926419562,0.9172231490770871
branin,optimized_iso_gpc,classifier_uncertainty_repulsion,classifier_uncertainty_repulsion,0,8,13,14,646,20.237631716983017,False,False,False,636,0.49970508120028834,0.9994101624005767,0.6931470066057384,null,0.1,25,149,null,11,0.8955606371018615,null,null,0.7081301334851248,0.15,0.26529583701369963,0.7907115433039982
branin,optimized_iso_gpc,classifier_uncertainty_repulsion,classifier_uncertainty_repulsion,0,9,14,15,939,1.0071347683733194,True,True,True,926,0.5002385892882153,0.9995228214235694,0.6931470667102441,null,0.1,25,149,null,15,0.9031850575094662,null,null,0.6459686925307749,0.15,0.23774028538497904,0.7152118905864479
branin,optimized_iso_gpc,classifier_uncertainty_repulsion,classifier_uncertainty_repulsion,0,10,15,16,158,0.6727797259721982,True,True,True,156,0.5000483639303185,0.999903272139363,0.6931471758818057,null,0.1,25,149,null,0,1.0,null,null,0.48475959983473704,0.15,0.17274396107102666,0.48475959983473704
branin,optimized_iso_gpc,classifier_uncertainty_repulsion,classifier_uncertainty_repulsion,0,11,16,17,926,8.045260055800021,False,True,True,912,0.500224467445548,0.9995510651089039,0.6931470797886736,null,0.1,25,149,null,6,0.9679042730871643,null,null,0.5534878002288045,0.15,0.1953759932456711,0.5718414678173038
branin,optimized_iso_gpc,classifier_uncertainty_repulsion,classifier_uncertainty_repulsion,0,12,17,18,589,11.523176253687978,False,False,True,579,0.49938835854236574,0.9987767170847315,0.6931464323492134,null,0.1,25,149,null,18,0.9021731162860629,null,null,0.5350654775831426,0.15,0.20115121119049126,0.5930851495396178
branin,optimized_iso_gpc,classifier_uncertainty_repulsion,classifier_uncertainty_repulsion,0,13,18,19,960,17.526282808764847,False,False,False,943,0.4999765693336043,0.9999531386672086,0.693147179461953,null,0.1,25,149,null,0,1.0,null,null,0.655559350093083,0.15,0.21900343993826699,0.655559350093083
branin,optimized_iso_gpc,classifier_uncertainty_repulsion,classifier_uncertainty_repulsion,0,14,19,20,654,69.07642777259213,False,False,False,641,0.4974316543093451,0.9948633086186902,0.6931339877027547,null,0.1,25,149,null,23,0.8340364658914574,null,null,0.43511514173998,0.15,0.18217596158338276,0.5216979826834172
branin,optimized_iso_gpc,classifier_uncertainty_repulsion,classifier_uncertainty_repulsion,0,15,20,21,411,2.1030660162683503,True,True,True,403,0.4986580019350053,0.9973160038700106,0.6931435786380078,null,0.1,25,148,null,5,0.9574158566911461,null,null,0.3827872893839155,0.15,0.15156889179778407,0.3998129827375517
branin,optimized_iso_gpc,classifier_uncertainty_repulsion,classifier_uncertainty_repulsion,0,16,21,22,558,16.081749868535937,False,False,False,548,0.4999582708382436,0.9999165416764872,0.6931471770772994,null,0.1,25,148,null,0,1.0,null,null,0.46275481084114023,0.15,0.16720804829200167,0.46275481084114023
branin,optimized_iso_gpc,classifier_uncertainty_repulsion,classifier_uncertainty_repulsion,0,17,22,23,951,16.953671292359076,False,False,False,931,0.4990941881244826,0.9981883762489652,0.69314553956874,null,0.1,25,148,null,4,0.9450299480039692,null,null,0.32792960277690464,0.15,0.13848582525374592,0.3470044557524724
branin,optimized_iso_gpc,classifier_uncertainty_repulsion,classifier_uncertainty_repulsion,0,18,23,24,1220,8.732389860540799,False,True,True,1198,0.5010734099202301,0.9978531801595398,0.6931448761404615,null,0.1,25,148,null,12,0.9308939383255826,null,null,0.2711805211880985,0.15,0.1244800871216611,0.2913119422346613
branin,optimized_iso_gpc,classifier_uncertainty_repulsion,classifier_uncertainty_repulsion,0,19,24,25,671,16.38338556409377,False,False,False,655,0.50208834971213,0.99582330057574,0.6931384581255446,null,0.1,25,148,null,7,0.9746726238212092,null,null,0.3132818227442964,0.15,0.13209486681791754,0.3214226142066793
branin,optimized_iso_gpc,classifier_uncertainty_repulsion,classifier_uncertainty_repulsion,0,20,25,26,367,15.456562925433724,False,False,False,361,0.5006216925041618,0.9987566149916765,0.6931464075566067,null,0.1,25,148,null,6,0.9910281666022827,null,null,0.28087728072463636,0.15,0.12246202354273664,0.28342007845005823
branin,optimized_iso_gpc,classifier_uncertainty_repulsion,classifier_uncertainty_repulsion,0,21,26,27,108,8.750957903647958,False,True,True,106,0.5009902385151515,0.9980195229696971,0.6931452194140295,null,0.1,25,148,null,13,0.9062830786552609,null,null,0.23848208574652843,0.15,0.11722315099323503,0.2631430414660143
branin,optimized_iso_gpc,classifier_uncertainty_repulsion,classifier_uncertainty_repulsion,0,22,27,28,1345,24.248375666708384,False,False,False,1319,0.49750827959371247,0.9950165591874249,0.6931347631673819,null,0.1,25,148,null,14,0.9694272164802393,null,null,0.2777379486123709,0.15,0.12325009550661362,0.28649695809116194
branin,optimized_iso_gpc,classifier_uncertainty_repulsion,classifier_uncertainty_repulsion,0,23,28,29,21,14.977803341954676,False,False,False,20,0.49925677238621646,0.9985135447724329,0.6931460757849667,null,0.1,25,148,null,10,0.9202585957592,null,null,0.18734889075146943,0.15,0.10120992632040901,0.20358287509057094
branin,optimized_iso_gpc,classifier_uncertainty_repulsion,classifier_uncertainty_repulsion,0,24,29,30,932,6.583341679710081,False,True,True,909,0.4926632934772144,0.9853265869544288,0.693039522171244,null,0.1,25,148,null,7,0.9167001943040733,null,null,0.24002265588597477,0.15,0.11688179164471985,0.2618333206181892
branin,optimized_iso_gpc,classifier_uncertainty_repulsion,classifier_uncertainty_repulsion,0,25,30,31,749,12.438051168629137,False,False,False,728,0.48400923556155107,0.9680184711231021,0.6926356842498521,null,0.1,25,147,null,22,0.8345314510018844,null,null,0.2107211402890904,0.15,0.11443812479485115,0.2525023353357291
branin,optimized_iso_gpc,classifier_uncertainty_repulsion,classifier_uncertainty_repulsion,0,26,31,32,943,5.462319879293112,False,True,True,917,0.4956346381755239,0.9912692763510478,0.693109067308019,null,0.1,25,147,null,4,0.9491480168168189,null,null,0.1637864934424447,0.15,0.09232511739489965,0.17256159264994253
branin,optimized_iso_gpc,classifier_uncertainty_repulsion,classifier_uncertainty_repulsion,0,27,32,33,390,18.635081977028435,False,False,False,380,0.51706018231733,0.96587963536534,0.6925649679192503,null,0.1,25,147,null,21,0.8157277127195285,null,null,0.16103084789249647,0.15,0.0994780022052658,0.19740759739011549
branin,optimized_iso_gpc,classifier_uncertainty_repulsion,classifier_uncertainty_repulsion,0,28,33,34,226,3.644382009993386,True,True,True,220,0.495267401311553,0.990534802623106,0.6931023849103661,null,0.1,25,147,null,7,0.9543264120964501,null,null,0.15414426456780045,0.15,0.08903643637085329,0.16152153247983425
branin,optimized_iso_gpc,classifier_uncertainty_repulsion,classifier_uncertainty_repulsion,0,29,34,35,972,7.876572698042054,False,True,True,941,0.4999445496886246,0.9998890993772492,0.6931471744104712,null,0.1,25,147,null,0,1.0,null,null,0.17544793426365612,0.15,0.0931728210512268,0.17544793426365612
branin,optimized_iso_gpc,classifier_uncertainty_repulsion,classifier_uncertainty_repulsion,0,30,35,36,306,7.8934170695171275,False,True,True,297,0.4939891396289493,0.9879782792578986,0.693074917934499,null,0.1,25,147,null,5,0.9510635644200501,null,null,0.13365792809461643,0.15,0.08255328279430892,0.14053522087781778
branin,optimized_iso_gpc,classifier_uncertainty_repulsion,classifier_uncertainty_repulsion,0,31,36,37,1469,4.803077991583223,True,True,True,1434,0.5080850535826649,0.9838298928346703,0.6930164386791637,null,0.1,25,147,null,8,0.9261557132639262,null,null,0.13859203233927025,0.15,0.08540735646299992,0.1496422581585649
branin,optimized_iso_gpc,classifier_uncertainty_repulsion,classifier_uncertainty_repulsion,0,32,37,38,425,32.53602399684817,False,False,False,410,0.4799458523909834,0.9598917047819668,0.6923426270953803,null,0.1,25,147,null,45,0.7540209663043791,null,null,0.22042499215717673,0.15,0.12474035074399908,0.2923327095764029
branin,optimized_iso_gpc,classifier_uncertainty_repulsion,classifier_uncertainty_repulsion,0,33,38,39,482,21.499727724285336,False,False,False,465,0.4816848651456809,0.9633697302913617,0.6924761421195171,null,0.1,25,147,null,34,0.745866214216605,null,null,0.20235930614593958,0.15,0.11934266772933573,0.2713077791819284
branin,optimized_iso_gpc,classifier_uncertainty_repulsion,classifier_uncertainty_repulsion,0,34,39,40,1014,8.574211655852153,False,True,True,979,0.488127102906855,0.97625420581371,0.6928652226880996,null,0.1,25,147,null,14,0.8674466755364496,null,null,0.10466932161757236,0.15,0.07606874195825868,0.12066369561315382
branin,optimized_iso_gpc,classifier_uncertainty_repulsion,classifier_uncertainty_repulsion,0,35,40,41,1137,0.7282865789382811,True,True,True,1101,0.5136380804384579,0.9727238391230841,0.6927751399434909,null,0.1,25,146,null,23,0.8545359616879892,null,null,0.0828640175096428,0.15,0.06774922981865061,0.09696960833100476
branin,optimized_iso_gpc,classifier_uncertainty_repulsion,classifier_uncertainty_repulsion,0,36,41,42,1260,170.62145775410877,False,False,False,1222,0.5010144501030185,0.997971099793963,0.6931451223405102,null,0.1,25,146,null,36,0.6846072141792183,null,null,0.5833292400129103,0.15,0.2932472231067923,0.8520641149133505
branin,optimized_iso_gpc,classifier_uncertainty_repulsion,classifier_uncertainty_repulsion,0,37,42,43,414,8.57629166632713,False,True,True,399,0.48638919454459284,0.9727783890891857,0.6927766267373485,null,0.1,25,146,null,27,0.8372253609708113,null,null,0.08886064277917455,0.15,0.07105721257384169,0.10613706526536115
branin,optimized_iso_gpc,classifier_uncertainty_repulsion,classifier_uncertainty_repulsion,0,38,43,44,782,6.555865840254754,False,True,True,753,0.5030014213225682,0.9939971573548636,0.6931291633918277,null,0.1,25,146,null,5,0.968670529345938,null,null,0.07486790556279159,0.15,0.06016461333030806,0.07728933966159124
branin,optimized_iso_gpc,classifier_uncertainty_repulsion,classifier_uncertainty_repulsion,0,39,44,45,990,4.001849509788741,True,True,True,953,0.4573450974894797,0.9146901949789594,0.6895038724248445,null,0.1,25,146,null,61,0.5475503023214322,null,null,0.07048464760544361,0.15,0.07874648892995717,0.12872725538934415
branin,optimized_iso_gpc,classifier_uncertainty_repulsion,classifier_uncertainty_repulsion,0,40,45,46,466,9.726294287852419,False,False,True,448,0.49170827271794515,0.9834165454358903,0.693009668774026,null,0.1,25,146,null,20,0.9158718549161088,null,null,0.07787336188392903,0.15,0.06323533058676524,0.08502648210656283
branin,optimized_iso_gpc,classifier_uncertainty_repulsion,classifier_uncertainty_repulsion,0,41,46,47,1025,1.0529729738778109,True,True,True,985,0.4999384271061414,0.9998768542122828,0.6931471729775027,null,0.1,25,146,null,0,1.0,null,null,0.07042720031592975,0.15,0.057326755618868235,0.07042720031592975
branin,optimized_iso_gpc,classifier_uncertainty_repulsion,classifier_uncertainty_repulsion,0,42,47,48,904,19.435997174914547,False,False,False,873,0.4985938060916637,0.9971876121833274,0.6931432257921162,null,0.1,25,146,null,3,0.9893943399129249,null,null,0.09066409146447295,0.15,0.06576436776681012,0.09163595121481305
branin,optimized_iso_gpc,classifier_uncertainty_repulsion,classifier_uncertainty_repulsion,0,43,48,49,215,8.765144794077798,False,True,True,209,0.5243950338072452,0.9512099323855097,0.6919564725407534,null,0.1,25,146,null,34,0.751909664093061,null,null,0.07283558762422304,0.15,0.06771165854396927,0.09686747105727911
branin,optimized_iso_gpc,classifier_uncertainty_repulsion,classifier_uncertainty_repulsion,0,44,49,50,62,3.69728829094565,True,True,True,59,0.46918626721050316,0.9383725344210063,0.6912470044413985,null,0.1,25,146,null,38,0.7065898977831799,null,null,0.06586951676118605,0.15,0.06635946401003259,0.0932217074824333
branin,optimized_ard_gpc,random,random,0,1,6,7,1273,2.6369432861079787,True,True,True,1268,0.4999948313051408,0.9999896626102815,0.6931471805065146,null,null,null,null,null,null,null,null,null,null,null,null,null
branin,optimized_ard_gpc,random,random,0,2,7,8,260,8.16069735687153,False,True,True,257,0.44427625632387446,0.8885525126477489,0.6869239892196953,null,null,null,null,null,null,null,null,null,null,null,null,null
branin,optimized_ard_gpc,random,random,0,3,8,9,461,11.356848191625026,False,False,True,457,0.4352570465795793,0.8705140931591586,0.6847402954118904,null,null,null,null,null,null,null,null,null,null,null,null,null
branin,optimized_ard_gpc,random,random,0,4,9,10,1468,58.34071743702734,False,False,False,1460,0.5076041462772629,0.9847917074454742,0.6930315300203155,null,null,null,null,null,null,null,null,null,null,null,null,null
branin,optimized_ard_gpc,random,random,0,5,10,11,1013,93.71371188035667,False,False,False,1006,0.5188016607926471,0.9623966784147058,0.6924400089498687,null,null,null,null,null,null,null,null,null,null,null,null,null
branin,optimized_ard_gpc,random,random,0,6,11,12,622,14.964210775162144,False,False,False,616,0.37464960093532795,0.7492992018706559,0.6613839833749324,null,null,null,null,null,null,null,null,null,null,null,null,null
branin,optimized_ard_gpc,random,random,0,7,12,13,322,33.02671372038083,False,False,False,318,0.46353647269320675,0.9270729453864135,0.6904856408087462,null,null,null,null,null,null,null,null,null,null,null,null,null
branin,optimized_ard_gpc,random,random,0,8,13,14,951,16.953671292359076,False,False,False,942,0.5774804016132862,0.8450391967734276,0.6810922363076783,null,null,null,null,null,null,null,null,null,null,null,null,null
branin,optimized_ard_gpc,random,random,0,9,14,15,1389,132.9110153749991,False,False,False,1377,0.6888884379090996,0.6222231241818008,0.6199871604081937,null,null,null,null,null,null,null,null,null,null,null,null,null
branin,optimized_ard_gpc,random,random,0,10,15,16,986,3.6286142727214354,True,True,True,976,0.4269087645437537,0.8538175290875074,0.6824241401421486,null,null,null,null,null,null,null,null,null,null,null,null,null
branin,optimized_ard_gpc,random,random,0,11,16,17,1193,7.588292192340283,False,True,True,1181,0.14799326342233599,0.29598652684467197,0.4192123498944238,null,null,null,null,null,null,null,null,null,null,null,null,null
branin,optimized_ard_gpc,random,random,0,12,17,18,2,141.82500932598583,False,False,False,2,0.629867760393779,0.740264479212442,0.6590260233164557,null,null,null,null,null,null,null,null,null,null,null,null,null
branin,optimized_ard_gpc,random,random,0,13,18,19,1397,6.038028113372121,False,True,True,1381,0.40215803975249287,0.8043160795049857,0.6738769802446258,null,null,null,null,null,null,null,null,null,null,null,null,null
branin,optimized_ard_gpc,random,random,0,14,19,20,591,9.156682724620786,False,False,True,584,0.4132459904345467,0.8264919808690934,0.6780182136912257,null,null,null,null,null,null,null,null,null,null,null,null,null
branin,optimized_ard_gpc,random,random,0,15,20,21,658,18.416052666266186,False,False,False,648,0.3025061116449024,0.6050122232898048,0.6129727949539903,null,null,null,null,null,null,null,null,null,null,null,null,null
branin,optimized_ard_gpc,random,random,0,16,21,22,1259,7.732855442165601,False,True,True,1243,0.5830695392388066,0.8338609215223869,0.6792818822380753,null,null,null,null,null,null,null,null,null,null,null,null,null
branin,optimized_ard_gpc,random,random,0,17,22,23,539,8.70520962114172,False,True,True,532,0.46340602437598477,0.9268120487519695,0.6904665463319017,null,null,null,null,null,null,null,null,null,null,null,null,null
branin,optimized_ard_gpc,random,random,0,18,23,24,1217,26.45136652294817,False,False,False,1200,0.3841843308965167,0.7683686617930334,0.6660754530294173,null,null,null,null,null,null,null,null,null,null,null,null,null
branin,optimized_ard_gpc,random,random,0,19,24,25,602,25.28400007001605,False,False,False,592,0.8291940264097093,0.3416119471805814,0.4571618877212151,null,null,null,null,null,null,null,null,null,null,null,null,null
branin,optimized_ard_gpc,random,random,0,20,25,26,316,158.02069602063895,False,False,False,311,0.8095588427109988,0.3808823145780025,0.48686201530105955,null,null,null,null,null,null,null,null,null,null,null,null,null
branin,optimized_ard_gpc,random,random,0,21,26,27,625,30.525340418948105,False,False,False,612,0.7922941549143161,0.4154116901713678,0.5109011813944936,null,null,null,null,null,null,null,null,null,null,null,null,null
branin,optimized_ard_gpc,random,random,0,22,27,28,495,5.725639305720094,False,True,True,487,0.557928954736397,0.8841420905272059,0.6864205568959314,null,null,null,null,null,null,null,null,null,null,null,null,null
branin,optimized_ard_gpc,random,random,0,23,28,29,479,0.27993239899810973,True,True,True,471,0.6871082933827779,0.6257834132344442,0.6213948615190712,null,null,null,null,null,null,null,null,null,null,null,null,null
branin,optimized_ard_gpc,random,random,0,24,29,30,485,18.146456168847124,False,False,False,476,0.19204146739809858,0.38408293479619715,0.48916961014238813,null,null,null,null,null,null,null,null,null,null,null,null,null
branin,optimized_ard_gpc,random,random,0,25,30,31,48,17.86775148322078,False,False,False,46,0.39514645807878424,0.7902929161575685,0.6709945811920925,null,null,null,null,null,null,null,null,null,null,null,null,null
branin,optimized_ard_gpc,random,random,0,26,31,32,1332,76.46728004444067,False,False,False,1305,0.8814049224682776,0.23719015506344476,0.36411640400179557,null,null,null,null,null,null,null,null,null,null,null,null,null
branin,optimized_ard_gpc,random,random,0,27,32,33,154,22.11604876807511,False,False,False,151,0.2796608435256758,0.5593216870513515,0.5926327118221394,null,null,null,null,null,null,null,null,null,null,null,null,null
branin,optimized_ard_gpc,random,random,0,28,33,34,552,5.892519082529269,False,True,True,538,0.22006262726119985,0.4401252545223997,0.5269872152224678,null,null,null,null,null,null,null,null,null,null,null,null,null
branin,optimized_ard_gpc,random,random,0,29,34,35,1213,33.781181360753564,False,False,False,1187,0.9039072103937542,0.19218557921249158,0.3164121401602477,null,null,null,null,null,null,null,null,null,null,null,null,null
branin,optimized_ard_gpc,random,random,0,30,35,36,681,18.293930786559635,False,False,False,660,0.7149945555372028,0.5700108889255944,0.5976188522873667,null,null,null,null,null,null,null,null,null,null,null,null,null
branin,optimized_ard_gpc,random,random,0,31,36,37,370,12.517259762894195,False,False,False,361,0.13135269473195876,0.2627053894639175,0.38895005770201985,null,null,null,null,null,null,null,null,null,null,null,null,null
branin,optimized_ard_gpc,random,random,0,32,37,38,692,155.17890004305295,False,False,False,669,0.7294298683049192,0.5411402633901616,0.583825081766778,null,null,null,null,null,null,null,null,null,null,null,null,null
branin,optimized_ard_gpc,random,random,0,33,38,39,362,25.36994880037181,False,False,False,353,0.13982282374604438,0.27964564749208876,0.40464172837867474,null,null,null,null,null,null,null,null,null,null,null,null,null
branin,optimized_ard_gpc,random,random,0,34,39,40,431,26.537702811181568,False,False,False,420,0.12796311693898588,0.25592623387797175,0.382496251746197,null,null,null,null,null,null,null,null,null,null,null,null,null
branin,optimized_ard_gpc,random,random,0,35,40,41,877,9.805786199970473,False,False,True,850,0.1721802312551972,0.3443604625103944,0.45932645991085874,null,null,null,null,null,null,null,null,null,null,null,null,null
branin,optimized_ard_gpc,random,random,0,36,41,42,802,23.06410404080522,False,False,False,775,0.631740266696454,0.736519466607092,0.6580229810659427,null,null,null,null,null,null,null,null,null,null,null,null,null
branin,optimized_ard_gpc,random,random,0,37,42,43,1004,6.638436818724241,False,True,True,973,0.24678468237243578,0.49356936474487156,0.5587751090594457,null,null,null,null,null,null,null,null,null,null,null,null,null
branin,optimized_ard_gpc,random,random,0,38,43,44,756,73.5912266725218,False,False,False,729,0.794379832976233,0.4112403340475339,0.5080956053293942,null,null,null,null,null,null,null,null,null,null,null,null,null
branin,optimized_ard_gpc,random,random,0,39,44,45,924,28.10665057446689,False,False,False,894,0.18440257642441793,0.36880515284883586,0.4780040754960383,null,null,null,null,null,null,null,null,null,null,null,null,null
branin,optimized_ard_gpc,random,random,0,40,45,46,626,10.165794649834492,False,False,True,603,0.14272043130688417,0.28544086261376833,0.4098712877356869,null,null,null,null,null,null,null,null,null,null,null,null,null
branin,optimized_ard_gpc,random,random,0,41,46,47,9,10.469363435353653,False,False,True,8,0.131606336234654,0.263212672469308,0.3894289177063902,null,null,null,null,null,null,null,null,null,null,null,null,null
branin,optimized_ard_gpc,random,random,0,42,47,48,1435,5.420135101307526,False,True,True,1390,0.11659928512085571,0.23319857024171142,0.36009409319004404,null,null,null,null,null,null,null,null,null,null,null,null,null
branin,optimized_ard_gpc,random,random,0,43,48,49,1070,2.5154447752461024,True,True,True,1033,0.4762077280456296,0.9524154560912592,0.6920146085126853,null,null,null,null,null,null,null,null,null,null,null,null,null
branin,optimized_ard_gpc,random,random,0,44,49,50,859,101.92611117307393,False,False,False,828,0.9266590675231328,0.14668186495373448,0.26219640479038475,null,null,null,null,null,null,null,null,null,null,null,null,null
branin,optimized_ard_gpc,classifier_margin,classifier_margin,0,1,6,7,780,33.9722571444673,False,False,False,775,0.49999999990177635,0.9999999998035527,0.6931471805599453,null,null,null,null,null,null,null,null,null,null,null,null,null
branin,optimized_ard_gpc,classifier_margin,classifier_margin,0,2,7,8,301,59.30386453127717,False,False,False,298,0.49999999968131725,0.9999999993626345,0.6931471805599453,null,null,null,null,null,null,null,null,null,null,null,null,null
branin,optimized_ard_gpc,classifier_margin,classifier_margin,0,3,8,9,460,24.579100582615467,False,False,False,456,0.5000019862404339,0.9999960275191322,0.693147180552055,null,null,null,null,null,null,null,null,null,null,null,null,null
branin,optimized_ard_gpc,classifier_margin,classifier_margin,0,4,9,10,1031,20.599346031915587,False,False,False,1023,0.5000168389996911,0.9999663220006179,0.6931471799928415,null,null,null,null,null,null,null,null,null,null,null,null,null
branin,optimized_ard_gpc,classifier_margin,classifier_margin,0,5,10,11,861,6.995384903233699,False,True,True,853,0.49997725669541226,0.9999545133908245,0.6931471795254296,null,null,null,null,null,null,null,null,null,null,null,null,null
branin,optimized_ard_gpc,classifier_margin,classifier_margin,0,6,11,12,1019,7.417005098306792,False,True,True,1010,0.49999107458633163,0.9999821491726633,0.6931471804006193,null,null,null,null,null,null,null,null,null,null,null,null,null
branin,optimized_ard_gpc,classifier_margin,classifier_margin,0,7,12,13,323,8.25427818172561,False,True,True,319,0.500087640770673,0.999824718458654,0.6931471651981358,null,null,null,null,null,null,null,null,null,null,null,null,null
branin,optimized_ard_gpc,classifier_margin,classifier_margin,0,8,13,14,668,13.899945308711958,False,False,False,661,0.4999242243225303,0.9998484486450606,0.6931471690760387,null,null,null,null,null,null,null,null,null,null,null,null,null
branin,optimized_ard_gpc,classifier_margin,classifier_margin,0,9,14,15,941,12.999766554965234,False,False,False,930,0.4999332021073908,0.9998664042147816,0.6931471716360285,null,null,null,null,null,null,null,null,null,null,null,null,null
branin,optimized_ard_gpc,classifier_margin,classifier_margin,0,10,15,16,113,26.3283051997793,False,False,False,112,0.4996234344083914,0.9992468688167828,0.693146896956629,null,null,null,null,null,null,null,null,null,null,null,null,null
branin,optimized_ard_gpc,classifier_margin,classifier_margin,0,11,16,17,439,17.885250374657474,False,False,False,433,0.5000785952011632,0.9998428095976737,0.6931471682055339,null,null,null,null,null,null,null,null,null,null,null,null,null
branin,optimized_ard_gpc,classifier_margin,classifier_margin,0,12,17,18,1238,0.9200971646010423,True,True,True,1222,0.49974291547104055,0.9994858309420811,0.6931470483750295,null,null,null,null,null,null,null,null,null,null,null,null,null
branin,optimized_ard_gpc,classifier_margin,classifier_margin,0,13,18,19,141,0.7419119727541457,True,True,True,139,0.4999276782301658,0.9998553564603316,0.6931471700990686,null,null,null,null,null,null,null,null,null,null,null,null,null
branin,optimized_ard_gpc,classifier_margin,classifier_margin,0,14,19,20,942,0.8067879843526384,True,True,True,927,0.5003223111889659,0.9993553776220683,0.6931469727909259,null,null,null,null,null,null,null,null,null,null,null,null,null
branin,optimized_ard_gpc,classifier_margin,classifier_margin,0,15,20,21,770,18.37175035522857,False,False,False,758,0.49947483576709373,0.9989496715341875,0.6931466289649009,null,null,null,null,null,null,null,null,null,null,null,null,null
branin,optimized_ard_gpc,classifier_margin,classifier_margin,0,16,21,22,257,17.13466500759828,False,False,False,252,0.4994606591937396,0.9989213183874792,0.693146598782822,null,null,null,null,null,null,null,null,null,null,null,null,null
branin,optimized_ard_gpc,classifier_margin,classifier_margin,0,17,22,23,1131,14.083402503927456,False,False,False,1111,0.5000513770150575,0.9998972459698849,0.69314717528075,null,null,null,null,null,null,null,null,null,null,null,null,null
branin,optimized_ard_gpc,classifier_margin,classifier_margin,0,18,23,24,1408,23.47936781371432,False,False,False,1386,0.4999316540291303,0.9998633080582606,0.6931471712176018,null,null,null,null,null,null,null,null,null,null,null,null,null
branin,optimized_ard_gpc,classifier_margin,classifier_margin,0,19,24,25,1417,7.2178983903240805,False,True,True,1394,0.49971559235029595,0.9994311847005919,0.6931470187845141,null,null,null,null,null,null,null,null,null,null,null,null,null
branin,optimized_ard_gpc,classifier_margin,classifier_margin,0,20,25,26,630,2.305081538903572,True,True,True,619,0.5000502307237972,0.9998995385524057,0.6931471755136941,null,null,null,null,null,null,null,null,null,null,null,null,null
branin,optimized_ard_gpc,classifier_margin,classifier_margin,0,21,26,27,143,9.361652919947716,False,False,True,140,0.4979988686613601,0.9959977373227202,0.6931391714852946,null,null,null,null,null,null,null,null,null,null,null,null,null
branin,optimized_ard_gpc,classifier_margin,classifier_margin,0,22,27,28,641,3.0976880715271022,True,True,True,628,0.4994261981313217,0.9988523962626434,0.6931465220626318,null,null,null,null,null,null,null,null,null,null,null,null,null
branin,optimized_ard_gpc,classifier_margin,classifier_margin,0,23,28,29,1076,18.990980005862966,False,False,False,1053,0.4992616962230034,0.9985233924460069,0.6931460903746149,null,null,null,null,null,null,null,null,null,null,null,null,null
branin,optimized_ard_gpc,classifier_margin,classifier_margin,0,24,29,30,499,0.47733803278376996,True,True,True,488,0.5000059227242067,0.9999881545515865,0.693147180489788,null,null,null,null,null,null,null,null,null,null,null,null,null
branin,optimized_ard_gpc,classifier_margin,classifier_margin,0,25,30,31,891,13.011101997058446,False,False,False,871,0.5020971628972939,0.9958056742054122,0.6931383843497186,null,null,null,null,null,null,null,null,null,null,null,null,null
branin,optimized_ard_gpc,classifier_margin,classifier_margin,0,26,31,32,1420,2.560993701009579,True,True,True,1390,0.5020458607465099,0.9959082785069802,0.6931388094441986,null,null,null,null,null,null,null,null,null,null,null,null,null
branin,optimized_ard_gpc,classifier_margin,classifier_margin,0,27,32,33,765,13.350627532989533,False,False,False,748,0.5000106176612009,0.9999787646775982,0.6931471803344759,null,null,null,null,null,null,null,null,null,null,null,null,null
branin,optimized_ard_gpc,classifier_margin,classifier_margin,0,28,33,34,673,1.4717603511676032,True,True,True,657,0.49886015124321226,0.9977203024864245,0.6931445820473179,null,null,null,null,null,null,null,null,null,null,null,null,null
branin,optimized_ard_gpc,classifier_margin,classifier_margin,0,29,34,35,943,5.462319879293112,False,True,True,918,0.4982255718197739,0.9964511436395478,0.6931408833559934,null,null,null,null,null,null,null,null,null,null,null,null,null
branin,optimized_ard_gpc,classifier_margin,classifier_margin,0,30,35,36,158,0.6727797259721982,True,True,True,154,0.5006099335046785,0.9987801329906429,0.6931464365220006,null,null,null,null,null,null,null,null,null,null,null,null,null
branin,optimized_ard_gpc,classifier_margin,classifier_margin,0,31,36,37,289,6.49961508130184,False,True,True,281,0.4969052295278047,0.9938104590556094,0.693128025229085,null,null,null,null,null,null,null,null,null,null,null,null,null
branin,optimized_ard_gpc,classifier_margin,classifier_margin,0,32,37,38,420,1.3390137985856114,True,True,True,409,0.4997661813468218,0.9995323626936437,0.6931470712176162,null,null,null,null,null,null,null,null,null,null,null,null,null
branin,optimized_ard_gpc,classifier_margin,classifier_margin,0,33,38,39,801,7.351154502606114,False,True,True,777,0.5026819272219605,0.994636145556079,0.6931327950237162,null,null,null,null,null,null,null,null,null,null,null,null,null
branin,optimized_ard_gpc,classifier_margin,classifier_margin,0,34,39,40,1365,5.51575357639468,False,True,True,1330,0.5004246362581637,0.9991507274836726,0.6931468199279984,null,null,null,null,null,null,null,null,null,null,null,null,null
branin,optimized_ard_gpc,classifier_margin,classifier_margin,0,35,40,41,62,3.69728829094565,True,True,True,61,0.5011326846010644,0.9977346307978712,0.6931446146089396,null,null,null,null,null,null,null,null,null,null,null,null,null
branin,optimized_ard_gpc,classifier_margin,classifier_margin,0,36,41,42,1286,0.5721564871537979,True,True,True,1250,0.4967453651030569,0.9934907302061138,0.6931259951137123,null,null,null,null,null,null,null,null,null,null,null,null,null
branin,optimized_ard_gpc,classifier_margin,classifier_margin,0,37,42,43,414,8.57629166632713,False,True,True,402,0.503377476559451,0.993245046881098,0.6931243656906194,null,null,null,null,null,null,null,null,null,null,null,null,null
branin,optimized_ard_gpc,classifier_margin,classifier_margin,0,38,43,44,929,1.6384280113108893,True,True,True,900,0.4955638798743056,0.9911277597486112,0.6931078217200306,null,null,null,null,null,null,null,null,null,null,null,null,null
branin,optimized_ard_gpc,classifier_margin,classifier_margin,0,39,44,45,939,1.0071347683733194,True,True,True,909,0.4996440296356769,0.9992880592713538,0.6931469271301234,null,null,null,null,null,null,null,null,null,null,null,null,null
branin,optimized_ard_gpc,classifier_margin,classifier_margin,0,40,45,46,1369,31.1810320340227,False,False,False,1328,0.49916444644177704,0.9983288928835541,0.6931457842597981,null,null,null,null,null,null,null,null,null,null,null,null,null
branin,optimized_ard_gpc,classifier_margin,classifier_margin,0,41,46,47,834,125.47317149163285,False,False,False,807,0.5000649160943164,0.9998701678113673,0.6931471721317467,null,null,null,null,null,null,null,null,null,null,null,null,null
branin,optimized_ard_gpc,classifier_margin,classifier_margin,0,42,47,48,647,111.20958850701552,False,False,False,627,0.5000000000407847,0.9999999999184306,0.6931471805599453,null,null,null,null,null,null,null,null,null,null,null,null,null
branin,optimized_ard_gpc,classifier_margin,classifier_margin,0,43,48,49,1288,7.468900964812121,False,True,True,1246,0.5010740826018418,0.9978518347963163,0.6931448732512996,null,null,null,null,null,null,null,null,null,null,null,null,null
branin,optimized_ard_gpc,classifier_margin,classifier_margin,0,44,49,50,603,0.11658650839498108,True,True,True,585,0.5003796499201288,0.9992407001597423,0.6931468922917938,null,null,null,null,null,null,null,null,null,null,null,null,null
branin,optimized_ard_gpc,classifier_entropy,classifier_entropy,0,1,6,7,10,178.9843611375828,False,False,False,10,0.4999999950001672,0.9999999900003343,0.6931471805599454,Binary entropy is monotone-equivalent to classifier margin.,null,null,null,null,null,null,null,null,null,null,null,null
branin,optimized_ard_gpc,classifier_entropy,classifier_entropy,0,2,7,8,13,110.69330734985172,False,False,False,12,0.49999989524067195,0.9999997904813439,0.6931471805599234,Binary entropy is monotone-equivalent to classifier margin.,null,null,null,null,null,null,null,null,null,null,null,null
branin,optimized_ard_gpc,classifier_entropy,classifier_entropy,0,3,8,9,988,10.404114090058556,False,False,True,981,0.49999980910093494,0.9999996182018699,0.6931471805598726,Binary entropy is monotone-equivalent to classifier margin.,null,null,null,null,null,null,null,null,null,null,null,null
branin,optimized_ard_gpc,classifier_entropy,classifier_entropy,0,4,9,10,1249,27.22638798807801,False,False,False,1241,0.49999777015486735,0.9999955403097347,0.6931471805500009,Binary entropy is monotone-equivalent to classifier margin.,null,null,null,null,null,null,null,null,null,null,null,null
branin,optimized_ard_gpc,classifier_entropy,classifier_entropy,0,5,10,11,931,6.56261526237423,False,True,True,924,0.49999732928330487,0.9999946585666097,0.6931471805456799,Binary entropy is monotone-equivalent to classifier margin.,null,null,null,null,null,null,null,null,null,null,null,null
branin,optimized_ard_gpc,classifier_entropy,classifier_entropy,0,6,11,12,863,26.481235342281256,False,False,False,856,0.5000000057298628,0.9999999885402744,0.6931471805599453,Binary entropy is monotone-equivalent to classifier margin.,null,null,null,null,null,null,null,null,null,null,null,null
branin,optimized_ard_gpc,classifier_entropy,classifier_entropy,0,7,12,13,1468,58.34071743702734,False,False,False,1457,0.4999206682401659,0.9998413364803318,0.693147167972889,Binary entropy is monotone-equivalent to classifier margin.,null,null,null,null,null,null,null,null,null,null,null,null
branin,optimized_ard_gpc,classifier_entropy,classifier_entropy,0,8,13,14,30,12.33707807401817,False,False,True,27,0.5001388153524848,0.9997223692950303,0.6931471420205406,Binary entropy is monotone-equivalent to classifier margin.,null,null,null,null,null,null,null,null,null,null,null,null
branin,optimized_ard_gpc,classifier_entropy,classifier_entropy,0,9,14,15,178,142.74509384751426,False,False,False,174,0.4999988606844156,0.9999977213688312,0.6931471805573493,Binary entropy is monotone-equivalent to classifier margin.,null,null,null,null,null,null,null,null,null,null,null,null
branin,optimized_ard_gpc,classifier_entropy,classifier_entropy,0,10,15,16,767,5.461973821824074,False,True,True,758,0.4999319073641564,0.9998638147283128,0.6931471712867312,Binary entropy is monotone-equivalent to classifier margin.,null,null,null,null,null,null,null,null,null,null,null,null
branin,optimized_ard_gpc,classifier_entropy,classifier_entropy,0,11,16,17,420,1.3390137985856114,True,True,True,413,0.5000267808422107,0.9999464383155785,0.6931471791255184,Binary entropy is monotone-equivalent to classifier margin.,null,null,null,null,null,null,null,null,null,null,null,null
branin,optimized_ard_gpc,classifier_entropy,classifier_entropy,0,12,17,18,1226,9.264195932106695,False,False,True,1212,0.5000600085875329,0.9998799828249343,0.6931471733578841,Binary entropy is monotone-equivalent to classifier margin.,null,null,null,null,null,null,null,null,null,null,null,null
branin,optimized_ard_gpc,classifier_entropy,classifier_entropy,0,13,18,19,1369,31.1810320340227,False,False,False,1353,0.500026720621419,0.9999465587571621,0.6931471791319621,Binary entropy is monotone-equivalent to classifier margin.,null,null,null,null,null,null,null,null,null,null,null,null
branin,optimized_ard_gpc,classifier_entropy,classifier_entropy,0,14,19,20,1002,5.132712926289429,False,True,True,988,0.5001343830537042,0.9997312338925917,0.6931471444423347,Binary entropy is monotone-equivalent to classifier margin.,null,null,null,null,null,null,null,null,null,null,null,null
branin,optimized_ard_gpc,classifier_entropy,classifier_entropy,0,15,20,21,1342,15.302375150180211,False,False,False,1325,0.5000490860407621,0.9999018279184757,0.6931471757410665,Binary entropy is monotone-equivalent to classifier margin.,null,null,null,null,null,null,null,null,null,null,null,null
branin,optimized_ard_gpc,classifier_entropy,classifier_entropy,0,16,21,22,1112,14.94509661866624,False,False,False,1097,0.5003401719458505,0.9993196561082991,0.693146949126022,Binary entropy is monotone-equivalent to classifier margin.,null,null,null,null,null,null,null,null,null,null,null,null
branin,optimized_ard_gpc,classifier_entropy,classifier_entropy,0,17,22,23,476,8.784760172902125,False,True,True,468,0.5001990719454446,0.9996018561091109,0.6931471013006643,Binary entropy is monotone-equivalent to classifier margin.,null,null,null,null,null,null,null,null,null,null,null,null
branin,optimized_ard_gpc,classifier_entropy,classifier_entropy,0,18,23,24,34,3.014154211955301,True,True,True,30,0.4997189539304472,0.9994379078608944,0.6931470225861506,Binary entropy is monotone-equivalent to classifier margin.,null,null,null,null,null,null,null,null,null,null,null,null
branin,optimized_ard_gpc,classifier_entropy,classifier_entropy,0,19,24,25,528,26.57377632672152,False,False,False,518,0.49983341164178013,0.9996668232835603,0.6931471250565822,Binary entropy is monotone-equivalent to classifier margin.,null,null,null,null,null,null,null,null,null,null,null,null
branin,optimized_ard_gpc,classifier_entropy,classifier_entropy,0,20,25,26,881,28.035023987638965,False,False,False,866,0.5000813357566244,0.9998373284867512,0.6931471673289347,Binary entropy is monotone-equivalent to classifier margin.,null,null,null,null,null,null,null,null,null,null,null,null
branin,optimized_ard_gpc,classifier_entropy,classifier_entropy,0,21,26,27,340,3.993603919043462,True,True,True,332,0.49888711848635126,0.9977742369727025,0.6931447035473732,Binary entropy is monotone-equivalent to classifier margin.,null,null,null,null,null,null,null,null,null,null,null,null
branin,optimized_ard_gpc,classifier_entropy,classifier_entropy,0,22,27,28,1079,27.961142141205542,False,False,False,1059,0.49999802920067693,0.9999960584013539,0.6931471805521772,Binary entropy is monotone-equivalent to classifier margin.,null,null,null,null,null,null,null,null,null,null,null,null
branin,optimized_ard_gpc,classifier_entropy,classifier_entropy,0,23,28,29,957,6.683574968114577,False,True,True,939,0.4989671814401775,0.997934362880355,0.6931450471300732,Binary entropy is monotone-equivalent to classifier margin.,null,null,null,null,null,null,null,null,null,null,null,null
branin,optimized_ard_gpc,classifier_entropy,classifier_entropy,0,24,29,30,1228,3.1412124238806385,True,True,True,1204,0.500163555500537,0.9996728889989259,0.6931471270591408,Binary entropy is monotone-equivalent to classifier margin.,null,null,null,null,null,null,null,null,null,null,null,null
branin,optimized_ard_gpc,classifier_entropy,classifier_entropy,0,25,30,31,503,2.1081633617329913,True,True,True,492,0.5004303414207385,0.999139317158523,0.6931468101724227,Binary entropy is monotone-equivalent to classifier margin.,null,null,null,null,null,null,null,null,null,null,null,null
branin,optimized_ard_gpc,classifier_entropy,classifier_entropy,0,26,31,32,1474,5.71035928455521,False,True,True,1444,0.5010457618863149,0.9979084762273702,0.6931449933225049,Binary entropy is monotone-equivalent to classifier margin.,null,null,null,null,null,null,null,null,null,null,null,null
branin,optimized_ard_gpc,classifier_entropy,classifier_entropy,0,27,32,33,209,6.353287509377363,False,True,True,202,0.5004614211204003,0.9990771577591995,0.6931467547409842,Binary entropy is monotone-equivalent to classifier margin.,null,null,null,null,null,null,null,null,null,null,null,null
branin,optimized_ard_gpc,classifier_entropy,classifier_entropy,0,28,33,34,105,4.521249870605679,True,True,True,100,0.50019966247625,0.9996006750474999,0.6931471008297343,Binary entropy is monotone-equivalent to classifier margin.,null,null,null,null,null,null,null,null,null,null,null,null
branin,optimized_ard_gpc,classifier_entropy,classifier_entropy,0,29,34,35,1365,5.51575357639468,False,True,True,1335,0.5000140254951415,0.999971949009717,0.6931471801665163,Binary entropy is monotone-equivalent to classifier margin.,null,null,null,null,null,null,null,null,null,null,null,null
branin,optimized_ard_gpc,classifier_entropy,classifier_entropy,0,30,35,36,575,1.4999240127947004,True,True,True,560,0.5001253270315213,0.9997493459369573,0.6931471491462153,Binary entropy is monotone-equivalent to classifier margin.,null,null,null,null,null,null,null,null,null,null,null,null
branin,optimized_ard_gpc,classifier_entropy,classifier_entropy,0,31,36,37,1137,0.7282865789382811,True,True,True,1110,0.5021201364366905,0.995759727126619,0.693138190575985,Binary entropy is monotone-equivalent to classifier margin.,null,null,null,null,null,null,null,null,null,null,null,null
branin,optimized_ard_gpc,classifier_entropy,classifier_entropy,0,32,37,38,721,1.386919671068494,True,True,True,703,0.4999849345636256,0.9999698691272512,0.6931471801060105,Binary entropy is monotone-equivalent to classifier margin.,null,null,null,null,null,null,null,null,null,null,null,null
branin,optimized_ard_gpc,classifier_entropy,classifier_entropy,0,33,38,39,489,4.550409974184383,True,True,True,476,0.4994088950412703,0.9988177900825406,0.693146481749638,Binary entropy is monotone-equivalent to classifier margin.,null,null,null,null,null,null,null,null,null,null,null,null
branin,optimized_ard_gpc,classifier_entropy,classifier_entropy,0,34,39,40,368,16.388968211591774,False,False,False,357,0.49920773183759826,0.9984154636751965,0.6931459251817377,Binary entropy is monotone-equivalent to classifier margin.,null,null,null,null,null,null,null,null,null,null,null,null
branin,optimized_ard_gpc,classifier_entropy,classifier_entropy,0,35,40,41,426,4.5663008692452465,True,True,True,413,0.4986914083157372,0.9973828166314744,0.6931437557316433,Binary entropy is monotone-equivalent to classifier margin.,null,null,null,null,null,null,null,null,null,null,null,null
branin,optimized_ard_gpc,classifier_entropy,classifier_entropy,0,36,41,42,257,17.13466500759828,False,False,False,247,0.5012910366389334,0.9974179267221333,0.6931438470050351,Binary entropy is monotone-equivalent to classifier margin.,null,null,null,null,null,null,null,null,null,null,null,null
branin,optimized_ard_gpc,classifier_entropy,classifier_entropy,0,37,42,43,531,7.46812757453316,False,True,True,512,0.4980307225000442,0.9960614450000884,0.6931394244321492,Binary entropy is monotone-equivalent to classifier margin.,null,null,null,null,null,null,null,null,null,null,null,null
branin,optimized_ard_gpc,classifier_entropy,classifier_entropy,0,38,43,44,844,3.1220620566775104,True,True,True,819,0.5015148801387839,0.9969702397224323,0.6931425908292537,Binary entropy is monotone-equivalent to classifier margin.,null,null,null,null,null,null,null,null,null,null,null,null
branin,optimized_ard_gpc,classifier_entropy,classifier_entropy,0,39,44,45,147,5.157820926294377,False,True,True,141,0.49996618417520283,0.9999323683504057,0.6931471782729253,Binary entropy is monotone-equivalent to classifier margin.,null,null,null,null,null,null,null,null,null,null,null,null
branin,optimized_ard_gpc,classifier_entropy,classifier_entropy,0,40,45,46,325,8.853002045333369,False,True,True,313,0.5038678697006223,0.9922642605987555,0.6931172594294774,Binary entropy is monotone-equivalent to classifier margin.,null,null,null,null,null,null,null,null,null,null,null,null
branin,optimized_ard_gpc,classifier_entropy,classifier_entropy,0,41,46,47,1236,2.2416111671398014,True,True,True,1197,0.5021158049983079,0.9957683900033842,0.6931382272716431,Binary entropy is monotone-equivalent to classifier margin.,null,null,null,null,null,null,null,null,null,null,null,null
branin,optimized_ard_gpc,classifier_entropy,classifier_entropy,0,42,47,48,27,4.011766125942287,True,True,True,25,0.5016364916972891,0.9967270166054218,0.6931418243402316,Binary entropy is monotone-equivalent to classifier margin.,null,null,null,null,null,null,null,null,null,null,null,null
branin,optimized_ard_gpc,classifier_entropy,classifier_entropy,0,43,48,49,1312,0.5189639001554234,True,True,True,1270,0.4998321968849096,0.9996643937698192,0.6931471242441734,Binary entropy is monotone-equivalent to classifier margin.,null,null,null,null,null,null,null,null,null,null,null,null
branin,optimized_ard_gpc,classifier_entropy,classifier_entropy,0,44,49,50,1410,7.123562351985058,False,True,True,1364,0.5008100245124278,0.9983799509751443,0.6931458682799498,Binary entropy is monotone-equivalent to classifier margin.,null,null,null,null,null,null,null,null,null,null,null,null
branin,optimized_ard_gpc,classifier_gated_diversity,classifier_gated_diversity,0,1,6,7,780,33.9722571444673,False,False,False,775,0.49999999990177635,0.9999999998035527,0.6931471805599453,null,0.1,25,150,0.5,0,1.0,0.16268042364756027,0.0709296037872469,0.5354648018936234,null,null,null
branin,optimized_ard_gpc,classifier_gated_diversity,classifier_gated_diversity,0,2,7,8,301,59.30386453127717,False,False,False,298,0.49999999968131725,0.9999999993626345,0.6931471805599453,null,0.1,25,150,0.5,0,1.0,0.1629348321277237,0.08343486848189066,0.5417174342409453,null,null,null
branin,optimized_ard_gpc,classifier_gated_diversity,classifier_gated_diversity,0,3,8,9,134,4.519286021858228,True,True,True,133,0.49987461830782604,0.9997492366156521,0.6931471491188075,null,0.1,25,150,0.5,16,0.9483350997823091,0.47883411724501607,1.0,0.9741675498911546,null,null,null
branin,optimized_ard_gpc,classifier_gated_diversity,classifier_gated_diversity,0,4,9,10,13,110.69330734985172,False,False,False,13,0.5000874671525829,0.9998250656948342,0.6931471652589396,null,0.1,25,150,0.5,3,0.9852070083870985,0.4557642300262371,1.0,0.9926035041935493,null,null,null
branin,optimized_ard_gpc,classifier_gated_diversity,classifier_gated_diversity,0,5,10,11,1159,257.19156557067254,False,False,False,1150,0.5728015744720096,0.8543968510559807,0.6825092664844632,null,0.1,25,149,0.5,0,1.0,0.3215613265560469,0.9478924573412992,0.9739462286706496,null,null,null
branin,optimized_ard_gpc,classifier_gated_diversity,classifier_gated_diversity,0,6,11,12,960,17.526282808764847,False,False,False,951,0.6226222407928503,0.7547555184142993,0.662765807314281,null,0.1,25,149,0.5,0,1.0,0.22246215533032804,0.7937954212688522,0.896897710634426,null,null,null
branin,optimized_ard_gpc,classifier_gated_diversity,classifier_gated_diversity,0,7,12,13,590,9.418703351672878,False,False,True,584,0.4991783197160844,0.9983566394321688,0.6931458302423595,null,0.1,25,149,0.5,10,0.9485703992539735,0.3177915115994626,0.9057423359682437,0.9271563676111085,null,null,null
branin,optimized_ard_gpc,classifier_gated_diversity,classifier_gated_diversity,0,8,13,14,836,8.349786763202054,False,True,True,826,0.5003108813409292,0.9993782373181417,0.6931469872655165,null,0.1,25,149,0.5,0,1.0,0.23858343746712204,0.8968066745503219,0.948403337275161,null,null,null
branin,optimized_ard_gpc,classifier_gated_diversity,classifier_gated_diversity,0,9,14,15,1130,11.926696393095597,False,False,True,1118,0.49881753383430105,0.9976350676686021,0.6931443841048726,null,0.1,25,149,0.5,10,0.9172061824728837,0.2503987662434317,0.9961002166285127,0.9566531995506982,null,null,null
branin,optimized_ard_gpc,classifier_gated_diversity,classifier_gated_diversity,0,10,15,16,854,39.61863379294668,False,False,False,843,0.4966288802975001,0.9932577605950001,0.6931244514916441,null,0.1,25,149,0.5,34,0.7518166281868577,0.24807627872107865,1.0,0.8759083140934288,null,null,null
branin,optimized_ard_gpc,classifier_gated_diversity,classifier_gated_diversity,0,11,16,17,1031,20.599346031915587,False,False,False,1018,0.498833907187858,0.997667814375716,0.693144461012587,null,0.1,25,149,0.5,13,0.8955788451211595,0.22005720969035011,0.941085798716742,0.9183323219189508,null,null,null
branin,optimized_ard_gpc,classifier_gated_diversity,classifier_gated_diversity,0,12,17,18,765,13.350627532989533,False,False,False,756,0.49981936646664504,0.9996387329332901,0.6931471153029971,null,0.1,25,149,0.5,2,0.9875146369472396,0.18050122773417115,0.8337511778234725,0.9106329073853561,null,null,null
branin,optimized_ard_gpc,classifier_gated_diversity,classifier_gated_diversity,0,13,18,19,874,0.6824696268263004,True,True,True,861,0.49675934905366415,0.9935186981073283,0.6931261767757799,null,0.1,25,149,0.5,22,0.851156883174161,0.19118951065224918,1.0,0.9255784415870805,null,null,null
branin,optimized_ard_gpc,classifier_gated_diversity,classifier_gated_diversity,0,14,19,20,681,18.293930786559635,False,False,False,673,0.5011189457700786,0.9977621084598427,0.6931446764785825,null,0.1,25,149,0.5,10,0.9426052477802941,0.16396117096182383,0.7684331432481849,0.8555191955142395,null,null,null
branin,optimized_ard_gpc,classifier_gated_diversity,classifier_gated_diversity,0,15,20,21,1239,4.482517653336224,True,True,True,1220,0.4997244163878062,0.9994488327756124,0.693147028667283,null,0.1,25,148,0.5,2,0.9960146076518483,0.15585462202706765,1.0,0.9980073038259242,null,null,null
branin,optimized_ard_gpc,classifier_gated_diversity,classifier_gated_diversity,0,16,21,22,1345,24.248375666708384,False,False,False,1325,0.49984809455254836,0.9996961891050967,0.6931471344094147,null,0.1,25,148,0.5,1,0.9970499271828013,0.1441918752342215,0.9456098265637118,0.9713298768732566,null,null,null
branin,optimized_ard_gpc,classifier_gated_diversity,classifier_gated_diversity,0,17,22,23,1052,77.50085782815918,False,False,False,1035,0.49958719492293346,0.9991743898458669,0.6931468397438433,null,0.1,25,148,0.5,1,0.9987544931291241,0.15079356860110568,0.9982813155966748,0.9985179043628994,null,null,null
branin,optimized_ard_gpc,classifier_gated_diversity,classifier_gated_diversity,0,18,23,24,599,23.449974138422693,False,False,False,591,0.5005389401509046,0.9989221196981908,0.6931465996468603,null,0.1,25,148,0.5,3,0.9786962486062587,0.15001150472452454,0.8393928769259273,0.909044562766093,null,null,null
branin,optimized_ard_gpc,classifier_gated_diversity,classifier_gated_diversity,0,19,24,25,1101,12.089393418174925,False,False,True,1082,0.5118594729406674,0.9762810541186653,0.6928658599816723,null,0.1,25,148,0.5,36,0.8072904012363331,0.13259063964661405,0.8909561641743112,0.8491232827053221,null,null,null
branin,optimized_ard_gpc,classifier_gated_diversity,classifier_gated_diversity,0,20,25,26,1034,11.351255492280416,False,False,True,1016,0.5002682034561263,0.9994635930877473,0.6931470366937507,null,0.1,25,148,0.5,0,1.0,0.1338555014890148,0.9077280209648325,0.9538640104824163,null,null,null
branin,optimized_ard_gpc,classifier_gated_diversity,classifier_gated_diversity,0,21,26,27,749,12.438051168629137,False,False,False,738,0.49763696593042717,0.9952739318608543,0.6931360126583433,null,0.1,25,148,0.5,4,0.9786055165396308,0.12588412441836636,0.8350009404032568,0.9068032284714438,null,null,null
branin,optimized_ard_gpc,classifier_gated_diversity,classifier_gated_diversity,0,22,27,28,1418,176.85194086172098,False,False,False,1392,0.5149107977831555,0.970178404433689,0.692702450846802,null,0.1,25,148,0.5,92,0.2894421508057537,0.27822087678958624,0.9410831595250507,0.6152626551654022,null,null,null
branin,optimized_ard_gpc,classifier_gated_diversity,classifier_gated_diversity,0,23,28,29,844,3.1220620566775104,True,True,True,829,0.5006292500392229,0.9987414999215543,0.6931463886485125,null,0.1,25,148,0.5,0,1.0,0.11130212666316747,0.7864123403632702,0.8932061701816352,null,null,null
branin,optimized_ard_gpc,classifier_gated_diversity,classifier_gated_diversity,0,24,29,30,287,2.763140978235416,True,True,True,282,0.48417469323065276,0.9683493864613055,0.6926462162305815,null,0.1,25,148,0.5,28,0.7803498829611212,0.13444329440153607,1.0,0.8901749414805606,null,null,null
branin,optimized_ard_gpc,classifier_gated_diversity,classifier_gated_diversity,0,25,30,31,325,8.853002045333369,False,True,True,318,0.49241689120241894,0.9848337824048379,0.6930321690725917,null,0.1,25,147,0.5,13,0.8814774525977717,0.09484505697729156,0.8588954366164685,0.8701864446071201,null,null,null
branin,optimized_ard_gpc,classifier_gated_diversity,classifier_gated_diversity,0,26,31,32,1133,1.0459150627346965,True,True,True,1107,0.5049892511733152,0.9900214976533697,0.693097394479181,null,0.1,25,147,0.5,5,0.9433705751090254,0.09624967351734709,0.8703508472971034,0.9068607112030644,null,null,null
branin,optimized_ard_gpc,classifier_gated_diversity,classifier_gated_diversity,0,27,32,33,690,0.5074513728152148,True,True,True,678,0.5013855905037854,0.9972288189924292,0.6931433408329424,null,0.1,25,147,0.5,0,1.0,0.0907448988934622,0.8126993619546002,0.9063496809773002,null,null,null
branin,optimized_ard_gpc,classifier_gated_diversity,classifier_gated_diversity,0,28,33,34,219,16.396972669414033,False,False,False,215,0.501327355747367,0.997345288505266,0.6931436568092462,null,0.1,25,147,0.5,1,0.9875353669481681,0.10078991818722641,0.8018316833058491,0.8946835251270087,null,null,null
branin,optimized_ard_gpc,classifier_gated_diversity,classifier_gated_diversity,0,29,34,35,900,13.777093762459401,False,False,False,878,0.5063164700005789,0.9873670599988422,0.6930673828508283,null,0.1,25,147,0.5,9,0.9227068832199787,0.09374612461932495,0.9746473011137244,0.9486770921668516,null,null,null
branin,optimized_ard_gpc,classifier_gated_diversity,classifier_gated_diversity,0,30,35,36,147,5.157820926294377,False,True,True,144,0.5027613463385192,0.9944773073229616,0.6931319304152204,null,0.1,25,147,0.5,5,0.968391186572972,0.08012393459785246,0.6130093170040043,0.7907002517884881,null,null,null
branin,optimized_ard_gpc,classifier_gated_diversity,classifier_gated_diversity,0,31,36,37,1228,3.1412124238806385,True,True,True,1196,0.5122128964397845,0.975574207120431,0.692848841211078,null,0.1,25,147,0.5,20,0.8508961742070116,0.08982666875261179,0.7193456808480329,0.7851209275275222,null,null,null
branin,optimized_ard_gpc,classifier_gated_diversity,classifier_gated_diversity,0,32,37,38,746,0.986746969345262,True,True,True,730,0.49568740683660195,0.9913748136732039,0.693109983179142,null,0.1,25,147,0.5,8,0.9501291760670126,0.07292586818347785,0.5737595320213356,0.7619443540441742,null,null,null
branin,optimized_ard_gpc,classifier_gated_diversity,classifier_gated_diversity,0,33,38,39,1156,4.269021285320235,True,True,True,1124,0.5041935300140388,0.9916129399719225,0.6931120087596343,null,0.1,25,147,0.5,7,0.9531020230673052,0.055214987295225205,0.421195224176764,0.6871486236220345,null,null,null
branin,optimized_ard_gpc,classifier_gated_diversity,classifier_gated_diversity,0,34,39,40,833,3.53243742520678,True,True,True,813,0.49707625742123085,0.9941525148424617,0.6931300839211796,null,0.1,25,147,0.5,6,0.9627602009247952,0.05674577499949961,0.434381669731514,0.6985709353281546,null,null,null
branin,optimized_ard_gpc,classifier_gated_diversity,classifier_gated_diversity,0,35,40,41,425,32.53602399684817,False,False,False,415,0.4612736789179763,0.9225473578359527,0.6901447185396765,null,0.1,25,146,0.5,67,0.5358258451283207,0.12240725911151858,1.0,0.7679129225641603,null,null,null
branin,optimized_ard_gpc,classifier_gated_diversity,classifier_gated_diversity,0,36,41,42,406,20.71029293291095,False,False,False,396,0.492873591740949,0.985747183481898,0.6930456057314007,null,0.1,25,146,0.5,49,0.583049866503217,0.24641157405426328,1.0,0.7915249332516086,null,null,null
branin,optimized_ard_gpc,classifier_gated_diversity,classifier_gated_diversity,0,37,42,43,76,9.14632525641305,False,False,True,74,0.48576489173921544,0.9715297834784309,0.6927418491780826,null,0.1,25,146,0.5,18,0.8425904366386032,0.07598974769107361,0.9279875574955627,0.885288997067083,null,null,null
branin,optimized_ard_gpc,classifier_gated_diversity,classifier_gated_diversity,0,38,43,44,286,6.056936153927392,False,True,True,278,0.49913300215445333,0.9982660043089067,0.6931456771886635,null,0.1,25,146,0.5,1,0.9969202569742489,0.06486335630737232,0.8254991890554395,0.9112097230148442,null,null,null
branin,optimized_ard_gpc,classifier_gated_diversity,classifier_gated_diversity,0,39,44,45,363,18.480047050974882,False,False,False,351,0.5009056314670643,0.9981887370658713,0.6931455402223401,null,0.1,25,146,0.5,6,0.9530826414258183,0.13455201093654473,0.5967249678327143,0.7749038046292663,null,null,null
branin,optimized_ard_gpc,classifier_gated_diversity,classifier_gated_diversity,0,40,45,46,1397,6.038028113372121,False,True,True,1354,0.5012919331460584,0.9974161337078833,0.6931438423737231,null,0.1,25,146,0.5,4,0.9884255908071922,0.06903730323166388,0.9151789418435009,0.9518022663253465,null,null,null
branin,optimized_ard_gpc,classifier_gated_diversity,classifier_gated_diversity,0,41,46,47,145,0.06885492972962837,True,True,True,141,0.5233007512666106,0.9533984974667788,0.6920609371755377,null,0.1,25,146,0.5,38,0.7440759782681426,0.07507212684308524,0.9431287776294234,0.843602377948783,null,null,null
branin,optimized_ard_gpc,classifier_gated_diversity,classifier_gated_diversity,0,42,47,48,741,11.47801207000743,False,False,True,719,0.5053570342174307,0.9892859315651386,0.6930897838305953,null,0.1,25,146,0.5,8,0.9504943348459934,0.054961356075019605,0.590656013603986,0.7705751742249898,null,null,null
branin,optimized_ard_gpc,classifier_gated_diversity,classifier_gated_diversity,0,43,48,49,784,9.318110871546669,False,False,True,757,0.5088671139507248,0.9822657720985504,0.6929899208966084,null,0.1,25,146,0.5,12,0.911205494726978,0.05164762271630328,0.7041225967276261,0.8076640457273021,null,null,null
branin,optimized_ard_gpc,classifier_gated_diversity,classifier_gated_diversity,0,44,49,50,479,0.27993239899810973,True,True,True,463,0.5301825297476839,0.9396349405046323,0.691324102214864,null,0.1,25,146,0.5,44,0.6741731605385781,0.0808033169893675,1.0,0.8370865802692891,null,null,null
branin,optimized_ard_gpc,classifier_uncertainty_repulsion,classifier_uncertainty_repulsion,0,1,6,7,780,33.9722571444673,False,False,False,775,0.49999999990177635,0.9999999998035527,0.6931471805599453,null,0.1,25,150,null,0,1.0,null,null,0.44462367869822095,0.15,0.16268042364756027,0.44462367869822095
branin,optimized_ard_gpc,classifier_uncertainty_repulsion,classifier_uncertainty_repulsion,0,2,7,8,301,59.30386453127717,False,False,False,298,0.49999999968131725,0.9999999993626345,0.6931471805599453,null,0.1,25,150,null,0,1.0,null,null,0.4456451154839661,0.15,0.1629348321277237,0.4456451154839661
branin,optimized_ard_gpc,classifier_uncertainty_repulsion,classifier_uncertainty_repulsion,0,3,8,9,460,24.579100582615467,False,False,False,456,0.5000019862404339,0.9999960275191322,0.693147180552055,null,0.1,25,150,null,0,1.0,null,null,0.9854385148757528,0.15,0.436258966503601,0.9854385148757528
branin,optimized_ard_gpc,classifier_uncertainty_repulsion,classifier_uncertainty_repulsion,0,4,9,10,13,110.69330734985172,False,False,False,13,0.5000920441345827,0.9998159117308345,0.6931471636156998,null,0.1,25,150,null,5,0.9830781176250497,null,null,0.9733534508720437,0.15,0.4557642300262371,0.990107940987946
branin,optimized_ard_gpc,classifier_uncertainty_repulsion,classifier_uncertainty_repulsion,0,5,10,11,1159,257.19156557067254,False,False,False,1150,0.5727184142887154,0.8545631714225692,0.6825336424674379,null,0.1,25,149,null,0,1.0,null,null,0.8995218774007655,0.15,0.3215613265560469,0.8995218774007655
branin,optimized_ard_gpc,classifier_uncertainty_repulsion,classifier_uncertainty_repulsion,0,6,11,12,960,17.526282808764847,False,False,False,951,0.6226994474156129,0.7546011051687742,0.6627271377920925,null,0.1,25,149,null,0,1.0,null,null,0.6670505755144354,0.15,0.22246215533032804,0.6670505755144354
branin,optimized_ard_gpc,classifier_uncertainty_repulsion,classifier_uncertainty_repulsion,0,7,12,13,198,9.49565682976386,False,False,True,195,0.4998616347566016,0.9997232695132032,0.6931471422700637,null,0.1,25,149,null,1,0.997957376298034,null,null,0.8352805548917549,0.15,0.285705313388156,0.8369902109349241
branin,optimized_ard_gpc,classifier_uncertainty_repulsion,classifier_uncertainty_repulsion,0,8,13,14,1276,40.263981614079796,False,False,False,1264,0.5016207657844673,0.9967584684310653,0.6931419267872884,null,0.1,25,149,null,16,0.8959360913889096,null,null,0.6244920827003432,0.15,0.23180831259431878,0.6970274874541944
branin,optimized_ard_gpc,classifier_uncertainty_repulsion,classifier_uncertainty_repulsion,0,9,14,15,836,8.349786763202054,False,True,True,826,0.5013125704789632,0.9973748590420737,0.6931437348734631,null,0.1,25,149,null,16,0.8978068164250746,null,null,0.6443938777526664,0.15,0.23858343746712204,0.7177422424999416
branin,optimized_ard_gpc,classifier_uncertainty_repulsion,classifier_uncertainty_repulsion,0,10,15,16,1130,11.926696393095597,False,False,True,1118,0.49914378175629426,0.9982875635125885,0.6931457143398669,null,0.1,25,149,null,14,0.9164023786211226,null,null,0.6889064396310762,0.15,0.2503987662434317,0.7517510383022453
branin,optimized_ard_gpc,classifier_uncertainty_repulsion,classifier_uncertainty_repulsion,0,11,16,17,506,28.261094951429236,False,False,False,499,0.49951512961033817,0.9990302592206763,0.6931467103612821,null,0.1,25,149,null,11,0.9575497675185206,null,null,0.6171501169668221,0.15,0.21573497555071458,0.644509703726585
branin,optimized_ard_gpc,classifier_uncertainty_repulsion,classifier_uncertainty_repulsion,0,12,17,18,32,0.4297740234255727,True,True,True,30,0.49768459511118923,0.9953691902223785,0.6931364583220249,null,0.1,25,149,null,27,0.8858728319310326,null,null,0.5088446056909094,0.15,0.19606478763608964,0.5743991545397389
branin,optimized_ard_gpc,classifier_uncertainty_repulsion,classifier_uncertainty_repulsion,0,13,18,19,1369,31.1810320340227,False,False,False,1352,0.49827740010448673,0.9965548002089735,0.693141245847405,null,0.1,25,149,null,17,0.9343356156499039,null,null,0.4975242763129371,0.15,0.18497309115199345,0.5324898976122941
branin,optimized_ard_gpc,classifier_uncertainty_repulsion,classifier_uncertainty_repulsion,0,14,19,20,826,15.352894553087621,False,False,False,814,0.4974818897086237,0.9949637794172475,0.6931344987474567,null,0.1,25,149,null,17,0.9216122439092393,null,null,0.40300030383120333,0.15,0.16085269829237692,0.43727750634234297
branin,optimized_ard_gpc,classifier_uncertainty_repulsion,classifier_uncertainty_repulsion,0,15,20,21,1420,2.560993701009579,True,True,True,1401,0.4952310804623963,0.9904621609247926,0.6931016946831738,null,0.1,25,148,null,27,0.8473009803975642,null,null,0.35930965016913946,0.15,0.15757260334165699,0.4240637724749792
branin,optimized_ard_gpc,classifier_uncertainty_repulsion,classifier_uncertainty_repulsion,0,16,21,22,670,18.13715535789366,False,False,False,660,0.5009367504706081,0.9981264990587837,0.6931454255560303,null,0.1,25,148,null,8,0.9676727638532915,null,null,0.4144262162011101,0.15,0.15861607953303677,0.42827103508716824
branin,optimized_ard_gpc,classifier_uncertainty_repulsion,classifier_uncertainty_repulsion,0,17,22,23,382,14.75340864270403,False,False,False,375,0.5002525710802467,0.9994948578395066,0.6931470529756387,null,0.1,25,148,null,0,1.0,null,null,0.36395268794575675,0.15,0.1426944455045164,0.36395268794575675
branin,optimized_ard_gpc,classifier_uncertainty_repulsion,classifier_uncertainty_repulsion,0,18,23,24,1137,0.7282865789382811,True,True,True,1119,0.4932390951377492,0.9864781902754984,0.6930557581047767,null,0.1,25,148,null,18,0.8922717164575928,null,null,0.29452203720278985,0.15,0.13426443463995105,0.3300811084453865
branin,optimized_ard_gpc,classifier_uncertainty_repulsion,classifier_uncertainty_repulsion,0,19,24,25,727,15.83680677123491,False,False,False,714,0.5016585503730555,0.996682899253889,0.6931416789711763,null,0.1,25,148,null,6,0.9543585152115909,null,null,0.3326608198547305,0.15,0.1388752864684064,0.34857007566069265
branin,optimized_ard_gpc,classifier_uncertainty_repulsion,classifier_uncertainty_repulsion,0,20,25,26,1282,0.20838817080886685,True,True,True,1260,0.5041148128688508,0.9917703742622983,0.693113316807801,null,0.1,25,148,null,6,0.9458249087674897,null,null,0.29024671368307553,0.15,0.1284301154912327,0.30687150548963427
branin,optimized_ard_gpc,classifier_uncertainty_repulsion,classifier_uncertainty_repulsion,0,21,26,27,828,15.548222693895251,False,False,False,812,0.5013973414844717,0.9972053170310566,0.6931432754284135,null,0.1,25,148,null,2,0.994832493173598,null,null,0.29657507790380866,0.15,0.1262117060493321,0.2981155922618788
branin,optimized_ard_gpc,classifier_uncertainty_repulsion,classifier_uncertainty_repulsion,0,22,27,28,941,12.999766554965234,False,False,False,923,0.49310550475907355,0.9862110095181471,0.6930521094178121,null,0.1,25,148,null,7,0.9190201125470833,null,null,0.2852078750236401,0.15,0.1293057862037511,0.31033910045034874
branin,optimized_ard_gpc,classifier_uncertainty_repulsion,classifier_uncertainty_repulsion,0,23,28,29,20,19.633304837862283,False,False,False,19,0.49742583502952176,0.9948516700590435,0.69313392785081,null,0.1,25,148,null,2,0.9791741920917404,null,null,0.2758102021186928,0.15,0.12201465644135084,0.28167633945651593
branin,optimized_ard_gpc,classifier_uncertainty_repulsion,classifier_uncertainty_repulsion,0,24,29,30,425,32.53602399684817,False,False,False,416,0.4738491485059484,0.9476982970118968,0.6917788222434251,null,0.1,25,148,null,35,0.7043523628429724,null,null,0.2059052347264278,0.15,0.12474035074399908,0.2923327095764029
branin,optimized_ard_gpc,classifier_uncertainty_repulsion,classifier_uncertainty_repulsion,0,25,30,31,214,16.857135349629427,False,False,False,208,0.5007175336571845,0.998564932685631,0.6931461508504936,null,0.1,25,147,null,8,0.9070677681718339,null,null,0.22258685860123684,0.15,0.11256126520326389,0.24539165254416828
branin,optimized_ard_gpc,classifier_uncertainty_repulsion,classifier_uncertainty_repulsion,0,26,31,32,943,5.462319879293112,False,True,True,921,0.49955230887364355,0.9991046177472871,0.6931467797052024,null,0.1,25,147,null,3,0.9738733334659866,null,null,0.16805313346219922,0.15,0.09232511739489965,0.17256159264994253
branin,optimized_ard_gpc,classifier_uncertainty_repulsion,classifier_uncertainty_repulsion,0,27,32,33,108,8.750957903647958,False,True,True,104,0.5027529228322614,0.9944941543354773,0.6931320233151237,null,0.1,25,147,null,32,0.6886367933356127,null,null,0.207859861970416,0.15,0.12715728867689954,0.3018425155060134
branin,optimized_ard_gpc,classifier_uncertainty_repulsion,classifier_uncertainty_repulsion,0,28,33,34,690,0.5074513728152148,True,True,True,674,0.4846240080313997,0.9692480160627994,0.6926742637471024,null,0.1,25,147,null,18,0.8456844526695221,null,null,0.13453514657517246,0.15,0.08829991799043832,0.15908433240139785
branin,optimized_ard_gpc,classifier_uncertainty_repulsion,classifier_uncertainty_repulsion,0,29,34,35,499,0.47733803278376996,True,True,True,486,0.5141103904453281,0.9717792191093437,0.6927489214499918,null,0.1,25,147,null,14,0.8451963565433033,null,null,0.12937774931590815,0.15,0.08646616788475119,0.15307419194876704
branin,optimized_ard_gpc,classifier_uncertainty_repulsion,classifier_uncertainty_repulsion,0,30,35,36,493,27.859450498581886,False,False,False,480,0.49977272598005024,0.9995454519601005,0.6931470772529814,null,0.1,25,147,null,3,0.9716983755946682,null,null,0.18711921397978495,0.15,0.09810916676392498,0.19256923617400323
branin,optimized_ard_gpc,classifier_uncertainty_repulsion,classifier_uncertainty_repulsion,0,31,36,37,134,4.519286021858228,True,True,True,129,0.5119554997082645,0.976089000583471,0.6928612853670042,null,0.1,25,147,null,16,0.8782886284438612,null,null,0.08370974829214277,0.15,0.06713669221064751,0.09531006730721137
branin,optimized_ard_gpc,classifier_uncertainty_repulsion,classifier_uncertainty_repulsion,0,32,37,38,603,0.11658650839498108,True,True,True,585,0.5169058968066764,0.9661882063866472,0.6925754529004551,null,0.1,25,147,null,22,0.8178861191929296,null,null,0.1004043621886388,0.15,0.07677174874642373,0.12276080964390912
branin,optimized_ard_gpc,classifier_uncertainty_repulsion,classifier_uncertainty_repulsion,0,33,38,39,495,5.725639305720094,False,True,True,480,0.5007269619320873,0.9985460761358254,0.6931461236122716,null,0.1,25,147,null,1,0.9953164047238666,null,null,0.11374921343856141,0.15,0.07389976749377616,0.11428447566893984
branin,optimized_ard_gpc,classifier_uncertainty_repulsion,classifier_uncertainty_repulsion,0,34,39,40,1156,4.269021285320235,True,True,True,1123,0.4837108038579885,0.967421607715977,0.6926164108258881,null,0.1,25,147,null,17,0.8279107512446445,null,null,0.09807000479021645,0.15,0.0753230060747985,0.11845480281876075
branin,optimized_ard_gpc,classifier_uncertainty_repulsion,classifier_uncertainty_repulsion,0,35,40,41,414,8.57629166632713,False,True,True,402,0.4929491998404796,0.9858983996809592,0.6930477496986239,null,0.1,25,146,null,10,0.925425385643371,null,null,0.0987568881132918,0.15,0.07126175995565176,0.10671512760008672
branin,optimized_ard_gpc,classifier_uncertainty_repulsion,classifier_uncertainty_repulsion,0,36,41,42,1367,9.830152793913527,False,False,True,1329,0.4965572144397665,0.993114428879533,0.6931234748277967,null,0.1,25,146,null,3,0.9751287267155195,null,null,0.08587163016265523,0.15,0.0644068275332757,0.08806184025763719
branin,optimized_ard_gpc,classifier_uncertainty_repulsion,classifier_uncertainty_repulsion,0,37,42,43,990,4.001849509788741,True,True,True,958,0.4693770889454214,0.9387541778908428,0.6912704809024024,null,0.1,25,146,null,37,0.6660068841542789,null,null,0.07861495780778337,0.15,0.07518209886819503,0.11803925706805818
branin,optimized_ard_gpc,classifier_uncertainty_repulsion,classifier_uncertainty_repulsion,0,38,43,44,741,11.47801207000743,False,False,True,716,0.4839512089348439,0.9679024178696878,0.6926319646820921,null,0.1,25,146,null,27,0.8236247198599489,null,null,0.07602267880600048,0.15,0.06601506079959593,0.09230257054320512
branin,optimized_ard_gpc,classifier_uncertainty_repulsion,classifier_uncertainty_repulsion,0,39,44,45,904,19.435997174914547,False,False,False,874,0.4778916735816807,0.9557833471633614,0.6921693055778304,null,0.1,25,146,null,32,0.7647948843021056,null,null,0.07008270670724634,0.15,0.06576436776681012,0.09163595121481305
branin,optimized_ard_gpc,classifier_uncertainty_repulsion,classifier_uncertainty_repulsion,0,40,45,46,1306,182.0809423806636,False,False,False,1265,0.5000021319887163,0.9999957360225673,0.6931471805508547,null,0.1,25,146,null,25,0.9799275225753744,null,null,0.7639467124050923,0.15,0.26086971321206326,0.7795951178076344
branin,optimized_ard_gpc,classifier_uncertainty_repulsion,classifier_uncertainty_repulsion,0,41,46,47,819,7.306867404927246,False,True,True,792,0.5067049983798508,0.9865900032402983,0.693057263858361,null,0.1,25,146,null,8,0.9277527377637989,null,null,0.06169909992263923,0.15,0.055649153687927784,0.06650381875601374
branin,optimized_ard_gpc,classifier_uncertainty_repulsion,classifier_uncertainty_repulsion,0,42,47,48,145,0.06885492972962837,True,True,True,139,0.49803511610790574,0.9960702322158115,0.6931394590026523,null,0.1,25,146,null,3,0.9814393095861504,null,null,0.06371926207138054,0.15,0.054961356075019605,0.06492430194002463
branin,optimized_ard_gpc,classifier_uncertainty_repulsion,classifier_uncertainty_repulsion,0,43,48,49,973,4.857070701365693,True,True,True,937,0.5211275455123356,0.9577449089753287,0.6922541683459209,null,0.1,25,146,null,32,0.7730155516994911,null,null,0.05711345482881142,0.15,0.058770813783626516,0.07388396611587733
branin,optimized_ard_gpc,classifier_uncertainty_repulsion,classifier_uncertainty_repulsion,0,44,49,50,866,10.287290262350709,False,False,True,834,0.5254155349270206,0.9491689301459587,0.6918547248187161,null,0.1,25,146,null,33,0.7289128395060258,null,null,0.053887826101705595,0.15,0.058789443973744464,0.07392903949699203
branin,fixed_iso_gpc,random,random,1,1,6,7,394,11.477544404247986,False,False,True,393,0.5070531204793856,0.9858937590412289,0.6930476842430691,null,null,null,null,null,null,null,null,null,null,null,null,null
branin,fixed_iso_gpc,random,random,1,2,7,8,860,23.176655618264498,False,False,False,856,0.45111024976785075,0.9022204995357015,0.688359118465642,null,null,null,null,null,null,null,null,null,null,null,null,null
branin,fixed_iso_gpc,random,random,1,3,8,9,1340,22.5140234815506,False,False,False,1333,0.4549313652646845,0.909862730529369,0.6890792979976224,null,null,null,null,null,null,null,null,null,null,null,null,null
branin,fixed_iso_gpc,random,random,1,4,9,10,732,47.43335208302332,False,False,False,728,0.5094130933983223,0.9811738132033554,0.6929699574357016,null,null,null,null,null,null,null,null,null,null,null,null,null
branin,fixed_iso_gpc,random,random,1,5,10,11,1253,24.91229777869023,False,False,False,1247,0.4163208715679332,0.8326417431358664,0.6790766695404628,null,null,null,null,null,null,null,null,null,null,null,null,null
branin,fixed_iso_gpc,random,random,1,6,11,12,12,41.78256879592543,False,False,False,12,0.5247141222008338,0.9505717555983324,0.6919251069851802,null,null,null,null,null,null,null,null,null,null,null,null,null
branin,fixed_iso_gpc,random,random,1,7,12,13,995,10.031106210311318,False,False,True,988,0.4277260875832951,0.8554521751665902,0.6826634560346627,null,null,null,null,null,null,null,null,null,null,null,null,null
branin,fixed_iso_gpc,random,random,1,8,13,14,1251,22.720484132152386,False,False,False,1243,0.45684641382607083,0.9136928276521417,0.6894180788508373,null,null,null,null,null,null,null,null,null,null,null,null,null
branin,fixed_iso_gpc,random,random,1,9,14,15,961,20.2827701550271,False,False,False,954,0.3503813250819121,0.7007626501638242,0.6476823746851839,null,null,null,null,null,null,null,null,null,null,null,null,null
branin,fixed_iso_gpc,random,random,1,10,15,16,146,25.276385088916275,False,False,False,144,0.39638209263151225,0.7927641852630245,0.6715174348332833,null,null,null,null,null,null,null,null,null,null,null,null,null
branin,fixed_iso_gpc,random,random,1,11,16,17,1167,14.171589640171023,False,False,False,1157,0.3440658523031175,0.688131704606235,0.6436955706118088,null,null,null,null,null,null,null,null,null,null,null,null,null
branin,fixed_iso_gpc,random,random,1,12,17,18,447,37.30559090724961,False,False,False,443,0.6434232974684733,0.7131534050630535,0.6514230848322999,null,null,null,null,null,null,null,null,null,null,null,null,null
branin,fixed_iso_gpc,random,random,1,13,18,19,605,41.99456060394752,False,False,False,599,0.639248747860961,0.721502504278078,0.6538492139278504,null,null,null,null,null,null,null,null,null,null,null,null,null
branin,fixed_iso_gpc,random,random,1,14,19,20,322,13.673541614723,False,False,False,319,0.46319912310359257,0.9263982462071851,0.6904361206436065,null,null,null,null,null,null,null,null,null,null,null,null,null
branin,fixed_iso_gpc,random,random,1,15,20,21,138,25.34353722949951,False,False,False,136,0.5978107771847476,0.8043784456305048,0.6738893417234975,null,null,null,null,null,null,null,null,null,null,null,null,null
branin,fixed_iso_gpc,random,random,1,16,21,22,511,125.14239591106406,False,False,False,503,0.3712637365871956,0.7425274731743912,0.6596248385143149,null,null,null,null,null,null,null,null,null,null,null,null,null
branin,fixed_iso_gpc,random,random,1,17,22,23,670,116.12184527824647,False,False,False,659,0.6674090379614768,0.6651819240770465,0.6359983552547797,null,null,null,null,null,null,null,null,null,null,null,null,null
branin,fixed_iso_gpc,random,random,1,18,23,24,10,0.13008064386666263,True,True,True,10,0.36634606617690224,0.7326921323538045,0.6569823179835073,null,null,null,null,null,null,null,null,null,null,null,null,null
branin,fixed_iso_gpc,random,random,1,19,24,25,480,8.755800406329968,False,True,True,471,0.4998859822590892,0.9997719645181784,0.6931471545598547,null,null,null,null,null,null,null,null,null,null,null,null,null
branin,fixed_iso_gpc,random,random,1,20,25,26,544,167.01509377775022,False,False,False,533,0.6836548521453096,0.6326902957093807,0.6240837769090672,null,null,null,null,null,null,null,null,null,null,null,null,null
branin,fixed_iso_gpc,random,random,1,21,26,27,987,91.87751575262841,False,False,False,969,0.6384733609916111,0.7230532780167778,0.6542915134742646,null,null,null,null,null,null,null,null,null,null,null,null,null
branin,fixed_iso_gpc,random,random,1,22,27,28,748,66.65991565128282,False,False,False,732,0.741761196912762,0.516477606174476,0.5712066878387219,null,null,null,null,null,null,null,null,null,null,null,null,null
branin,fixed_iso_gpc,random,random,1,23,28,29,107,16.832517120892497,False,False,False,104,0.6886643711104057,0.6226712577791886,0.6201651602165702,null,null,null,null,null,null,null,null,null,null,null,null,null
branin,fixed_iso_gpc,random,random,1,24,29,30,361,0.9897974973168289,True,True,True,354,0.564947021966816,0.870105956066368,0.68468706433126,null,null,null,null,null,null,null,null,null,null,null,null,null
branin,fixed_iso_gpc,random,random,1,25,30,31,91,4.509636321160404,True,True,True,88,0.4089554985538655,0.817910997107731,0.6764761287564791,null,null,null,null,null,null,null,null,null,null,null,null,null
branin,fixed_iso_gpc,random,random,1,26,31,32,878,16.539506071379236,False,False,False,857,0.6361323128827792,0.7277353742344417,0.6556111105628861,null,null,null,null,null,null,null,null,null,null,null,null,null
branin,fixed_iso_gpc,random,random,1,27,32,33,1136,51.68678723707785,False,False,False,1111,0.7338127803360521,0.5323744393278957,0.5794295744343222,null,null,null,null,null,null,null,null,null,null,null,null,null
branin,fixed_iso_gpc,random,random,1,28,33,34,836,38.975971968336296,False,False,False,816,0.794640642537388,0.41071871492522405,0.5077429048084845,null,null,null,null,null,null,null,null,null,null,null,null,null
branin,fixed_iso_gpc,random,random,1,29,34,35,828,14.051775502397916,False,False,False,808,0.6931513640183766,0.6136972719632467,0.6165559392872499,null,null,null,null,null,null,null,null,null,null,null,null,null
branin,fixed_iso_gpc,random,random,1,30,35,36,1175,22.33152103805653,False,False,False,1146,0.3310772325078233,0.6621544650156466,0.634938892904171,null,null,null,null,null,null,null,null,null,null,null,null,null
branin,fixed_iso_gpc,random,random,1,31,36,37,517,17.504952709867556,False,False,False,503,0.35184873772993797,0.7036974754598759,0.6485835745366915,null,null,null,null,null,null,null,null,null,null,null,null,null
branin,fixed_iso_gpc,random,random,1,32,37,38,864,23.82113096892357,False,False,False,840,0.3157686511750626,0.6315373023501252,0.6236387488112344,null,null,null,null,null,null,null,null,null,null,null,null,null
branin,fixed_iso_gpc,random,random,1,33,38,39,1133,111.28244074381487,False,False,False,1104,0.7665496790167481,0.4669006419665038,0.5434119097326079,null,null,null,null,null,null,null,null,null,null,null,null,null
branin,fixed_iso_gpc,random,random,1,34,39,40,1484,75.58355489192097,False,False,False,1445,0.8564039434461392,0.2871921131077215,0.4114380476229076,null,null,null,null,null,null,null,null,null,null,null,null,null
branin,fixed_iso_gpc,random,random,1,35,40,41,613,103.67871547282232,False,False,False,596,0.7954558035986565,0.40908839280268694,0.506637849103891,null,null,null,null,null,null,null,null,null,null,null,null,null
branin,fixed_iso_gpc,random,random,1,36,41,42,1358,3.816130666495809,True,True,True,1319,0.5160772509541722,0.9678454980916555,0.6926301354454297,null,null,null,null,null,null,null,null,null,null,null,null,null
branin,fixed_iso_gpc,random,random,1,37,42,43,1143,7.130256015024216,False,True,True,1111,0.2764848241539539,0.5529696483079078,0.5896026438372618,null,null,null,null,null,null,null,null,null,null,null,null,null
branin,fixed_iso_gpc,random,random,1,38,43,44,766,48.6356141924483,False,False,False,744,0.6919538227298858,0.6160923545402284,0.6175284393983357,null,null,null,null,null,null,null,null,null,null,null,null,null
branin,fixed_iso_gpc,random,random,1,39,44,45,25,98.17716633561328,False,False,False,23,0.8753481534489538,0.24930369310209244,0.3760921313784886,null,null,null,null,null,null,null,null,null,null,null,null,null
branin,fixed_iso_gpc,random,random,1,40,45,46,51,42.46291796126734,False,False,False,48,0.8103938518321456,0.37921229633570874,0.48565137126947633,null,null,null,null,null,null,null,null,null,null,null,null,null
branin,fixed_iso_gpc,random,random,1,41,46,47,848,19.682164366620825,False,False,False,821,0.3266459100207726,0.6532918200415452,0.6317778344411011,null,null,null,null,null,null,null,null,null,null,null,null,null
branin,fixed_iso_gpc,random,random,1,42,47,48,357,9.6969075589157,False,False,True,347,0.24666109938453928,0.49332219876907857,0.5586371697610311,null,null,null,null,null,null,null,null,null,null,null,null,null
branin,fixed_iso_gpc,random,random,1,43,48,49,365,19.965675110036642,False,False,False,353,0.32383205048046193,0.6476641009609239,0.6297242776617138,null,null,null,null,null,null,null,null,null,null,null,null,null
branin,fixed_iso_gpc,random,random,1,44,49,50,1188,13.817579566213738,False,False,False,1147,0.30651030234383825,0.6130206046876765,0.6162799641483416,null,null,null,null,null,null,null,null,null,null,null,null,null
branin,fixed_iso_gpc,classifier_margin,classifier_margin,1,1,6,7,496,6.650065221798908,False,True,True,494,0.49997816383171323,0.9999563276634265,0.6931471796063088,null,null,null,null,null,null,null,null,null,null,null,null,null
branin,fixed_iso_gpc,classifier_margin,classifier_margin,1,2,7,8,625,8.804497070871207,False,True,True,622,0.5003725225506659,0.9992549548986682,0.6931469030138182,null,null,null,null,null,null,null,null,null,null,null,null,null
branin,fixed_iso_gpc,classifier_margin,classifier_margin,1,3,8,9,779,21.0897807700254,False,False,False,774,0.5001337759986222,0.9997324480027556,0.6931471447679094,null,null,null,null,null,null,null,null,null,null,null,null,null
branin,fixed_iso_gpc,classifier_margin,classifier_margin,1,4,9,10,963,7.271911859685652,False,True,True,957,0.5001102907242697,0.9997794185514606,0.6931471562318574,null,null,null,null,null,null,null,null,null,null,null,null,null
branin,fixed_iso_gpc,classifier_margin,classifier_margin,1,5,10,11,1385,13.787986670776775,False,False,False,1376,0.49996468957844264,0.9999293791568853,0.6931471780662936,null,null,null,null,null,null,null,null,null,null,null,null,null
branin,fixed_iso_gpc,classifier_margin,classifier_margin,1,6,11,12,1145,1.626901685413845,True,True,True,1138,0.5003830375361469,0.9992339249277062,0.6931468871244084,null,null,null,null,null,null,null,null,null,null,null,null,null
branin,fixed_iso_gpc,classifier_margin,classifier_margin,1,7,12,13,366,2.4642652337979243,True,True,True,365,0.49988646159500405,0.9997729231900081,0.6931471547780063,null,null,null,null,null,null,null,null,null,null,null,null,null
branin,fixed_iso_gpc,classifier_margin,classifier_margin,1,8,13,14,433,55.0978636961603,False,False,False,431,0.5001295297179824,0.9997409405640352,0.6931471470040491,null,null,null,null,null,null,null,null,null,null,null,null,null
branin,fixed_iso_gpc,classifier_margin,classifier_margin,1,9,14,15,421,26.632108227838444,False,False,False,419,0.4999966066834819,0.9999932133669638,0.693147180536916,null,null,null,null,null,null,null,null,null,null,null,null,null
branin,fixed_iso_gpc,classifier_margin,classifier_margin,1,10,15,16,825,5.5248676555320415,False,True,True,816,0.4998781676064574,0.9997563352129148,0.6931471508736808,null,null,null,null,null,null,null,null,null,null,null,null,null
branin,fixed_iso_gpc,classifier_margin,classifier_margin,1,11,16,17,928,4.199128857549184,True,True,True,918,0.49974373268031325,0.9994874653606265,0.6931470492140612,null,null,null,null,null,null,null,null,null,null,null,null,null
branin,fixed_iso_gpc,classifier_margin,classifier_margin,1,12,17,18,276,22.190941060129738,False,False,False,275,0.5000394228673165,0.999921154265367,0.6931471774516204,null,null,null,null,null,null,null,null,null,null,null,null,null
branin,fixed_iso_gpc,classifier_margin,classifier_margin,1,13,18,19,1405,9.69133949715961,False,False,True,1387,0.5000117717086926,0.9999764565826148,0.6931471802827991,null,null,null,null,null,null,null,null,null,null,null,null,null
branin,fixed_iso_gpc,classifier_margin,classifier_margin,1,14,19,20,1155,9.7877527804097,False,False,True,1141,0.4994578408845355,0.998915681769071,0.6931465926868172,null,null,null,null,null,null,null,null,null,null,null,null,null
branin,fixed_iso_gpc,classifier_margin,classifier_margin,1,15,20,21,589,23.254568101252676,False,False,False,582,0.5000282974507524,0.9999434050984952,0.6931471789584538,null,null,null,null,null,null,null,null,null,null,null,null,null
branin,fixed_iso_gpc,classifier_margin,classifier_margin,1,16,21,22,153,9.929467923626675,False,False,True,152,0.49977034313271956,0.9995406862654391,0.6931470750753883,null,null,null,null,null,null,null,null,null,null,null,null,null
branin,fixed_iso_gpc,classifier_margin,classifier_margin,1,17,22,23,1203,13.948523505168765,False,False,False,1186,0.5003103976245259,0.9993792047509482,0.6931469878665624,null,null,null,null,null,null,null,null,null,null,null,null,null
branin,fixed_iso_gpc,classifier_margin,classifier_margin,1,18,23,24,3,8.344917099383217,False,True,True,3,0.5000429477081351,0.9999141045837299,0.6931471768709341,null,null,null,null,null,null,null,null,null,null,null,null,null
branin,fixed_iso_gpc,classifier_margin,classifier_margin,1,19,24,25,558,5.615597278558084,False,True,True,549,0.4990796785678715,0.998159357135743,0.6931454865759119,null,null,null,null,null,null,null,null,null,null,null,null,null
branin,fixed_iso_gpc,classifier_margin,classifier_margin,1,20,25,26,979,26.450632961267047,False,False,False,962,0.5000103205324734,0.9999793589350532,0.6931471803469185,null,null,null,null,null,null,null,null,null,null,null,null,null
branin,fixed_iso_gpc,classifier_margin,classifier_margin,1,21,26,27,335,2.004724092928246,True,True,True,331,0.5001649452258912,0.9996701095482177,0.6931471261460893,null,null,null,null,null,null,null,null,null,null,null,null,null
branin,fixed_iso_gpc,classifier_margin,classifier_margin,1,22,27,28,568,15.690176421104098,False,False,False,557,0.4999054355381366,0.9998108710762732,0.6931471626750703,null,null,null,null,null,null,null,null,null,null,null,null,null
branin,fixed_iso_gpc,classifier_margin,classifier_margin,1,23,28,29,820,2.9174638288135526,True,True,True,804,0.500432030065385,0.9991359398692301,0.693146807259944,null,null,null,null,null,null,null,null,null,null,null,null,null
branin,fixed_iso_gpc,classifier_margin,classifier_margin,1,24,29,30,345,11.682913657917538,False,False,True,340,0.5011343856278128,0.9977312287443745,0.6931446068962321,null,null,null,null,null,null,null,null,null,null,null,null,null
branin,fixed_iso_gpc,classifier_margin,classifier_margin,1,25,30,31,962,5.816066637052273,False,True,True,942,0.5005922855329434,0.9988154289341131,0.6931464789554762,null,null,null,null,null,null,null,null,null,null,null,null,null
branin,fixed_iso_gpc,classifier_margin,classifier_margin,1,26,31,32,91,4.509636321160404,True,True,True,89,0.5000940535219278,0.9998118929561444,0.6931471628678152,null,null,null,null,null,null,null,null,null,null,null,null,null
branin,fixed_iso_gpc,classifier_margin,classifier_margin,1,27,32,33,134,6.218280394166776,False,True,True,131,0.49821907369451246,0.9964381473890249,0.6931408371495211,null,null,null,null,null,null,null,null,null,null,null,null,null
branin,fixed_iso_gpc,classifier_margin,classifier_margin,1,28,33,34,1406,15.595613602580778,False,False,False,1373,0.4999362224218899,0.9998724448437798,0.6931471724247863,null,null,null,null,null,null,null,null,null,null,null,null,null
branin,fixed_iso_gpc,classifier_margin,classifier_margin,1,29,34,35,778,3.6520003455161323,True,True,True,760,0.49923798456706336,0.9984759691341267,0.6931460192244556,null,null,null,null,null,null,null,null,null,null,null,null,null
branin,fixed_iso_gpc,classifier_margin,classifier_margin,1,30,35,36,924,6.557167194239295,False,True,True,902,0.5003597636413447,0.9992804727173106,0.6931469217001678,null,null,null,null,null,null,null,null,null,null,null,null,null
branin,fixed_iso_gpc,classifier_margin,classifier_margin,1,31,36,37,1349,5.778262743952908,False,True,True,1317,0.49981595213095253,0.9996319042619051,0.6931471128127076,null,null,null,null,null,null,null,null,null,null,null,null,null
branin,fixed_iso_gpc,classifier_margin,classifier_margin,1,32,37,38,468,7.919295521659318,False,True,True,456,0.5000732288996853,0.9998535422006294,0.6931471698350018,null,null,null,null,null,null,null,null,null,null,null,null,null
branin,fixed_iso_gpc,classifier_margin,classifier_margin,1,33,38,39,647,0.18988588755752644,True,True,True,629,0.5011145803463086,0.9977708393073828,0.6931446959791908,null,null,null,null,null,null,null,null,null,null,null,null,null
branin,fixed_iso_gpc,classifier_margin,classifier_margin,1,34,39,40,1019,4.099093688029086,True,True,True,990,0.5032341066002051,0.9935317867995899,0.6931262615230732,null,null,null,null,null,null,null,null,null,null,null,null,null
branin,fixed_iso_gpc,classifier_margin,classifier_margin,1,35,40,41,817,16.46814043025998,False,False,False,795,0.4998587191057055,0.999717438211411,0.6931471406393626,null,null,null,null,null,null,null,null,null,null,null,null,null
branin,fixed_iso_gpc,classifier_margin,classifier_margin,1,36,41,42,173,0.12560377909652232,True,True,True,168,0.5006553425131672,0.9986893149736655,0.6931463216120803,null,null,null,null,null,null,null,null,null,null,null,null,null
branin,fixed_iso_gpc,classifier_margin,classifier_margin,1,37,42,43,872,5.996440550031664,False,True,True,846,0.4997816951407317,0.9995633902814633,0.6931470852459191,null,null,null,null,null,null,null,null,null,null,null,null,null
branin,fixed_iso_gpc,classifier_margin,classifier_margin,1,38,43,44,1268,6.160219630293476,False,True,True,1232,0.4995617733880411,0.9991235467760822,0.6931467964747693,null,null,null,null,null,null,null,null,null,null,null,null,null
branin,fixed_iso_gpc,classifier_margin,classifier_margin,1,39,44,45,959,8.254322347533357,False,True,True,930,0.5007581417500464,0.9984837164999072,0.6931460310016785,null,null,null,null,null,null,null,null,null,null,null,null,null
branin,fixed_iso_gpc,classifier_margin,classifier_margin,1,40,45,46,304,1.3933978938218523,True,True,True,297,0.49986888896227666,0.9997377779245533,0.6931471461797365,null,null,null,null,null,null,null,null,null,null,null,null,null
branin,fixed_iso_gpc,classifier_margin,classifier_margin,1,41,46,47,1142,4.175143242913762,True,True,True,1107,0.5006739655652648,0.9986520688694704,0.6931462721005038,null,null,null,null,null,null,null,null,null,null,null,null,null
branin,fixed_iso_gpc,classifier_margin,classifier_margin,1,42,47,48,1202,5.627758576756271,False,True,True,1164,0.4991097584724997,0.9982195169449994,0.6931455954991532,null,null,null,null,null,null,null,null,null,null,null,null,null
branin,fixed_iso_gpc,classifier_margin,classifier_margin,1,43,48,49,1066,4.498528032932569,True,True,True,1031,0.49987994044243417,0.9997598808848683,0.6931471517313503,null,null,null,null,null,null,null,null,null,null,null,null,null
branin,fixed_iso_gpc,classifier_margin,classifier_margin,1,44,49,50,1039,0.7166885589707945,True,True,True,1004,0.49945495719936306,0.9989099143987261,0.6931465864165186,null,null,null,null,null,null,null,null,null,null,null,null,null
branin,fixed_iso_gpc,classifier_entropy,classifier_entropy,1,1,6,7,496,6.650065221798908,False,True,True,494,0.49997816383171323,0.9999563276634265,0.6931471796063088,Binary entropy is monotone-equivalent to classifier margin.,null,null,null,null,null,null,null,null,null,null,null,null
branin,fixed_iso_gpc,classifier_entropy,classifier_entropy,1,2,7,8,625,8.804497070871207,False,True,True,622,0.5003725225506659,0.9992549548986682,0.6931469030138182,Binary entropy is monotone-equivalent to classifier margin.,null,null,null,null,null,null,null,null,null,null,null,null
branin,fixed_iso_gpc,classifier_entropy,classifier_entropy,1,3,8,9,779,21.0897807700254,False,False,False,774,0.5001337759986222,0.9997324480027556,0.6931471447679094,Binary entropy is monotone-equivalent to classifier margin.,null,null,null,null,null,null,null,null,null,null,null,null
branin,fixed_iso_gpc,classifier_entropy,classifier_entropy,1,4,9,10,963,7.271911859685652,False,True,True,957,0.5001102907242697,0.9997794185514606,0.6931471562318574,Binary entropy is monotone-equivalent to classifier margin.,null,null,null,null,null,null,null,null,null,null,null,null
branin,fixed_iso_gpc,classifier_entropy,classifier_entropy,1,5,10,11,1385,13.787986670776775,False,False,False,1376,0.49996468957844264,0.9999293791568853,0.6931471780662936,Binary entropy is monotone-equivalent to classifier margin.,null,null,null,null,null,null,null,null,null,null,null,null
branin,fixed_iso_gpc,classifier_entropy,classifier_entropy,1,6,11,12,1145,1.626901685413845,True,True,True,1138,0.5003830375361469,0.9992339249277062,0.6931468871244084,Binary entropy is monotone-equivalent to classifier margin.,null,null,null,null,null,null,null,null,null,null,null,null
branin,fixed_iso_gpc,classifier_entropy,classifier_entropy,1,7,12,13,366,2.4642652337979243,True,True,True,365,0.49988646159500405,0.9997729231900081,0.6931471547780063,Binary entropy is monotone-equivalent to classifier margin.,null,null,null,null,null,null,null,null,null,null,null,null
branin,fixed_iso_gpc,classifier_entropy,classifier_entropy,1,8,13,14,433,55.0978636961603,False,False,False,431,0.5001295297179824,0.9997409405640352,0.6931471470040491,Binary entropy is monotone-equivalent to classifier margin.,null,null,null,null,null,null,null,null,null,null,null,null
branin,fixed_iso_gpc,classifier_entropy,classifier_entropy,1,9,14,15,421,26.632108227838444,False,False,False,419,0.4999966066834819,0.9999932133669638,0.693147180536916,Binary entropy is monotone-equivalent to classifier margin.,null,null,null,null,null,null,null,null,null,null,null,null
branin,fixed_iso_gpc,classifier_entropy,classifier_entropy,1,10,15,16,825,5.5248676555320415,False,True,True,816,0.4998781676064574,0.9997563352129148,0.6931471508736808,Binary entropy is monotone-equivalent to classifier margin.,null,null,null,null,null,null,null,null,null,null,null,null
branin,fixed_iso_gpc,classifier_entropy,classifier_entropy,1,11,16,17,928,4.199128857549184,True,True,True,918,0.49974373268031325,0.9994874653606265,0.6931470492140612,Binary entropy is monotone-equivalent to classifier margin.,null,null,null,null,null,null,null,null,null,null,null,null
branin,fixed_iso_gpc,classifier_entropy,classifier_entropy,1,12,17,18,276,22.190941060129738,False,False,False,275,0.5000394228673165,0.999921154265367,0.6931471774516204,Binary entropy is monotone-equivalent to classifier margin.,null,null,null,null,null,null,null,null,null,null,null,null
branin,fixed_iso_gpc,classifier_entropy,classifier_entropy,1,13,18,19,1405,9.69133949715961,False,False,True,1387,0.5000117717086926,0.9999764565826148,0.6931471802827991,Binary entropy is monotone-equivalent to classifier margin.,null,null,null,null,null,null,null,null,null,null,null,null
branin,fixed_iso_gpc,classifier_entropy,classifier_entropy,1,14,19,20,1155,9.7877527804097,False,False,True,1141,0.4994578408845355,0.998915681769071,0.6931465926868172,Binary entropy is monotone-equivalent to classifier margin.,null,null,null,null,null,null,null,null,null,null,null,null
branin,fixed_iso_gpc,classifier_entropy,classifier_entropy,1,15,20,21,589,23.254568101252676,False,False,False,582,0.5000282974507524,0.9999434050984952,0.6931471789584538,Binary entropy is monotone-equivalent to classifier margin.,null,null,null,null,null,null,null,null,null,null,null,null
branin,fixed_iso_gpc,classifier_entropy,classifier_entropy,1,16,21,22,153,9.929467923626675,False,False,True,152,0.49977034313271956,0.9995406862654391,0.6931470750753883,Binary entropy is monotone-equivalent to classifier margin.,null,null,null,null,null,null,null,null,null,null,null,null
branin,fixed_iso_gpc,classifier_entropy,classifier_entropy,1,17,22,23,1203,13.948523505168765,False,False,False,1186,0.5003103976245259,0.9993792047509482,0.6931469878665624,Binary entropy is monotone-equivalent to classifier margin.,null,null,null,null,null,null,null,null,null,null,null,null
branin,fixed_iso_gpc,classifier_entropy,classifier_entropy,1,18,23,24,3,8.344917099383217,False,True,True,3,0.5000429477081351,0.9999141045837299,0.6931471768709341,Binary entropy is monotone-equivalent to classifier margin.,null,null,null,null,null,null,null,null,null,null,null,null
branin,fixed_iso_gpc,classifier_entropy,classifier_entropy,1,19,24,25,558,5.615597278558084,False,True,True,549,0.4990796785678715,0.998159357135743,0.6931454865759119,Binary entropy is monotone-equivalent to classifier margin.,null,null,null,null,null,null,null,null,null,null,null,null
branin,fixed_iso_gpc,classifier_entropy,classifier_entropy,1,20,25,26,979,26.450632961267047,False,False,False,962,0.5000103205324734,0.9999793589350532,0.6931471803469185,Binary entropy is monotone-equivalent to classifier margin.,null,null,null,null,null,null,null,null,null,null,null,null
branin,fixed_iso_gpc,classifier_entropy,classifier_entropy,1,21,26,27,335,2.004724092928246,True,True,True,331,0.5001649452258912,0.9996701095482177,0.6931471261460893,Binary entropy is monotone-equivalent to classifier margin.,null,null,null,null,null,null,null,null,null,null,null,null
branin,fixed_iso_gpc,classifier_entropy,classifier_entropy,1,22,27,28,568,15.690176421104098,False,False,False,557,0.4999054355381366,0.9998108710762732,0.6931471626750703,Binary entropy is monotone-equivalent to classifier margin.,null,null,null,null,null,null,null,null,null,null,null,null
branin,fixed_iso_gpc,classifier_entropy,classifier_entropy,1,23,28,29,820,2.9174638288135526,True,True,True,804,0.500432030065385,0.9991359398692301,0.693146807259944,Binary entropy is monotone-equivalent to classifier margin.,null,null,null,null,null,null,null,null,null,null,null,null
branin,fixed_iso_gpc,classifier_entropy,classifier_entropy,1,24,29,30,345,11.682913657917538,False,False,True,340,0.5011343856278128,0.9977312287443745,0.6931446068962321,Binary entropy is monotone-equivalent to classifier margin.,null,null,null,null,null,null,null,null,null,null,null,null
branin,fixed_iso_gpc,classifier_entropy,classifier_entropy,1,25,30,31,962,5.816066637052273,False,True,True,942,0.5005922855329434,0.9988154289341131,0.6931464789554762,Binary entropy is monotone-equivalent to classifier margin.,null,null,null,null,null,null,null,null,null,null,null,null
branin,fixed_iso_gpc,classifier_entropy,classifier_entropy,1,26,31,32,91,4.509636321160404,True,True,True,89,0.5000940535219278,0.9998118929561444,0.6931471628678152,Binary entropy is monotone-equivalent to classifier margin.,null,null,null,null,null,null,null,null,null,null,null,null
branin,fixed_iso_gpc,classifier_entropy,classifier_entropy,1,27,32,33,134,6.218280394166776,False,True,True,131,0.49821907369451246,0.9964381473890249,0.6931408371495211,Binary entropy is monotone-equivalent to classifier margin.,null,null,null,null,null,null,null,null,null,null,null,null
branin,fixed_iso_gpc,classifier_entropy,classifier_entropy,1,28,33,34,1406,15.595613602580778,False,False,False,1373,0.4999362224218899,0.9998724448437798,0.6931471724247863,Binary entropy is monotone-equivalent to classifier margin.,null,null,null,null,null,null,null,null,null,null,null,null
branin,fixed_iso_gpc,classifier_entropy,classifier_entropy,1,29,34,35,778,3.6520003455161323,True,True,True,760,0.49923798456706336,0.9984759691341267,0.6931460192244556,Binary entropy is monotone-equivalent to classifier margin.,null,null,null,null,null,null,null,null,null,null,null,null
branin,fixed_iso_gpc,classifier_entropy,classifier_entropy,1,30,35,36,924,6.557167194239295,False,True,True,902,0.5003597636413447,0.9992804727173106,0.6931469217001678,Binary entropy is monotone-equivalent to classifier margin.,null,null,null,null,null,null,null,null,null,null,null,null
branin,fixed_iso_gpc,classifier_entropy,classifier_entropy,1,31,36,37,1349,5.778262743952908,False,True,True,1317,0.49981595213095253,0.9996319042619051,0.6931471128127076,Binary entropy is monotone-equivalent to classifier margin.,null,null,null,null,null,null,null,null,null,null,null,null
branin,fixed_iso_gpc,classifier_entropy,classifier_entropy,1,32,37,38,468,7.919295521659318,False,True,True,456,0.5000732288996853,0.9998535422006294,0.6931471698350018,Binary entropy is monotone-equivalent to classifier margin.,null,null,null,null,null,null,null,null,null,null,null,null
branin,fixed_iso_gpc,classifier_entropy,classifier_entropy,1,33,38,39,647,0.18988588755752644,True,True,True,629,0.5011145803463086,0.9977708393073828,0.6931446959791908,Binary entropy is monotone-equivalent to classifier margin.,null,null,null,null,null,null,null,null,null,null,null,null
branin,fixed_iso_gpc,classifier_entropy,classifier_entropy,1,34,39,40,1019,4.099093688029086,True,True,True,990,0.5032341066002051,0.9935317867995899,0.6931262615230732,Binary entropy is monotone-equivalent to classifier margin.,null,null,null,null,null,null,null,null,null,null,null,null
branin,fixed_iso_gpc,classifier_entropy,classifier_entropy,1,35,40,41,817,16.46814043025998,False,False,False,795,0.4998587191057055,0.999717438211411,0.6931471406393626,Binary entropy is monotone-equivalent to classifier margin.,null,null,null,null,null,null,null,null,null,null,null,null
branin,fixed_iso_gpc,classifier_entropy,classifier_entropy,1,36,41,42,173,0.12560377909652232,True,True,True,168,0.5006553425131672,0.9986893149736655,0.6931463216120803,Binary entropy is monotone-equivalent to classifier margin.,null,null,null,null,null,null,null,null,null,null,null,null
branin,fixed_iso_gpc,classifier_entropy,classifier_entropy,1,37,42,43,872,5.996440550031664,False,True,True,846,0.4997816951407317,0.9995633902814633,0.6931470852459191,Binary entropy is monotone-equivalent to classifier margin.,null,null,null,null,null,null,null,null,null,null,null,null
branin,fixed_iso_gpc,classifier_entropy,classifier_entropy,1,38,43,44,1268,6.160219630293476,False,True,True,1232,0.4995617733880411,0.9991235467760822,0.6931467964747693,Binary entropy is monotone-equivalent to classifier margin.,null,null,null,null,null,null,null,null,null,null,null,null
branin,fixed_iso_gpc,classifier_entropy,classifier_entropy,1,39,44,45,959,8.254322347533357,False,True,True,930,0.5007581417500464,0.9984837164999072,0.6931460310016785,Binary entropy is monotone-equivalent to classifier margin.,null,null,null,null,null,null,null,null,null,null,null,null
branin,fixed_iso_gpc,classifier_entropy,classifier_entropy,1,40,45,46,304,1.3933978938218523,True,True,True,297,0.49986888896227666,0.9997377779245533,0.6931471461797365,Binary entropy is monotone-equivalent to classifier margin.,null,null,null,null,null,null,null,null,null,null,null,null
branin,fixed_iso_gpc,classifier_entropy,classifier_entropy,1,41,46,47,1142,4.175143242913762,True,True,True,1107,0.5006739655652648,0.9986520688694704,0.6931462721005038,Binary entropy is monotone-equivalent to classifier margin.,null,null,null,null,null,null,null,null,null,null,null,null
branin,fixed_iso_gpc,classifier_entropy,classifier_entropy,1,42,47,48,1202,5.627758576756271,False,True,True,1164,0.4991097584724997,0.9982195169449994,0.6931455954991532,Binary entropy is monotone-equivalent to classifier margin.,null,null,null,null,null,null,null,null,null,null,null,null
branin,fixed_iso_gpc,classifier_entropy,classifier_entropy,1,43,48,49,1066,4.498528032932569,True,True,True,1031,0.49987994044243417,0.9997598808848683,0.6931471517313503,Binary entropy is monotone-equivalent to classifier margin.,null,null,null,null,null,null,null,null,null,null,null,null
branin,fixed_iso_gpc,classifier_entropy,classifier_entropy,1,44,49,50,1039,0.7166885589707945,True,True,True,1004,0.49945495719936306,0.9989099143987261,0.6931465864165186,Binary entropy is monotone-equivalent to classifier margin.,null,null,null,null,null,null,null,null,null,null,null,null
branin,fixed_iso_gpc,classifier_gated_diversity,classifier_gated_diversity,1,1,6,7,46,6.992640873967403,False,True,True,46,0.5001299287489773,0.9997401425020453,0.6931471467969854,null,0.1,25,150,0.5,3,0.9838538906903328,0.48790957390277473,0.9318677963648323,0.9578608435275826,null,null,null
branin,fixed_iso_gpc,classifier_gated_diversity,classifier_gated_diversity,1,2,7,8,1049,209.72860092571702,False,False,False,1045,0.5009658013129521,0.9980683973740958,0.6931453150144331,null,0.1,25,150,0.5,12,0.9304074801293453,0.41168760534792853,1.0,0.9652037400646727,null,null,null
branin,fixed_iso_gpc,classifier_gated_diversity,classifier_gated_diversity,1,3,8,9,1313,109.70950223453994,False,False,False,1307,0.5000511980165401,0.9998976039669198,0.6931471753174716,null,0.1,25,150,0.5,0,1.0,0.22961318175729822,0.7352687136328139,0.8676343568164069,null,null,null
branin,fixed_iso_gpc,classifier_gated_diversity,classifier_gated_diversity,1,4,9,10,463,106.14620086258108,False,False,False,460,0.5016122251642612,0.9967755496714776,0.6931419820109765,null,0.1,25,150,0.5,15,0.8839284351193862,0.28204587454109575,0.9063961006675959,0.8951622678934911,null,null,null
branin,fixed_iso_gpc,classifier_gated_diversity,classifier_gated_diversity,1,5,10,11,847,11.419178199491085,False,False,True,842,0.5026347409737335,0.994730518052533,0.6931332967756947,null,0.1,25,149,0.5,27,0.8272057369517485,0.2801496791721952,0.9227275047322032,0.8749666208419759,null,null,null
branin,fixed_iso_gpc,classifier_gated_diversity,classifier_gated_diversity,1,6,11,12,678,15.899384356346271,False,False,False,673,0.4997174679204812,0.9994349358409624,0.693147020911185,null,0.1,25,149,0.5,2,0.9903379235056876,0.19949758187891428,0.6875561921603389,0.8389470578330133,null,null,null
branin,fixed_iso_gpc,classifier_gated_diversity,classifier_gated_diversity,1,7,12,13,904,4.9033590132879326,True,True,True,897,0.5034970736701974,0.9930058526596053,0.6931227213120168,null,0.1,25,149,0.5,35,0.7812597374739311,0.2524494570577617,0.8874833069146592,0.8343715221942951,null,null,null
branin,fixed_iso_gpc,classifier_gated_diversity,classifier_gated_diversity,1,8,13,14,1223,78.10205255879777,False,False,False,1214,0.5004786151092093,0.9990427697815814,0.6931467224150298,null,0.1,25,149,0.5,8,0.9668669452229294,0.36703604081594565,0.7562230219608265,0.8615449835918779,null,null,null
branin,fixed_iso_gpc,classifier_gated_diversity,classifier_gated_diversity,1,9,14,15,277,3.29575639592813,True,True,True,275,0.5013179543471633,0.9973640913056734,0.6931437065485999,null,0.1,25,149,0.5,16,0.9210524269011563,0.1697665747742221,0.9722429906256405,0.9466477087633984,null,null,null
branin,fixed_iso_gpc,classifier_gated_diversity,classifier_gated_diversity,1,10,15,16,548,9.274083929816591,False,False,True,543,0.5013678611859103,0.9972642776281795,0.6931434384668298,null,0.1,25,149,0.5,13,0.9044155538005079,0.19236289425423492,0.8956497093163687,0.9000326315584383,null,null,null
branin,fixed_iso_gpc,classifier_gated_diversity,classifier_gated_diversity,1,11,16,17,655,5.166263181653463,True,True,True,649,0.5026307432563373,0.9947385134873254,0.6931333388759195,null,0.1,25,149,0.5,19,0.8345805322441046,0.21239159845787012,0.9835061253620394,0.9090433288030719,null,null,null
branin,fixed_iso_gpc,classifier_gated_diversity,classifier_gated_diversity,1,12,17,18,1342,0.355991190879962,True,True,True,1326,0.499336732730143,0.998673465460286,0.6931463007127447,null,0.1,25,149,0.5,4,0.9742106783751815,0.16096034362413505,0.8476925089832865,0.9109515936792341,null,null,null
branin,fixed_iso_gpc,classifier_gated_diversity,classifier_gated_diversity,1,13,18,19,1201,19.35192986559919,False,False,False,1189,0.49813111691338596,0.9962622338267719,0.6931401950956968,null,0.1,25,149,0.5,7,0.9108843693336086,0.18681445188724785,1.0,0.9554421846668043,null,null,null
branin,fixed_iso_gpc,classifier_gated_diversity,classifier_gated_diversity,1,14,19,20,919,29.48924744870618,False,False,False,908,0.49933538382398157,0.9986707676479631,0.6931462971303624,null,0.1,25,149,0.5,4,0.9640759408993339,0.1429935756465979,0.8690795195751219,0.9165777302372279,null,null,null
branin,fixed_iso_gpc,classifier_gated_diversity,classifier_gated_diversity,1,15,20,21,851,17.87882271777815,False,False,False,841,0.5020600026756656,0.9958799946486687,0.6931386933138867,null,0.1,25,148,0.5,18,0.8736547195004727,0.15112530958967219,0.9153576354217141,0.8945061774610934,null,null,null
branin,fixed_iso_gpc,classifier_gated_diversity,classifier_gated_diversity,1,16,21,22,1443,20.739286254571752,False,False,False,1422,0.4954506005493222,0.9909012010986444,0.6931057859180464,null,0.1,25,148,0.5,43,0.6989495634946292,0.19717715819623666,0.8648331652841662,0.7818913643893977,null,null,null
branin,fixed_iso_gpc,classifier_gated_diversity,classifier_gated_diversity,1,17,22,23,1235,18.447097102003703,False,False,False,1219,0.5008296865967896,0.9983406268064208,0.6931458037996157,null,0.1,25,148,0.5,6,0.9542720905817725,0.12284316994415695,0.7966486306028884,0.8754603605923305,null,null,null
branin,fixed_iso_gpc,classifier_gated_diversity,classifier_gated_diversity,1,18,23,24,632,15.223520986385068,False,False,False,626,0.4989418016106375,0.997883603221275,0.693144940990611,null,0.1,25,148,0.5,7,0.9575190888877532,0.15390817441561838,0.9593852964112157,0.9584521926494844,null,null,null
branin,fixed_iso_gpc,classifier_gated_diversity,classifier_gated_diversity,1,19,24,25,400,75.74719876193095,False,False,False,397,0.5000934028997308,0.9998131942005384,0.6931471631117418,null,0.1,25,148,0.5,0,1.0,0.10634423146294378,0.7087517746507519,0.854375887325376,null,null,null
branin,fixed_iso_gpc,classifier_gated_diversity,classifier_gated_diversity,1,20,25,26,1158,5.842021837299669,False,True,True,1142,0.4980773725031913,0.9961547450063826,0.6931397875487435,null,0.1,25,148,0.5,12,0.9063721998788097,0.11577072215951222,0.8896769238464468,0.8980245618626282,null,null,null
branin,fixed_iso_gpc,classifier_gated_diversity,classifier_gated_diversity,1,21,26,27,152,3.70526101755609,True,True,True,150,0.5000086406359343,0.9999827187281314,0.6931471804106242,null,0.1,25,148,0.5,0,1.0,0.11101228822504476,0.8001283874414038,0.9000641937207019,null,null,null
branin,fixed_iso_gpc,classifier_gated_diversity,classifier_gated_diversity,1,22,27,28,1162,8.557241116766768,False,True,True,1144,0.5011527376528417,0.9976945246943165,0.6931445229493984,null,0.1,25,148,0.5,7,0.9506950225975961,0.09616775501446848,0.6797928500036508,0.8152439363006234,null,null,null
branin,fixed_iso_gpc,classifier_gated_diversity,classifier_gated_diversity,1,23,28,29,694,16.5244978920839,False,False,False,682,0.5037354805922387,0.9925290388155226,0.6931192726698177,null,0.1,25,148,0.5,20,0.8438948195655066,0.11759525920169428,0.8534925006253641,0.8486936600954353,null,null,null
branin,fixed_iso_gpc,classifier_gated_diversity,classifier_gated_diversity,1,24,29,30,1369,13.502200969938109,False,False,False,1342,0.5038307490375011,0.9923385019249977,0.6931178309964353,null,0.1,25,148,0.5,21,0.8297901324466457,0.09549311619341323,0.9399706157063571,0.8848803740765014,null,null,null
branin,fixed_iso_gpc,classifier_gated_diversity,classifier_gated_diversity,1,25,30,31,450,32.86556076578436,False,False,False,445,0.49493529658304247,0.9898705931660849,0.6930958772411924,null,0.1,25,147,0.5,40,0.6722517443927312,0.16610472950441704,0.9425879310704325,0.8074198377315818,null,null,null
branin,fixed_iso_gpc,classifier_gated_diversity,classifier_gated_diversity,1,26,31,32,408,25.0590779921552,False,False,False,403,0.4997346451342066,0.9994692902684132,0.6931470397335291,null,0.1,25,147,0.5,7,0.9801900329241595,0.1362390342698168,0.9617675934586353,0.9709788131913974,null,null,null
branin,fixed_iso_gpc,classifier_gated_diversity,classifier_gated_diversity,1,27,32,33,1483,13.3782768805174,False,False,False,1451,0.4993430653682336,0.9986861307364672,0.6931463174334762,null,0.1,25,147,0.5,6,0.9658681386232202,0.09827031678538295,0.8979709223156377,0.931919530469429,null,null,null
branin,fixed_iso_gpc,classifier_gated_diversity,classifier_gated_diversity,1,28,33,34,73,9.857750689247865,False,False,True,71,0.5014057241866117,0.9971885516267767,0.6931432284337612,null,0.1,25,147,0.5,10,0.9450699735290108,0.08913753675574064,0.8478897397706433,0.8964798566498271,null,null,null
branin,fixed_iso_gpc,classifier_gated_diversity,classifier_gated_diversity,1,29,34,35,1110,4.753869939597951,True,True,True,1089,0.4995751929691664,0.9991503859383328,0.693146819637875,null,0.1,25,147,0.5,3,0.9899357236075387,0.08493154164545333,0.8129955802998287,0.9014656519536837,null,null,null
branin,fixed_iso_gpc,classifier_gated_diversity,classifier_gated_diversity,1,30,35,36,898,8.674711265688671,False,True,True,880,0.502269436679927,0.9954611266401461,0.6931368798388886,null,0.1,25,147,0.5,17,0.9004999837733065,0.08877008482718649,0.8520851919959938,0.8762925878846501,null,null,null
branin,fixed_iso_gpc,classifier_gated_diversity,classifier_gated_diversity,1,31,36,37,427,9.565814436880594,False,False,True,420,0.49863553973101116,0.9972710794620223,0.6931434570516726,null,0.1,25,147,0.5,8,0.9412645460977784,0.09424461236732264,0.8953546488495387,0.9183095974736586,null,null,null
branin,fixed_iso_gpc,classifier_gated_diversity,classifier_gated_diversity,1,32,37,38,886,12.54825863587019,False,False,False,867,0.49766426638187866,0.9953285327637573,0.6931362692171898,null,0.1,25,147,0.5,17,0.895785674003477,0.08240419215320631,0.7764359022819306,0.8361107881427038,null,null,null
branin,fixed_iso_gpc,classifier_gated_diversity,classifier_gated_diversity,1,33,38,39,1042,9.650783070938889,False,False,True,1019,0.4975713886115747,0.9951427772231494,0.6931353842070086,null,0.1,25,147,0.5,17,0.8971833471648224,0.09888563098306377,0.9043807828562653,0.9007820650105438,null,null,null
branin,fixed_iso_gpc,classifier_gated_diversity,classifier_gated_diversity,1,34,39,40,817,16.46814043025998,False,False,False,800,0.5004569660480086,0.9990860679039828,0.6931467629239492,null,0.1,25,147,0.5,2,0.9824821796252968,0.07605659076944747,0.7226179638081026,0.8525500717166997,null,null,null
branin,fixed_iso_gpc,classifier_gated_diversity,classifier_gated_diversity,1,35,40,41,14,14.629017811506655,False,False,False,14,0.4979842753350696,0.9959685506701392,0.6931390542460834,null,0.1,25,146,0.5,13,0.9143217287233698,0.07450123599662165,0.7067790865984193,0.8105504076608945,null,null,null
branin,fixed_iso_gpc,classifier_gated_diversity,classifier_gated_diversity,1,36,41,42,333,1.3295888706454058,True,True,True,327,0.5056393778811614,0.9887212442376772,0.6930835740455645,null,0.1,25,146,0.5,31,0.7786057740632926,0.07948104446769952,0.8354987528860321,0.8070522634746624,null,null,null
branin,fixed_iso_gpc,classifier_gated_diversity,classifier_gated_diversity,1,37,42,43,1220,10.638368391558288,False,False,True,1188,0.49736057840455317,0.9947211568091063,0.6931332474025171,null,0.1,25,146,0.5,17,0.9020850559176369,0.06783185313572654,0.8064760556952288,0.8542805558064328,null,null,null
branin,fixed_iso_gpc,classifier_gated_diversity,classifier_gated_diversity,1,38,43,44,232,5.740121443154898,False,True,True,227,0.49938182247630913,0.9987636449526183,0.693146416272849,null,0.1,25,146,0.5,4,0.9748204656433224,0.06277994980001649,0.7081993718449078,0.8415099187441151,null,null,null
branin,fixed_iso_gpc,classifier_gated_diversity,classifier_gated_diversity,1,39,44,45,1319,29.69734263504023,False,False,False,1280,0.5001593039202323,0.9996813921595353,0.6931471298044665,null,0.1,25,146,0.5,1,0.9946066409051513,0.08035261007778487,0.974679381969278,0.9846430114372147,null,null,null
branin,fixed_iso_gpc,classifier_gated_diversity,classifier_gated_diversity,1,40,45,46,178,7.203845781526269,False,True,True,173,0.503136347877664,0.9937273042446719,0.6931275070749101,null,0.1,25,146,0.5,27,0.8707770484541019,0.06756976579979398,0.9146548934023493,0.8927159709282255,null,null,null
branin,fixed_iso_gpc,classifier_gated_diversity,classifier_gated_diversity,1,41,46,47,1402,9.085982688799227,False,False,True,1359,0.5016942393061639,0.9966115213876723,0.6931414396553062,null,0.1,25,146,0.5,20,0.9262880537497004,0.06093658379037301,0.8613943208440643,0.8938411872968823,null,null,null
branin,fixed_iso_gpc,classifier_gated_diversity,classifier_gated_diversity,1,42,47,48,1142,4.175143242913762,True,True,True,1111,0.5028687070734392,0.9942625858531215,0.6931307215090985,null,0.1,25,146,0.5,17,0.899935281346928,0.06400426892454729,0.8624533320582792,0.8811943067026036,null,null,null
branin,fixed_iso_gpc,classifier_gated_diversity,classifier_gated_diversity,1,43,48,49,1203,13.948523505168765,False,False,False,1168,0.50022224893673,0.9995555021265401,0.6931470817707623,null,0.1,25,146,0.5,0,1.0,0.106711122264572,1.0,1.0,null,null,null
branin,fixed_iso_gpc,classifier_gated_diversity,classifier_gated_diversity,1,44,49,50,3,8.344917099383217,False,True,True,3,0.5008411019068097,0.9983177961863805,0.6931457656544426,null,0.1,25,146,0.5,4,0.9760197424827824,0.05019940975333328,0.6756604059619259,0.8258400742223542,null,null,null
branin,fixed_iso_gpc,classifier_uncertainty_repulsion,classifier_uncertainty_repulsion,1,1,6,7,46,6.992640873967403,False,True,True,46,0.5001299287489773,0.9997401425020453,0.6931471467969854,null,0.1,25,150,null,3,0.9838538906903328,null,null,0.9788941692791852,0.15,0.48790957390277473,0.9949588841818091
branin,fixed_iso_gpc,classifier_uncertainty_repulsion,classifier_uncertainty_repulsion,1,2,7,8,149,118.50263653749249,False,False,False,147,0.5002564294879237,0.9994871410241526,0.6931470490477749,null,0.1,25,150,null,2,0.9907936650234304,null,null,0.9360295005174307,0.15,0.3609655960452757,0.9447269734968435
branin,fixed_iso_gpc,classifier_uncertainty_repulsion,classifier_uncertainty_repulsion,1,3,8,9,463,106.14620086258108,False,False,False,459,0.5023560627664212,0.9952878744671576,0.6931360784553411,null,0.1,25,150,null,25,0.8277368232771037,null,null,0.6864318833080795,0.15,0.28204587454109575,0.8292875996387571
branin,fixed_iso_gpc,classifier_uncertainty_repulsion,classifier_uncertainty_repulsion,1,4,9,10,847,11.419178199491085,False,False,True,841,0.5028964780240033,0.9942070439519934,0.6931304012962102,null,0.1,25,150,null,30,0.8048146810791422,null,null,0.6641292170629713,0.15,0.2801496791721952,0.8251952066436814
branin,fixed_iso_gpc,classifier_uncertainty_repulsion,classifier_uncertainty_repulsion,1,5,10,11,678,15.899384356346271,False,False,False,672,0.5006952112784553,0.9986095774430894,0.6931462139221904,null,0.1,25,149,null,6,0.9613369101611564,null,null,0.5643527539956379,0.15,0.19949758187891428,0.5870499177037019
branin,fixed_iso_gpc,classifier_uncertainty_repulsion,classifier_uncertainty_repulsion,1,6,11,12,904,4.9033590132879326,True,True,True,896,0.503472692897013,0.993054614205974,0.6931230611741159,null,0.1,25,149,null,39,0.7752823107423868,null,null,0.5871794722020675,0.15,0.2524494570577617,0.7573750414088543
branin,fixed_iso_gpc,classifier_uncertainty_repulsion,classifier_uncertainty_repulsion,1,7,12,13,1223,78.10205255879777,False,False,False,1214,0.5004884387799922,0.9990231224400157,0.6931467034149859,null,0.1,25,149,null,2,0.9872165257043148,null,null,0.9377541343815016,0.15,0.36703604081594565,0.9498971197959586
branin,fixed_iso_gpc,classifier_uncertainty_repulsion,classifier_uncertainty_repulsion,1,8,13,14,490,56.35849763103538,False,False,False,485,0.4994692419038167,0.9989384838076334,0.6931466171515261,null,0.1,25,149,null,4,0.968382511891116,null,null,0.519288872863239,0.15,0.1859510923578975,0.5362435468285567
branin,fixed_iso_gpc,classifier_uncertainty_repulsion,classifier_uncertainty_repulsion,1,9,14,15,18,35.616808864872496,False,False,False,18,0.49832807915328203,0.9966561583065641,0.6931415899108915,null,0.1,25,149,null,19,0.9009050081186035,null,null,0.37647278944446233,0.15,0.1560409033226075,0.41788289115038413
branin,fixed_iso_gpc,classifier_uncertainty_repulsion,classifier_uncertainty_repulsion,1,10,15,16,1470,4.01926055833518,True,True,True,1455,0.49507329496051256,0.9901465899210251,0.6930986349292886,null,0.1,25,149,null,34,0.7081403643050488,null,null,0.3706103289567476,0.15,0.1826046338234455,0.5233571586057735
branin,fixed_iso_gpc,classifier_uncertainty_repulsion,classifier_uncertainty_repulsion,1,11,16,17,1196,47.31849587895438,False,False,False,1185,0.5006454619961969,0.9987090760076063,0.6931463473173367,null,0.1,25,149,null,3,0.9753840016158867,null,null,0.43168504630305465,0.15,0.16217151178879255,0.44257958464348013
branin,fixed_iso_gpc,classifier_uncertainty_repulsion,classifier_uncertainty_repulsion,1,12,17,18,1073,27.53107046047434,False,False,False,1062,0.5014172879466714,0.9971654241066572,0.6931431631443179,null,0.1,25,149,null,12,0.9191593339642191,null,null,0.35541076326339077,0.15,0.14831824170868207,0.38666937290463954
branin,fixed_iso_gpc,classifier_uncertainty_repulsion,classifier_uncertainty_repulsion,1,13,18,19,1372,23.57253195134819,False,False,False,1356,0.5007546216567731,0.9984907566864538,0.6931460416518231,null,0.1,25,149,null,11,0.961371924201322,null,null,0.5712915081762353,0.15,0.20147054316844448,0.5942460912313895
branin,fixed_iso_gpc,classifier_uncertainty_repulsion,classifier_uncertainty_repulsion,1,14,19,20,1195,6.966369223696333,False,True,True,1183,0.49971250243517873,0.9994250048703575,0.6931470152502366,null,0.1,25,149,null,2,0.9915993169400746,null,null,0.4716939912369299,0.15,0.17045602718244576,0.4756901131119232
branin,fixed_iso_gpc,classifier_uncertainty_repulsion,classifier_uncertainty_repulsion,1,15,20,21,113,16.812079214984337,False,False,False,110,0.5017976994661599,0.9964046010676801,0.6931407170992786,null,0.1,25,148,null,16,0.9169511637885834,null,null,0.4549782283286455,0.15,0.17564070080964286,0.49618588895051274
branin,fixed_iso_gpc,classifier_uncertainty_repulsion,classifier_uncertainty_repulsion,1,16,21,22,1354,5.582811676104637,False,True,True,1336,0.4993670791471143,0.9987341582942286,0.6931463793821193,null,0.1,25,148,null,4,0.965695600419972,null,null,0.4416864819327979,0.15,0.16586223601848787,0.4573765084367295
branin,fixed_iso_gpc,classifier_uncertainty_repulsion,classifier_uncertainty_repulsion,1,17,22,23,384,18.30089071905922,False,False,False,379,0.5003770621676208,0.9992458756647584,0.6931468962081619,null,0.1,25,148,null,3,0.9824790601609678,null,null,0.3801590119387821,0.15,0.14838481670982528,0.3869385387984732
branin,fixed_iso_gpc,classifier_uncertainty_repulsion,classifier_uncertainty_repulsion,1,18,23,24,640,22.380633779285212,False,False,False,631,0.5005382439952599,0.9989235120094802,0.6931466011466365,null,0.1,25,148,null,2,0.9825069719733617,null,null,0.3738946820791015,0.15,0.14680487185732521,0.38055168334137657
branin,fixed_iso_gpc,classifier_uncertainty_repulsion,classifier_uncertainty_repulsion,1,19,24,25,822,25.063374511915328,False,False,False,810,0.49370271041529,0.98740542083058,0.6930678667508023,null,0.1,25,148,null,35,0.684886320657596,null,null,0.2797972202919764,0.15,0.15372560666660007,0.40853089316096736
branin,fixed_iso_gpc,classifier_uncertainty_repulsion,classifier_uncertainty_repulsion,1,20,25,26,1342,0.355991190879962,True,True,True,1321,0.49249990962519874,0.9849998192503975,0.6930346736293518,null,0.1,25,148,null,39,0.636763461427126,null,null,0.24991061400272557,0.15,0.14975287738107124,0.392470091551141
branin,fixed_iso_gpc,classifier_uncertainty_repulsion,classifier_uncertainty_repulsion,1,21,26,27,492,1.5277160639714538,True,True,True,483,0.5015701295597266,0.9968597408805469,0.693142249938173,null,0.1,25,148,null,10,0.9201148602541943,null,null,0.34667444600062686,0.15,0.14586981007980454,0.37677301060527735
branin,fixed_iso_gpc,classifier_uncertainty_repulsion,classifier_uncertainty_repulsion,1,22,27,28,186,4.310809673005636,True,True,True,181,0.4972411870951339,0.9944823741902677,0.693131958385419,null,0.1,25,148,null,11,0.8959062704107861,null,null,0.28468915257574623,0.15,0.13117644582493398,0.31776667044110773
branin,fixed_iso_gpc,classifier_uncertainty_repulsion,classifier_uncertainty_repulsion,1,23,28,29,36,3.277751131760617,True,True,True,35,0.4975756672651883,0.9951513345303766,0.6931354257354685,null,0.1,25,148,null,19,0.9179334510831435,null,null,0.2333727517719234,0.15,0.11489404233275281,0.25423711435349494
branin,fixed_iso_gpc,classifier_uncertainty_repulsion,classifier_uncertainty_repulsion,1,24,29,30,254,6.562091714592441,False,True,True,247,0.5000620534187037,0.9998758931625926,0.6931471728586918,null,0.1,25,148,null,1,0.9990879980549208,null,null,0.16279012297866033,0.15,0.08946289768772223,0.1629387234113402
branin,fixed_iso_gpc,classifier_uncertainty_repulsion,classifier_uncertainty_repulsion,1,25,30,31,723,1.9195222424946685,True,True,True,707,0.49895631234987703,0.9979126246997541,0.6931450019905412,null,0.1,25,147,null,6,0.9565734572086186,null,null,0.144018378430181,0.15,0.085690283700369,0.15055652793298457
branin,fixed_iso_gpc,classifier_uncertainty_repulsion,classifier_uncertainty_repulsion,1,26,31,32,394,11.477544404247986,False,False,True,385,0.49153457802834666,0.9830691560566933,0.6930038469733257,null,0.1,25,147,null,55,0.6122084571131949,null,null,0.16232196169720522,0.15,0.11774331615065232,0.26514165201607554
branin,fixed_iso_gpc,classifier_uncertainty_repulsion,classifier_uncertainty_repulsion,1,27,32,33,926,8.174423370326586,False,True,True,905,0.49865888009244097,0.9973177601848819,0.6931435833504191,null,0.1,25,147,null,9,0.9473808795241394,null,null,0.14281483836068556,0.15,0.0857491515781167,0.15074701363238419
branin,fixed_iso_gpc,classifier_uncertainty_repulsion,classifier_uncertainty_repulsion,1,28,33,34,1258,20.70755233696036,False,False,False,1232,0.5006836094505398,0.9986327810989204,0.6931462459158924,null,0.1,25,147,null,4,0.9802655926439062,null,null,0.14036967095231978,0.15,0.08339394756094996,0.14319555027298692
branin,fixed_iso_gpc,classifier_uncertainty_repulsion,classifier_uncertainty_repulsion,1,29,34,35,1220,10.638368391558288,False,False,True,1195,0.49970185211618035,0.9994037042323607,0.6931470027756135,null,0.1,25,147,null,1,0.9879764531748332,null,null,0.13791982124194882,0.15,0.08225579080583556,0.13959828779192818
branin,fixed_iso_gpc,classifier_uncertainty_repulsion,classifier_uncertainty_repulsion,1,30,35,36,1255,12.564667771804931,False,False,False,1228,0.4987828505710037,0.9975657011420074,0.6931442176515541,null,0.1,25,147,null,8,0.9306424555073852,null,null,0.24895504131837518,0.15,0.11835825906885596,0.267508794430236
branin,fixed_iso_gpc,classifier_uncertainty_repulsion,classifier_uncertainty_repulsion,1,31,36,37,610,1.4958956105222612,True,True,True,596,0.5020663933510958,0.9958672132978084,0.6931386405726718,null,0.1,25,147,null,13,0.9066310718616775,null,null,0.11094734972536527,0.15,0.07664217317908108,0.12237320467910484
branin,fixed_iso_gpc,classifier_uncertainty_repulsion,classifier_uncertainty_repulsion,1,32,37,38,886,12.54825863587019,False,False,False,865,0.5052410031933956,0.9895179936132088,0.6930922433249582,null,0.1,25,147,null,29,0.7860324735646202,null,null,0.11009593214015773,0.15,0.08240419215320631,0.14006537368727
branin,fixed_iso_gpc,classifier_uncertainty_repulsion,classifier_uncertainty_repulsion,1,33,38,39,380,11.208194854746125,False,False,True,372,0.49534023263541904,0.9906804652708381,0.6931037530675086,null,0.1,25,147,null,30,0.812190740423647,null,null,0.11593425440203224,0.15,0.08325124532338121,0.1427426448392649
branin,fixed_iso_gpc,classifier_uncertainty_repulsion,classifier_uncertainty_repulsion,1,34,39,40,1162,8.557241116766768,False,True,True,1136,0.4999250090078884,0.9998500180157768,0.6931471693126474,null,0.1,25,147,null,1,0.9976065782165523,null,null,0.1704396892556292,0.15,0.09181973152880071,0.17084860202137875
branin,fixed_iso_gpc,classifier_uncertainty_repulsion,classifier_uncertainty_repulsion,1,35,40,41,898,8.674711265688671,False,True,True,875,0.49905979530173017,0.9981195906034603,0.6931454125891541,null,0.1,25,146,null,5,0.9663611323676436,null,null,0.08278512894462087,0.15,0.06348396039527593,0.08566686528647138
branin,fixed_iso_gpc,classifier_uncertainty_repulsion,classifier_uncertainty_repulsion,1,36,41,42,770,9.39196450552874,False,False,True,750,0.4985063930856515,0.997012786171303,0.6931427188300805,null,0.1,25,146,null,7,0.9541493419213284,null,null,0.09580651580485412,0.15,0.0690054187562929,0.1004103986614221
branin,fixed_iso_gpc,classifier_uncertainty_repulsion,classifier_uncertainty_repulsion,1,37,42,43,722,8.565014438915284,False,True,True,703,0.5015969531653299,0.9968060936693401,0.693142080032449,null,0.1,25,146,null,4,0.9414065238082591,null,null,0.07985270644925374,0.15,0.06315606935050154,0.08482276724217575
branin,fixed_iso_gpc,classifier_uncertainty_repulsion,classifier_uncertainty_repulsion,1,38,43,44,1432,1.7806111644842453,True,True,True,1390,0.4995394528292757,0.9990789056585514,0.6931467563524925,null,0.1,25,146,null,1,0.9916624673998828,null,null,0.08798298364846541,0.15,0.06465958766460417,0.08872271215341532
branin,fixed_iso_gpc,classifier_uncertainty_repulsion,classifier_uncertainty_repulsion,1,39,44,45,419,10.521756186496404,False,False,True,408,0.5072126426303605,0.985574714739279,0.693043132523804,null,0.1,25,146,null,40,0.7637860185782951,null,null,0.07763916078771685,0.15,0.06945372116959668,0.10165040849036977
branin,fixed_iso_gpc,classifier_uncertainty_repulsion,classifier_uncertainty_repulsion,1,40,45,46,1142,4.175143242913762,True,True,True,1112,0.506782501968976,0.986434996062048,0.6930551730721998,null,0.1,25,146,null,32,0.7904225519115614,null,null,0.06989470615291267,0.15,0.06454659332915803,0.08842701411274134
branin,fixed_iso_gpc,classifier_uncertainty_repulsion,classifier_uncertainty_repulsion,1,41,46,47,763,12.388793541456167,False,False,False,741,0.503797092382599,0.9924058152348021,0.6931183444616468,null,0.1,25,146,null,27,0.8910369793666667,null,null,0.17962558918471033,0.15,0.10065325468064627,0.20159162116075702
branin,fixed_iso_gpc,classifier_uncertainty_repulsion,classifier_uncertainty_repulsion,1,42,47,48,1140,1.818207274467781,True,True,True,1109,0.4991504640029758,0.9983009280059516,0.6931457371364302,null,0.1,25,146,null,3,0.9791620660722037,null,null,0.06377518891981593,0.15,0.05505240273565895,0.06513241385631163
branin,fixed_iso_gpc,classifier_uncertainty_repulsion,classifier_uncertainty_repulsion,1,43,48,49,225,18.154181415909626,False,False,False,218,0.5014109285133141,0.9971781429733717,0.6931431991161219,null,0.1,25,146,null,10,0.9558570023586381,null,null,0.07630372624719975,0.15,0.06118609582709158,0.07982755376475292
branin,fixed_iso_gpc,classifier_uncertainty_repulsion,classifier_uncertainty_repulsion,1,44,49,50,661,4.1000619067534885,True,True,True,642,0.49696997236550455,0.9939399447310091,0.6931288183126227,null,0.1,25,146,null,14,0.9114839227241943,null,null,0.06112870129913763,0.15,0.05589177370716219,0.06706503513132678
branin,optimized_iso_gpc,random,random,1,1,6,7,394,11.477544404247986,False,False,True,393,0.50002801145761,0.99994397708478,0.6931471789906618,null,null,null,null,null,null,null,null,null,null,null,null,null
branin,optimized_iso_gpc,random,random,1,2,7,8,860,23.176655618264498,False,False,False,856,0.49540165820691584,0.9908033164138317,0.6931048904692994,null,null,null,null,null,null,null,null,null,null,null,null,null
branin,optimized_iso_gpc,random,random,1,3,8,9,1340,22.5140234815506,False,False,False,1333,0.4706105376061984,0.9412210752123968,0.6914187034528988,null,null,null,null,null,null,null,null,null,null,null,null,null
branin,optimized_iso_gpc,random,random,1,4,9,10,732,47.43335208302332,False,False,False,728,0.4878512142912932,0.9757024285825864,0.6928519655197696,null,null,null,null,null,null,null,null,null,null,null,null,null
branin,optimized_iso_gpc,random,random,1,5,10,11,1253,24.91229777869023,False,False,False,1247,0.32735991994604774,0.6547198398920955,0.6322931868592123,null,null,null,null,null,null,null,null,null,null,null,null,null
branin,optimized_iso_gpc,random,random,1,6,11,12,12,41.78256879592543,False,False,False,12,0.5277381968930044,0.9445236062139912,0.6916075751355606,null,null,null,null,null,null,null,null,null,null,null,null,null
branin,optimized_iso_gpc,random,random,1,7,12,13,995,10.031106210311318,False,False,True,988,0.31476400049268705,0.6295280009853741,0.62285952914487,null,null,null,null,null,null,null,null,null,null,null,null,null
branin,optimized_iso_gpc,random,random,1,8,13,14,1251,22.720484132152386,False,False,False,1243,0.3270234200911659,0.6540468401823318,0.6320505992758785,null,null,null,null,null,null,null,null,null,null,null,null,null
branin,optimized_iso_gpc,random,random,1,9,14,15,961,20.2827701550271,False,False,False,954,0.21629969434786744,0.4325993886957349,0.522184551024613,null,null,null,null,null,null,null,null,null,null,null,null,null
branin,optimized_iso_gpc,random,random,1,10,15,16,146,25.276385088916275,False,False,False,144,0.2463438279401089,0.4926876558802178,0.5582826652999636,null,null,null,null,null,null,null,null,null,null,null,null,null
branin,optimized_iso_gpc,random,random,1,11,16,17,1167,14.171589640171023,False,False,False,1157,0.18625900907738924,0.3725180181547785,0.4807527910258188,null,null,null,null,null,null,null,null,null,null,null,null,null
branin,optimized_iso_gpc,random,random,1,12,17,18,447,37.30559090724961,False,False,False,443,0.8686534247934787,0.26269315041304253,0.38893849744135595,null,null,null,null,null,null,null,null,null,null,null,null,null
branin,optimized_iso_gpc,random,random,1,13,18,19,605,41.99456060394752,False,False,False,599,0.828681262603709,0.342637474792582,0.45797108907786593,null,null,null,null,null,null,null,null,null,null,null,null,null
branin,optimized_iso_gpc,random,random,1,14,19,20,322,13.673541614723,False,False,False,319,0.5444979267739711,0.9110041464520577,0.689181805407773,null,null,null,null,null,null,null,null,null,null,null,null,null
branin,optimized_iso_gpc,random,random,1,15,20,21,138,25.34353722949951,False,False,False,136,0.7619785729342539,0.4760428541314923,0.5487885161089636,null,null,null,null,null,null,null,null,null,null,null,null,null
branin,optimized_iso_gpc,random,random,1,16,21,22,511,125.14239591106406,False,False,False,503,0.22413861834047566,0.4482772366809513,0.5320963866256563,null,null,null,null,null,null,null,null,null,null,null,null,null
branin,optimized_iso_gpc,random,random,1,17,22,23,670,116.12184527824647,False,False,False,659,0.7306334757307127,0.5387330485385746,0.5826277523740284,null,null,null,null,null,null,null,null,null,null,null,null,null
branin,optimized_iso_gpc,random,random,1,18,23,24,10,0.13008064386666263,True,True,True,10,0.2915125372725811,0.5830250745451622,0.6035004344973529,null,null,null,null,null,null,null,null,null,null,null,null,null
branin,optimized_iso_gpc,random,random,1,19,24,25,480,8.755800406329968,False,True,True,471,0.6517444719062837,0.6965110561874326,0.6463600490646191,null,null,null,null,null,null,null,null,null,null,null,null,null
branin,optimized_iso_gpc,random,random,1,20,25,26,544,167.01509377775022,False,False,False,533,0.6856611235161267,0.6286777529677465,0.6225283890440381,null,null,null,null,null,null,null,null,null,null,null,null,null
branin,optimized_iso_gpc,random,random,1,21,26,27,987,91.87751575262841,False,False,False,969,0.7416625993216712,0.5166748013566576,0.5713106969842119,null,null,null,null,null,null,null,null,null,null,null,null,null
branin,optimized_iso_gpc,random,random,1,22,27,28,748,66.65991565128282,False,False,False,732,0.8583469155635157,0.28330616887296856,0.4079530014515772,null,null,null,null,null,null,null,null,null,null,null,null,null
branin,optimized_iso_gpc,random,random,1,23,28,29,107,16.832517120892497,False,False,False,104,0.7907569884459917,0.4184860231080165,0.5129519888210137,null,null,null,null,null,null,null,null,null,null,null,null,null
branin,optimized_iso_gpc,random,random,1,24,29,30,361,0.9897974973168289,True,True,True,354,0.6102223915035836,0.7795552169928328,0.6686485044609408,null,null,null,null,null,null,null,null,null,null,null,null,null
branin,optimized_iso_gpc,random,random,1,25,30,31,91,4.509636321160404,True,True,True,88,0.2337898014345683,0.4675796028691366,0.5438152063996489,null,null,null,null,null,null,null,null,null,null,null,null,null
branin,optimized_iso_gpc,random,random,1,26,31,32,878,16.539506071379236,False,False,False,857,0.7522317318654927,0.4955365362690145,0.5598700284084687,null,null,null,null,null,null,null,null,null,null,null,null,null
branin,optimized_iso_gpc,random,random,1,27,32,33,1136,51.68678723707785,False,False,False,1111,0.8415075034598658,0.3169849930802684,0.43716161874824455,null,null,null,null,null,null,null,null,null,null,null,null,null
branin,optimized_iso_gpc,random,random,1,28,33,34,836,38.975971968336296,False,False,False,816,0.9194995691194663,0.16100086176106743,0.2799898995768394,null,null,null,null,null,null,null,null,null,null,null,null,null
branin,optimized_iso_gpc,random,random,1,29,34,35,828,14.051775502397916,False,False,False,808,0.7283085584479636,0.5433828831040728,0.5849339379219676,null,null,null,null,null,null,null,null,null,null,null,null,null
branin,optimized_iso_gpc,random,random,1,30,35,36,1175,22.33152103805653,False,False,False,1146,0.21530464765623947,0.43060929531247893,0.5209006422513642,null,null,null,null,null,null,null,null,null,null,null,null,null
branin,optimized_iso_gpc,random,random,1,31,36,37,517,17.504952709867556,False,False,False,503,0.19558529522555546,0.3911705904511109,0.494221097977514,null,null,null,null,null,null,null,null,null,null,null,null,null
branin,optimized_iso_gpc,random,random,1,32,37,38,864,23.82113096892357,False,False,False,840,0.2565006803287133,0.5130013606574266,0.56936482309454,null,null,null,null,null,null,null,null,null,null,null,null,null
branin,optimized_iso_gpc,random,random,1,33,38,39,1133,111.28244074381487,False,False,False,1104,0.884882571419098,0.23023485716180403,0.3570825819449406,null,null,null,null,null,null,null,null,null,null,null,null,null
branin,optimized_iso_gpc,random,random,1,34,39,40,1484,75.58355489192097,False,False,False,1445,0.9475774418116316,0.10484511637673677,0.205587464275382,null,null,null,null,null,null,null,null,null,null,null,null,null
branin,optimized_iso_gpc,random,random,1,35,40,41,613,103.67871547282232,False,False,False,596,0.9131542480996586,0.17369150380068277,0.2951786531127263,null,null,null,null,null,null,null,null,null,null,null,null,null
branin,optimized_iso_gpc,random,random,1,36,41,42,1358,3.816130666495809,True,True,True,1319,0.38659793647642005,0.7731958729528401,0.6672019511000873,null,null,null,null,null,null,null,null,null,null,null,null,null
branin,optimized_iso_gpc,random,random,1,37,42,43,1143,7.130256015024216,False,True,True,1111,0.15646339479167182,0.31292678958334363,0.43375856940356816,null,null,null,null,null,null,null,null,null,null,null,null,null
branin,optimized_iso_gpc,random,random,1,38,43,44,766,48.6356141924483,False,False,False,744,0.8366119367849478,0.32677612643010434,0.4452455977872146,null,null,null,null,null,null,null,null,null,null,null,null,null
branin,optimized_iso_gpc,random,random,1,39,44,45,25,98.17716633561328,False,False,False,23,0.9529210735729521,0.09415785285409584,0.18982279551943376,null,null,null,null,null,null,null,null,null,null,null,null,null
branin,optimized_iso_gpc,random,random,1,40,45,46,51,42.46291796126734,False,False,False,48,0.9003177081553986,0.19936458368920285,0.32438433592596116,null,null,null,null,null,null,null,null,null,null,null,null,null
branin,optimized_iso_gpc,random,random,1,41,46,47,848,19.682164366620825,False,False,False,821,0.18439406442382733,0.36878812884765466,0.477991419616115,null,null,null,null,null,null,null,null,null,null,null,null,null
branin,optimized_iso_gpc,random,random,1,42,47,48,357,9.6969075589157,False,False,True,347,0.08483240199598185,0.1696648039919637,0.29041596318665935,null,null,null,null,null,null,null,null,null,null,null,null,null
branin,optimized_iso_gpc,random,random,1,43,48,49,365,19.965675110036642,False,False,False,353,0.148468614118201,0.296937228236402,0.4200435216898126,null,null,null,null,null,null,null,null,null,null,null,null,null
branin,optimized_iso_gpc,random,random,1,44,49,50,1188,13.817579566213738,False,False,False,1147,0.2659887997136252,0.5319775994272504,0.5792282650887561,null,null,null,null,null,null,null,null,null,null,null,null,null
branin,optimized_iso_gpc,classifier_margin,classifier_margin,1,1,6,7,162,8.530744435591771,False,True,True,161,0.5000013133822839,0.9999973732354321,0.6931471805564954,null,null,null,null,null,null,null,null,null,null,null,null,null
branin,optimized_iso_gpc,classifier_margin,classifier_margin,1,2,7,8,99,48.79240298241669,False,False,False,98,0.499989024280567,0.999978048561134,0.6931471803190125,null,null,null,null,null,null,null,null,null,null,null,null,null
branin,optimized_iso_gpc,classifier_margin,classifier_margin,1,3,8,9,1027,8.361900052729442,False,True,True,1022,0.4999956278276776,0.9999912556553552,0.6931471805217135,null,null,null,null,null,null,null,null,null,null,null,null,null
branin,optimized_iso_gpc,classifier_margin,classifier_margin,1,4,9,10,268,123.94304504718056,False,False,False,265,0.5000007523424691,0.9999984953150618,0.6931471805588133,null,null,null,null,null,null,null,null,null,null,null,null,null
branin,optimized_iso_gpc,classifier_margin,classifier_margin,1,5,10,11,1383,11.582278603015315,False,False,True,1374,0.5000088198034469,0.9999823603931062,0.6931471804043675,null,null,null,null,null,null,null,null,null,null,null,null,null
branin,optimized_iso_gpc,classifier_margin,classifier_margin,1,6,11,12,1161,11.304045095662879,False,False,True,1154,0.5000043337266072,0.9999913325467855,0.693147180522383,null,null,null,null,null,null,null,null,null,null,null,null,null
branin,optimized_iso_gpc,classifier_margin,classifier_margin,1,7,12,13,705,103.94780879044407,False,False,False,699,0.4999932542403963,0.9999865084807926,0.6931471804689348,null,null,null,null,null,null,null,null,null,null,null,null,null
branin,optimized_iso_gpc,classifier_margin,classifier_margin,1,8,13,14,1394,28.457418336573266,False,False,False,1382,0.5000071605060228,0.9999856789879544,0.6931471804573996,null,null,null,null,null,null,null,null,null,null,null,null,null
branin,optimized_iso_gpc,classifier_margin,classifier_margin,1,9,14,15,692,19.750482296559284,False,False,False,686,0.4999815872577538,0.9999631745155076,0.6931471798818871,null,null,null,null,null,null,null,null,null,null,null,null,null
branin,optimized_iso_gpc,classifier_margin,classifier_margin,1,10,15,16,741,7.455400820340515,False,True,True,733,0.5000063197744914,0.9999873604510172,0.6931471804800662,null,null,null,null,null,null,null,null,null,null,null,null,null
branin,optimized_iso_gpc,classifier_margin,classifier_margin,1,11,16,17,840,19.212148645963055,False,False,False,831,0.500028142736516,0.9999437145269681,0.6931471789759182,null,null,null,null,null,null,null,null,null,null,null,null,null
branin,optimized_iso_gpc,classifier_margin,classifier_margin,1,12,17,18,468,7.919295521659318,False,True,True,463,0.49996216362886725,0.9999243272577345,0.6931471776967634,null,null,null,null,null,null,null,null,null,null,null,null,null
branin,optimized_iso_gpc,classifier_margin,classifier_margin,1,13,18,19,410,28.59461814554407,False,False,False,406,0.5000612555828124,0.9998774888343751,0.6931471730554524,null,null,null,null,null,null,null,null,null,null,null,null,null
branin,optimized_iso_gpc,classifier_margin,classifier_margin,1,14,19,20,232,5.740121443154898,False,True,True,229,0.5000521708385072,0.9998956583229857,0.6931471751163525,null,null,null,null,null,null,null,null,null,null,null,null,null
branin,optimized_iso_gpc,classifier_margin,classifier_margin,1,15,20,21,472,51.91309914220895,False,False,False,464,0.5002405249801207,0.9995189500397585,0.6931470648554088,null,null,null,null,null,null,null,null,null,null,null,null,null
branin,optimized_iso_gpc,classifier_margin,classifier_margin,1,16,21,22,956,1.0300858457038444,True,True,True,942,0.5008076256672722,0.9983847486654556,0.6931458760409412,null,null,null,null,null,null,null,null,null,null,null,null,null
branin,optimized_iso_gpc,classifier_margin,classifier_margin,1,17,22,23,325,20.453065293853157,False,False,False,320,0.49972970243259196,0.9994594048651839,0.6931470344383883,null,null,null,null,null,null,null,null,null,null,null,null,null
branin,optimized_iso_gpc,classifier_margin,classifier_margin,1,18,23,24,351,9.058057340590956,False,False,True,345,0.5000556988858343,0.9998886022283313,0.6931471743552134,null,null,null,null,null,null,null,null,null,null,null,null,null
branin,optimized_iso_gpc,classifier_margin,classifier_margin,1,19,24,25,1337,2.5000836549374092,True,True,True,1316,0.5000398886973203,0.9999202226053594,0.6931471773777289,null,null,null,null,null,null,null,null,null,null,null,null,null
branin,optimized_iso_gpc,classifier_margin,classifier_margin,1,20,25,26,872,5.996440550031664,False,True,True,856,0.4998044342870938,0.9996088685741876,0.6931471040680472,null,null,null,null,null,null,null,null,null,null,null,null,null
branin,optimized_iso_gpc,classifier_margin,classifier_margin,1,21,26,27,179,21.40724891859399,False,False,False,176,0.5000187176322053,0.9999625647355894,0.6931471798592459,null,null,null,null,null,null,null,null,null,null,null,null,null
branin,optimized_iso_gpc,classifier_margin,classifier_margin,1,22,27,28,1415,7.764276781346588,False,True,True,1388,0.49988359865838217,0.9997671973167643,0.6931471534614004,null,null,null,null,null,null,null,null,null,null,null,null,null
branin,optimized_iso_gpc,classifier_margin,classifier_margin,1,23,28,29,97,67.43886829145937,False,False,False,96,0.5000154633900752,0.9999690732198496,0.6931471800817124,null,null,null,null,null,null,null,null,null,null,null,null,null
branin,optimized_iso_gpc,classifier_margin,classifier_margin,1,24,29,30,1357,5.930302485584306,False,True,True,1332,0.500001784748165,0.9999964305036699,0.6931471805535747,null,null,null,null,null,null,null,null,null,null,null,null,null
branin,optimized_iso_gpc,classifier_margin,classifier_margin,1,25,30,31,256,2.7356899885461843,True,True,True,250,0.5000430234855664,0.9999139530288672,0.6931471768579047,null,null,null,null,null,null,null,null,null,null,null,null,null
branin,optimized_iso_gpc,classifier_margin,classifier_margin,1,26,31,32,298,9.111420706407852,False,False,True,290,0.5000276534069952,0.9999446931860096,0.6931471790305235,null,null,null,null,null,null,null,null,null,null,null,null,null
branin,optimized_iso_gpc,classifier_margin,classifier_margin,1,27,32,33,86,1.3931859047902222,True,True,True,85,0.5000158578689011,0.9999682842621977,0.6931471800570013,null,null,null,null,null,null,null,null,null,null,null,null,null
branin,optimized_iso_gpc,classifier_margin,classifier_margin,1,28,33,34,155,0.4638114312470272,True,True,True,151,0.4996364312819602,0.9992728625639204,0.6931469161954965,null,null,null,null,null,null,null,null,null,null,null,null,null
branin,optimized_iso_gpc,classifier_margin,classifier_margin,1,29,34,35,46,6.992640873967403,False,True,True,46,0.500094035939049,0.999811928121902,0.6931471628744295,null,null,null,null,null,null,null,null,null,null,null,null,null
branin,optimized_iso_gpc,classifier_margin,classifier_margin,1,30,35,36,944,169.33353495733388,False,False,False,920,0.49999999986728527,0.9999999997345705,0.6931471805599453,null,null,null,null,null,null,null,null,null,null,null,null,null
branin,optimized_iso_gpc,classifier_margin,classifier_margin,1,31,36,37,1144,5.118238633935636,True,True,True,1117,0.5001043696988889,0.9997912606022221,0.6931471587738771,null,null,null,null,null,null,null,null,null,null,null,null,null
branin,optimized_iso_gpc,classifier_margin,classifier_margin,1,32,37,38,18,35.616808864872496,False,False,False,18,0.4995786080745316,0.9991572161490632,0.6931468254175936,null,null,null,null,null,null,null,null,null,null,null,null,null
branin,optimized_iso_gpc,classifier_margin,classifier_margin,1,33,38,39,609,29.517529926331846,False,False,False,590,0.4999944126510114,0.9999888253020228,0.6931471804975083,null,null,null,null,null,null,null,null,null,null,null,null,null
branin,optimized_iso_gpc,classifier_margin,classifier_margin,1,34,39,40,790,2.6584098191659464,True,True,True,766,0.4994363672115849,0.9988727344231698,0.6931465451959704,null,null,null,null,null,null,null,null,null,null,null,null,null
branin,optimized_iso_gpc,classifier_margin,classifier_margin,1,35,40,41,1402,9.085982688799227,False,False,True,1364,0.4983760803527404,0.9967521607054808,0.6931419063206312,null,null,null,null,null,null,null,null,null,null,null,null,null
branin,optimized_iso_gpc,classifier_margin,classifier_margin,1,36,41,42,933,1.4720406252442437,True,True,True,906,0.4974175373464851,0.9948350746929702,0.6931338422739284,null,null,null,null,null,null,null,null,null,null,null,null,null
branin,optimized_iso_gpc,classifier_margin,classifier_margin,1,37,42,43,791,5.791585862083188,False,True,True,766,0.49977315645002446,0.9995463129000489,0.6931470776439494,null,null,null,null,null,null,null,null,null,null,null,null,null
branin,optimized_iso_gpc,classifier_margin,classifier_margin,1,38,43,44,916,17.983120497371914,False,False,False,888,0.49893252875008764,0.9978650575001753,0.6931449015684752,null,null,null,null,null,null,null,null,null,null,null,null,null
branin,optimized_iso_gpc,classifier_margin,classifier_margin,1,39,44,45,137,7.723773951962976,False,True,True,131,0.5006763092094302,0.9986473815811396,0.693146265771373,null,null,null,null,null,null,null,null,null,null,null,null,null
branin,optimized_iso_gpc,classifier_margin,classifier_margin,1,40,45,46,186,4.310809673005636,True,True,True,176,0.5009090803568106,0.9981818392863788,0.6931455277048444,null,null,null,null,null,null,null,null,null,null,null,null,null
branin,optimized_iso_gpc,classifier_margin,classifier_margin,1,41,46,47,422,3.4403995559543077,True,True,True,404,0.4999398406559812,0.9998796813119624,0.693147173321652,null,null,null,null,null,null,null,null,null,null,null,null,null
branin,optimized_iso_gpc,classifier_margin,classifier_margin,1,42,47,48,384,18.30089071905922,False,False,False,367,0.5003560510465858,0.9992878979068285,0.6931469270152284,null,null,null,null,null,null,null,null,null,null,null,null,null
branin,optimized_iso_gpc,classifier_margin,classifier_margin,1,43,48,49,772,0.5625640327678241,True,True,True,744,0.5002038443408083,0.9995923113183833,0.6931470974549123,null,null,null,null,null,null,null,null,null,null,null,null,null
branin,optimized_iso_gpc,classifier_margin,classifier_margin,1,44,49,50,1217,12.09456652850562,False,False,True,1177,0.4986010163960275,0.997202032792055,0.6931432662445896,null,null,null,null,null,null,null,null,null,null,null,null,null
branin,optimized_iso_gpc,classifier_entropy,classifier_entropy,1,1,6,7,162,8.530744435591771,False,True,True,161,0.5000013133822839,0.9999973732354321,0.6931471805564954,Binary entropy is monotone-equivalent to classifier margin.,null,null,null,null,null,null,null,null,null,null,null,null
branin,optimized_iso_gpc,classifier_entropy,classifier_entropy,1,2,7,8,99,48.79240298241669,False,False,False,98,0.499989024280567,0.999978048561134,0.6931471803190125,Binary entropy is monotone-equivalent to classifier margin.,null,null,null,null,null,null,null,null,null,null,null,null
branin,optimized_iso_gpc,classifier_entropy,classifier_entropy,1,3,8,9,1027,8.361900052729442,False,True,True,1022,0.4999956278276776,0.9999912556553552,0.6931471805217135,Binary entropy is monotone-equivalent to classifier margin.,null,null,null,null,null,null,null,null,null,null,null,null
branin,optimized_iso_gpc,classifier_entropy,classifier_entropy,1,4,9,10,268,123.94304504718056,False,False,False,265,0.5000007523424691,0.9999984953150618,0.6931471805588133,Binary entropy is monotone-equivalent to classifier margin.,null,null,null,null,null,null,null,null,null,null,null,null
branin,optimized_iso_gpc,classifier_entropy,classifier_entropy,1,5,10,11,1383,11.582278603015315,False,False,True,1374,0.5000088198034469,0.9999823603931062,0.6931471804043675,Binary entropy is monotone-equivalent to classifier margin.,null,null,null,null,null,null,null,null,null,null,null,null
branin,optimized_iso_gpc,classifier_entropy,classifier_entropy,1,6,11,12,1161,11.304045095662879,False,False,True,1154,0.5000043337266072,0.9999913325467855,0.693147180522383,Binary entropy is monotone-equivalent to classifier margin.,null,null,null,null,null,null,null,null,null,null,null,null
branin,optimized_iso_gpc,classifier_entropy,classifier_entropy,1,7,12,13,705,103.94780879044407,False,False,False,699,0.4999932542403963,0.9999865084807926,0.6931471804689348,Binary entropy is monotone-equivalent to classifier margin.,null,null,null,null,null,null,null,null,null,null,null,null
branin,optimized_iso_gpc,classifier_entropy,classifier_entropy,1,8,13,14,1394,28.457418336573266,False,False,False,1382,0.5000071605060228,0.9999856789879544,0.6931471804573996,Binary entropy is monotone-equivalent to classifier margin.,null,null,null,null,null,null,null,null,null,null,null,null
branin,optimized_iso_gpc,classifier_entropy,classifier_entropy,1,9,14,15,692,19.750482296559284,False,False,False,686,0.4999815872577538,0.9999631745155076,0.6931471798818871,Binary entropy is monotone-equivalent to classifier margin.,null,null,null,null,null,null,null,null,null,null,null,null
branin,optimized_iso_gpc,classifier_entropy,classifier_entropy,1,10,15,16,741,7.455400820340515,False,True,True,733,0.5000063197744914,0.9999873604510172,0.6931471804800662,Binary entropy is monotone-equivalent to classifier margin.,null,null,null,null,null,null,null,null,null,null,null,null
branin,optimized_iso_gpc,classifier_entropy,classifier_entropy,1,11,16,17,840,19.212148645963055,False,False,False,831,0.500028142736516,0.9999437145269681,0.6931471789759182,Binary entropy is monotone-equivalent to classifier margin.,null,null,null,null,null,null,null,null,null,null,null,null
branin,optimized_iso_gpc,classifier_entropy,classifier_entropy,1,12,17,18,468,7.919295521659318,False,True,True,463,0.49996216362886725,0.9999243272577345,0.6931471776967634,Binary entropy is monotone-equivalent to classifier margin.,null,null,null,null,null,null,null,null,null,null,null,null
branin,optimized_iso_gpc,classifier_entropy,classifier_entropy,1,13,18,19,410,28.59461814554407,False,False,False,406,0.5000612555828124,0.9998774888343751,0.6931471730554524,Binary entropy is monotone-equivalent to classifier margin.,null,null,null,null,null,null,null,null,null,null,null,null
branin,optimized_iso_gpc,classifier_entropy,classifier_entropy,1,14,19,20,232,5.740121443154898,False,True,True,229,0.5000521708385072,0.9998956583229857,0.6931471751163525,Binary entropy is monotone-equivalent to classifier margin.,null,null,null,null,null,null,null,null,null,null,null,null
branin,optimized_iso_gpc,classifier_entropy,classifier_entropy,1,15,20,21,472,51.91309914220895,False,False,False,464,0.5002405249801207,0.9995189500397585,0.6931470648554088,Binary entropy is monotone-equivalent to classifier margin.,null,null,null,null,null,null,null,null,null,null,null,null
branin,optimized_iso_gpc,classifier_entropy,classifier_entropy,1,16,21,22,956,1.0300858457038444,True,True,True,942,0.5008076256672722,0.9983847486654556,0.6931458760409412,Binary entropy is monotone-equivalent to classifier margin.,null,null,null,null,null,null,null,null,null,null,null,null
branin,optimized_iso_gpc,classifier_entropy,classifier_entropy,1,17,22,23,325,20.453065293853157,False,False,False,320,0.49972970243259196,0.9994594048651839,0.6931470344383883,Binary entropy is monotone-equivalent to classifier margin.,null,null,null,null,null,null,null,null,null,null,null,null
branin,optimized_iso_gpc,classifier_entropy,classifier_entropy,1,18,23,24,351,9.058057340590956,False,False,True,345,0.5000556988858343,0.9998886022283313,0.6931471743552134,Binary entropy is monotone-equivalent to classifier margin.,null,null,null,null,null,null,null,null,null,null,null,null
branin,optimized_iso_gpc,classifier_entropy,classifier_entropy,1,19,24,25,1337,2.5000836549374092,True,True,True,1316,0.5000398886973203,0.9999202226053594,0.6931471773777289,Binary entropy is monotone-equivalent to classifier margin.,null,null,null,null,null,null,null,null,null,null,null,null
branin,optimized_iso_gpc,classifier_entropy,classifier_entropy,1,20,25,26,872,5.996440550031664,False,True,True,856,0.4998044342870938,0.9996088685741876,0.6931471040680472,Binary entropy is monotone-equivalent to classifier margin.,null,null,null,null,null,null,null,null,null,null,null,null
branin,optimized_iso_gpc,classifier_entropy,classifier_entropy,1,21,26,27,179,21.40724891859399,False,False,False,176,0.5000187176322053,0.9999625647355894,0.6931471798592459,Binary entropy is monotone-equivalent to classifier margin.,null,null,null,null,null,null,null,null,null,null,null,null
branin,optimized_iso_gpc,classifier_entropy,classifier_entropy,1,22,27,28,1415,7.764276781346588,False,True,True,1388,0.49988359865838217,0.9997671973167643,0.6931471534614004,Binary entropy is monotone-equivalent to classifier margin.,null,null,null,null,null,null,null,null,null,null,null,null
branin,optimized_iso_gpc,classifier_entropy,classifier_entropy,1,23,28,29,97,67.43886829145937,False,False,False,96,0.5000154633900752,0.9999690732198496,0.6931471800817124,Binary entropy is monotone-equivalent to classifier margin.,null,null,null,null,null,null,null,null,null,null,null,null
branin,optimized_iso_gpc,classifier_entropy,classifier_entropy,1,24,29,30,1357,5.930302485584306,False,True,True,1332,0.500001784748165,0.9999964305036699,0.6931471805535747,Binary entropy is monotone-equivalent to classifier margin.,null,null,null,null,null,null,null,null,null,null,null,null
branin,optimized_iso_gpc,classifier_entropy,classifier_entropy,1,25,30,31,256,2.7356899885461843,True,True,True,250,0.5000430234855664,0.9999139530288672,0.6931471768579047,Binary entropy is monotone-equivalent to classifier margin.,null,null,null,null,null,null,null,null,null,null,null,null
branin,optimized_iso_gpc,classifier_entropy,classifier_entropy,1,26,31,32,298,9.111420706407852,False,False,True,290,0.5000276534069952,0.9999446931860096,0.6931471790305235,Binary entropy is monotone-equivalent to classifier margin.,null,null,null,null,null,null,null,null,null,null,null,null
branin,optimized_iso_gpc,classifier_entropy,classifier_entropy,1,27,32,33,86,1.3931859047902222,True,True,True,85,0.5000158578689011,0.9999682842621977,0.6931471800570013,Binary entropy is monotone-equivalent to classifier margin.,null,null,null,null,null,null,null,null,null,null,null,null
branin,optimized_iso_gpc,classifier_entropy,classifier_entropy,1,28,33,34,155,0.4638114312470272,True,True,True,151,0.4996364312819602,0.9992728625639204,0.6931469161954965,Binary entropy is monotone-equivalent to classifier margin.,null,null,null,null,null,null,null,null,null,null,null,null
branin,optimized_iso_gpc,classifier_entropy,classifier_entropy,1,29,34,35,46,6.992640873967403,False,True,True,46,0.500094035939049,0.999811928121902,0.6931471628744295,Binary entropy is monotone-equivalent to classifier margin.,null,null,null,null,null,null,null,null,null,null,null,null
branin,optimized_iso_gpc,classifier_entropy,classifier_entropy,1,30,35,36,161,20.76093514800145,False,False,False,155,0.4999999949968092,0.9999999899936184,0.6931471805599454,Binary entropy is monotone-equivalent to classifier margin.,null,null,null,null,null,null,null,null,null,null,null,null
branin,optimized_iso_gpc,classifier_entropy,classifier_entropy,1,31,36,37,550,180.99675967562658,False,False,False,531,0.5000000043727505,0.999999991254499,0.6931471805599454,Binary entropy is monotone-equivalent to classifier margin.,null,null,null,null,null,null,null,null,null,null,null,null
branin,optimized_iso_gpc,classifier_entropy,classifier_entropy,1,32,37,38,566,5.955904332231093,False,True,True,546,0.5006067192997941,0.9987865614004119,0.6931464443431472,Binary entropy is monotone-equivalent to classifier margin.,null,null,null,null,null,null,null,null,null,null,null,null
branin,optimized_iso_gpc,classifier_entropy,classifier_entropy,1,33,38,39,18,35.616808864872496,False,False,False,18,0.5008357840750055,0.998328431849989,0.6931457834892547,Binary entropy is monotone-equivalent to classifier margin.,null,null,null,null,null,null,null,null,null,null,null,null
branin,optimized_iso_gpc,classifier_entropy,classifier_entropy,1,34,39,40,564,6.9831891363627605,False,True,True,543,0.49959218478503953,0.9991843695700791,0.6931468479334093,Binary entropy is monotone-equivalent to classifier margin.,null,null,null,null,null,null,null,null,null,null,null,null
branin,optimized_iso_gpc,classifier_entropy,classifier_entropy,1,35,40,41,1239,8.385345126542283,False,True,True,1207,0.5010353701935766,0.9979292596128468,0.6931450365755376,Binary entropy is monotone-equivalent to classifier margin.,null,null,null,null,null,null,null,null,null,null,null,null
branin,optimized_iso_gpc,classifier_entropy,classifier_entropy,1,36,41,42,1284,11.62903699337992,False,False,True,1250,0.49948760806265335,0.9989752161253067,0.6931466554688585,Binary entropy is monotone-equivalent to classifier margin.,null,null,null,null,null,null,null,null,null,null,null,null
branin,optimized_iso_gpc,classifier_entropy,classifier_entropy,1,37,42,43,1289,0.26085588687742955,True,True,True,1254,0.5004175746447032,0.9991648507105937,0.693146831822737,Binary entropy is monotone-equivalent to classifier margin.,null,null,null,null,null,null,null,null,null,null,null,null
branin,optimized_iso_gpc,classifier_entropy,classifier_entropy,1,38,43,44,760,7.271964685770406,False,True,True,733,0.4994494199487438,0.9988988398974876,0.693146574283037,Binary entropy is monotone-equivalent to classifier margin.,null,null,null,null,null,null,null,null,null,null,null,null
branin,optimized_iso_gpc,classifier_entropy,classifier_entropy,1,39,44,45,708,3.992740363237772,True,True,True,682,0.4995812088810814,0.9991624177621627,0.6931468297879018,Binary entropy is monotone-equivalent to classifier margin.,null,null,null,null,null,null,null,null,null,null,null,null
branin,optimized_iso_gpc,classifier_entropy,classifier_entropy,1,40,45,46,376,7.593036197158295,False,True,True,360,0.49898122975321835,0.9979624595064367,0.6931451047728776,Binary entropy is monotone-equivalent to classifier margin.,null,null,null,null,null,null,null,null,null,null,null,null
branin,optimized_iso_gpc,classifier_entropy,classifier_entropy,1,41,46,47,916,17.983120497371914,False,False,False,884,0.49973008390177165,0.9994601678035433,0.6931470348505381,Binary entropy is monotone-equivalent to classifier margin.,null,null,null,null,null,null,null,null,null,null,null,null
branin,optimized_iso_gpc,classifier_entropy,classifier_entropy,1,42,47,48,110,17.086107357130075,False,False,False,104,0.49872788820471614,0.9974557764094323,0.6931439440196142,Binary entropy is monotone-equivalent to classifier margin.,null,null,null,null,null,null,null,null,null,null,null,null
branin,optimized_iso_gpc,classifier_entropy,classifier_entropy,1,43,48,49,151,0.3953713580106921,True,True,True,144,0.49940624013569335,0.9988124802713867,0.6931464754582266,Binary entropy is monotone-equivalent to classifier margin.,null,null,null,null,null,null,null,null,null,null,null,null
branin,optimized_iso_gpc,classifier_entropy,classifier_entropy,1,44,49,50,924,6.557167194239295,False,True,True,889,0.49733816733114633,0.9946763346622927,0.6931330097866943,Binary entropy is monotone-equivalent to classifier margin.,null,null,null,null,null,null,null,null,null,null,null,null
branin,optimized_iso_gpc,classifier_gated_diversity,classifier_gated_diversity,1,1,6,7,664,25.707174844508003,False,False,False,661,0.4999906507682722,0.9999813015365444,0.693147180385129,null,0.1,25,150,0.5,1,0.9762085256593912,0.5232658129247403,1.0,0.9881042628296957,null,null,null
branin,optimized_iso_gpc,classifier_gated_diversity,classifier_gated_diversity,1,2,7,8,268,123.94304504718056,False,False,False,267,0.5000398313643921,0.9999203372712158,0.6931471773868702,null,0.1,25,150,0.5,5,0.9661014748653026,0.5085732008201882,1.0,0.9830507374326514,null,null,null
branin,optimized_iso_gpc,classifier_gated_diversity,classifier_gated_diversity,1,3,8,9,108,146.55551689330122,False,False,False,107,0.4999959003209763,0.9999918006419526,0.6931471805263305,null,0.1,25,150,0.5,0,1.0,0.3548218762981186,0.9477742090883006,0.9738871045441503,null,null,null
branin,optimized_iso_gpc,classifier_gated_diversity,classifier_gated_diversity,1,4,9,10,11,110.7389451300983,False,False,False,11,0.5000853645871419,0.9998292708257162,0.6931471659857198,null,0.1,25,150,0.5,5,0.9591611200561273,0.3024137611283746,0.8431782336421034,0.9011696768491153,null,null,null
branin,optimized_iso_gpc,classifier_gated_diversity,classifier_gated_diversity,1,5,10,11,787,12.820396678643633,False,False,False,780,0.5718792858102688,0.8562414283794624,0.6827780274654323,null,0.1,25,149,0.5,3,0.7910790969943545,0.26946081434055325,0.8359115993795053,0.8134953481869299,null,null,null
branin,optimized_iso_gpc,classifier_gated_diversity,classifier_gated_diversity,1,6,11,12,641,9.642698908924281,False,False,True,636,0.5008064926172198,0.9983870147655605,0.693145879698698,null,0.1,25,149,0.5,17,0.9300848502729143,0.29261971984537616,0.9090914923483218,0.919588171310618,null,null,null
branin,optimized_iso_gpc,classifier_gated_diversity,classifier_gated_diversity,1,7,12,13,1453,25.457035882435765,False,False,False,1441,0.5007590514062534,0.9984818971874931,0.693146028241428,null,0.1,25,149,0.5,10,0.9398494360222923,0.22082367793278165,0.7463133711536905,0.8430814035879914,null,null,null
branin,optimized_iso_gpc,classifier_gated_diversity,classifier_gated_diversity,1,8,13,14,904,4.9033590132879326,True,True,True,895,0.5004924142192171,0.9990151715615658,0.6931466956163403,null,0.1,25,149,0.5,11,0.9355786983703966,0.2524494570577617,0.8814625660327826,0.9085206322015896,null,null,null
branin,optimized_iso_gpc,classifier_gated_diversity,classifier_gated_diversity,1,9,14,15,1262,14.294900597406645,False,False,False,1252,0.4998635691056357,0.9997271382112713,0.693147143333167,null,0.1,25,149,0.5,1,0.9946809635410002,0.25534756932090574,0.9352135774559538,0.964947270498477,null,null,null
branin,optimized_iso_gpc,classifier_gated_diversity,classifier_gated_diversity,1,10,15,16,680,48.73784983066905,False,False,False,672,0.5000414040659702,0.9999171918680596,0.693147177131352,null,0.1,25,149,0.5,1,0.9966915841242506,0.21832885627711715,0.8831728213967357,0.9399322027604932,null,null,null
branin,optimized_iso_gpc,classifier_gated_diversity,classifier_gated_diversity,1,11,16,17,865,6.547617476674574,False,True,True,855,0.4999463757617634,0.9998927515235267,0.6931471748088274,null,0.1,25,149,0.5,1,0.9962564642770675,0.18457648329996218,0.9366817644678667,0.9664691143724671,null,null,null
branin,optimized_iso_gpc,classifier_gated_diversity,classifier_gated_diversity,1,12,17,18,1313,109.70950223453994,False,False,False,1299,0.5017498164645944,0.9965003670708112,0.6931410568321258,null,0.1,25,149,0.5,24,0.8827406124645247,0.1816284892691448,0.9206142612068444,0.9016774368356846,null,null,null
branin,optimized_iso_gpc,classifier_gated_diversity,classifier_gated_diversity,1,13,18,19,1415,7.764276781346588,False,True,True,1398,0.4997966669376052,0.9995933338752104,0.6931470978712746,null,0.1,25,149,0.5,2,0.9952247766730388,0.16859093467295366,0.8368610795290516,0.9160429281010452,null,null,null
branin,optimized_iso_gpc,classifier_gated_diversity,classifier_gated_diversity,1,14,19,20,1138,47.11399934304974,False,False,False,1126,0.5000043499507715,0.999991300098457,0.6931471805221012,null,0.1,25,149,0.5,0,1.0,0.15574346848870194,0.8995209667889673,0.9497604833944837,null,null,null
branin,optimized_iso_gpc,classifier_gated_diversity,classifier_gated_diversity,1,15,20,21,368,16.02031478980189,False,False,False,364,0.49942256802049334,0.9988451360409867,0.693146513704415,null,0.1,25,148,0.5,6,0.9506169094960887,0.15498236681364427,0.9459650769470992,0.9482909932215939,null,null,null
branin,optimized_iso_gpc,classifier_gated_diversity,classifier_gated_diversity,1,16,21,22,1012,5.16965839639132,True,True,True,999,0.5000783145909931,0.9998433708180139,0.6931471682935949,null,0.1,25,148,0.5,2,0.9992583175409145,0.15397120551644913,0.9392415018538625,0.9692499096973886,null,null,null
branin,optimized_iso_gpc,classifier_gated_diversity,classifier_gated_diversity,1,17,22,23,1442,63.065477785928834,False,False,False,1421,0.49955687220982603,0.9991137444196521,0.6931467878354172,null,0.1,25,148,0.5,10,0.9683441880491299,0.16102985538329007,0.985293516060602,0.976818852054866,null,null,null
branin,optimized_iso_gpc,classifier_gated_diversity,classifier_gated_diversity,1,18,23,24,22,22.710834433323505,False,False,False,21,0.4988091877390177,0.9976183754780354,0.6931443444895824,null,0.1,25,148,0.5,17,0.9075414954943086,0.1565353573589693,0.951656432703669,0.9295989640989888,null,null,null
branin,optimized_iso_gpc,classifier_gated_diversity,classifier_gated_diversity,1,19,24,25,436,5.2473064972905945,False,True,True,430,0.49825765395306343,0.9965153079061269,0.6931411090081628,null,0.1,25,148,0.5,23,0.8741540966411453,0.14715179601239742,0.8913915130911299,0.8827728048661376,null,null,null
branin,optimized_iso_gpc,classifier_gated_diversity,classifier_gated_diversity,1,20,25,26,835,16.23274478150345,False,False,False,822,0.4990082887380136,0.9980165774760272,0.6931452135762013,null,0.1,25,148,0.5,14,0.9383888271996623,0.12418727055669158,0.7377207279992078,0.8380547775994351,null,null,null
branin,optimized_iso_gpc,classifier_gated_diversity,classifier_gated_diversity,1,21,26,27,921,8.750647266126904,False,True,True,905,0.4996937917812275,0.999387583562455,0.6931469930329871,null,0.1,25,148,0.5,5,0.9791838236535434,0.1468131045864752,0.8831697595047037,0.9311767915791236,null,null,null
branin,optimized_iso_gpc,classifier_gated_diversity,classifier_gated_diversity,1,22,27,28,1082,15.52962744077635,False,False,False,1064,0.49981616550568814,0.9996323310113763,0.6931471129697011,null,0.1,25,148,0.5,3,0.9938830940649811,0.128259291826804,0.7918198972049936,0.8928514956349873,null,null,null
branin,optimized_iso_gpc,classifier_gated_diversity,classifier_gated_diversity,1,23,28,29,838,24.31133206526639,False,False,False,824,0.5006433080952459,0.9987133838095081,0.6931463528691061,null,0.1,25,148,0.5,8,0.9530380669491854,0.11501146346628978,0.7356240972180691,0.8443310820836272,null,null,null
branin,optimized_iso_gpc,classifier_gated_diversity,classifier_gated_diversity,1,24,29,30,8,5.791531156451818,False,True,True,8,0.49936105211267257,0.9987221042253451,0.6931463640509177,null,0.1,25,148,0.5,5,0.962319688940618,0.11684791720330243,0.943507262521394,0.952913475731006,null,null,null
branin,optimized_iso_gpc,classifier_gated_diversity,classifier_gated_diversity,1,25,30,31,367,7.875538033493157,False,True,True,361,0.49925464416436416,0.9985092883287283,0.6931460694488903,null,0.1,25,147,0.5,5,0.9575308833790941,0.10007781442406519,0.8064568008838221,0.8819938421314582,null,null,null
branin,optimized_iso_gpc,classifier_gated_diversity,classifier_gated_diversity,1,26,31,32,872,5.996440550031664,False,True,True,854,0.502986072160744,0.994027855678512,0.6931293472000373,null,0.1,25,147,0.5,6,0.9566922160547146,0.09676237478686718,0.8523438740420757,0.9045180450483952,null,null,null
branin,optimized_iso_gpc,classifier_gated_diversity,classifier_gated_diversity,1,27,32,33,1152,17.227804964972464,False,False,False,1128,0.4972353994018226,0.9944707988036452,0.6931318944491218,null,0.1,25,147,0.5,23,0.8357071401184591,0.12212753558711496,0.9103785387425918,0.8730428394305254,null,null,null
branin,optimized_iso_gpc,classifier_gated_diversity,classifier_gated_diversity,1,28,33,34,790,2.6584098191659464,True,True,True,775,0.5088889315793246,0.9822221368413508,0.6929891460255547,null,0.1,25,147,0.5,16,0.9019609289679731,0.10790390832018945,0.9607402157954329,0.931350572381703,null,null,null
branin,optimized_iso_gpc,classifier_gated_diversity,classifier_gated_diversity,1,29,34,35,73,9.857750689247865,False,False,True,69,0.5024784990697064,0.9950430018605871,0.6931348945943532,null,0.1,25,147,0.5,4,0.9730310647350279,0.08913753675574064,0.7579823344967833,0.8655066996159055,null,null,null
branin,optimized_iso_gpc,classifier_gated_diversity,classifier_gated_diversity,1,30,35,36,851,17.87882271777815,False,False,False,832,0.4976805675129139,0.9953611350258278,0.6931364209872315,null,0.1,25,147,0.5,4,0.9766914296257356,0.08955174708471478,0.7918908645008232,0.8842911470632795,null,null,null
branin,optimized_iso_gpc,classifier_gated_diversity,classifier_gated_diversity,1,31,36,37,509,9.030936674907728,False,False,True,498,0.4872589392969324,0.9745178785938649,0.6928224761584288,null,0.1,25,147,0.5,22,0.8382253850443371,0.08789790007622576,0.7749356980465989,0.806580541545468,null,null,null
branin,optimized_iso_gpc,classifier_gated_diversity,classifier_gated_diversity,1,32,37,38,749,12.351386344842968,False,False,False,733,0.5019890493084507,0.9960219013830987,0.6931392679047723,null,0.1,25,147,0.5,1,0.9752042860983696,0.07596112057865116,0.6525603620754338,0.8138823240869018,null,null,null
branin,optimized_iso_gpc,classifier_gated_diversity,classifier_gated_diversity,1,33,38,39,1039,0.7166885589707945,True,True,True,1012,0.4977150751963775,0.995430150392755,0.6931367387608851,null,0.1,25,147,0.5,4,0.9760650264360642,0.07660526215896367,0.6591640730947884,0.8176145497654264,null,null,null
branin,optimized_iso_gpc,classifier_gated_diversity,classifier_gated_diversity,1,34,39,40,1145,1.626901685413845,True,True,True,1115,0.4765458879425779,0.9530917758851558,0.6920465859863789,null,0.1,25,147,0.5,53,0.6902139558020512,0.10371122277061462,0.9410945238078409,0.815654239804946,null,null,null
branin,optimized_iso_gpc,classifier_gated_diversity,classifier_gated_diversity,1,35,40,41,1238,1.2591351092415763,True,True,True,1206,0.49778080869259345,0.9955616173851869,0.693137330907489,null,0.1,25,146,0.5,3,0.979256944297787,0.06661386270140755,0.5851915375696338,0.7822242409337103,null,null,null
branin,optimized_iso_gpc,classifier_gated_diversity,classifier_gated_diversity,1,36,41,42,1180,5.882513360585822,False,True,True,1148,0.4972044087233023,0.9944088174466046,0.6931315498173325,null,0.1,25,146,0.5,5,0.9653883175416067,0.08725579199264612,0.783225151356825,0.8743067344492159,null,null,null
branin,optimized_iso_gpc,classifier_gated_diversity,classifier_gated_diversity,1,37,42,43,723,1.9195222424946685,True,True,True,707,0.4972806520105033,0.9945613040210066,0.6931323907800567,null,0.1,25,146,0.5,6,0.9601291058590884,0.07085786580494027,0.6679179059886624,0.8140235059238754,null,null,null
branin,optimized_iso_gpc,classifier_gated_diversity,classifier_gated_diversity,1,38,43,44,924,6.557167194239295,False,True,True,897,0.4929520001145029,0.9859040002290058,0.6930478286648634,null,0.1,25,146,0.5,5,0.9498279637087315,0.0763454860683001,0.8264335596549776,0.8881307616818546,null,null,null
branin,optimized_iso_gpc,classifier_gated_diversity,classifier_gated_diversity,1,39,44,45,647,0.18988588755752644,True,True,True,634,0.49794777509611876,0.9958955501922375,0.6931387572821825,null,0.1,25,146,0.5,5,0.9808923792441736,0.0684273283187368,0.753441878095886,0.8671671286700298,null,null,null
branin,optimized_iso_gpc,classifier_gated_diversity,classifier_gated_diversity,1,40,45,46,708,3.992740363237772,True,True,True,691,0.4951241078467099,0.9902482156934198,0.6930996311577109,null,0.1,25,146,0.5,8,0.9427120115832833,0.06372552701704003,0.7133462787634318,0.8280291451733576,null,null,null
branin,optimized_iso_gpc,classifier_gated_diversity,classifier_gated_diversity,1,41,46,47,91,4.509636321160404,True,True,True,86,0.5089250064620003,0.9821499870759993,0.6929878606181241,null,0.1,25,146,0.5,16,0.899474853748397,0.07542733748868731,0.8569982486158889,0.8782365511821429,null,null,null
branin,optimized_iso_gpc,classifier_gated_diversity,classifier_gated_diversity,1,42,47,48,336,6.499269744947526,False,True,True,328,0.5032915087916265,0.9934169824167469,0.6931255123431903,null,0.1,25,146,0.5,2,0.9938130622145095,0.06407258665278212,0.6059450998025963,0.7998790810085529,null,null,null
branin,optimized_iso_gpc,classifier_gated_diversity,classifier_gated_diversity,1,43,48,49,355,1.7403454019853548,True,True,True,346,0.4898326781467972,0.9796653562935944,0.6929404174418902,null,0.1,25,146,0.5,11,0.889344852749975,0.07310324004211066,0.8095315808537329,0.8494382168018539,null,null,null
branin,optimized_iso_gpc,classifier_gated_diversity,classifier_gated_diversity,1,44,49,50,104,3.6069733541271347,True,True,True,98,0.5057213709647783,0.9885572580704434,0.6930817109597434,null,0.1,25,146,0.5,4,0.9372256243158453,0.06812579669938203,0.6052338493660606,0.771229736840953,null,null,null
branin,optimized_iso_gpc,classifier_uncertainty_repulsion,classifier_uncertainty_repulsion,1,1,6,7,162,8.530744435591771,False,True,True,161,0.5000013133822839,0.9999973732354321,0.6931471805564954,null,0.1,25,150,null,0,1.0,null,null,0.993118035907832,0.15,0.4733374098060689,0.993118035907832
branin,optimized_iso_gpc,classifier_uncertainty_repulsion,classifier_uncertainty_repulsion,1,2,7,8,268,123.94304504718056,False,False,False,266,0.5000413551331595,0.999917289733681,0.6931471771394513,null,0.1,25,150,null,6,0.9720307055598786,null,null,0.9689298348799148,0.15,0.5085732008201882,0.9968099046025736
branin,optimized_iso_gpc,classifier_uncertainty_repulsion,classifier_uncertainty_repulsion,1,3,8,9,108,146.55551689330122,False,False,False,107,0.4999829437079743,0.9999658874159486,0.6931471799781111,null,0.1,25,150,null,2,0.9952736691721089,null,null,0.934614434872483,0.15,0.3548218762981186,0.939052708638335
branin,optimized_iso_gpc,classifier_uncertainty_repulsion,classifier_uncertainty_repulsion,1,4,9,10,677,8.775938969600787,False,True,True,671,0.49991591014403236,0.9998318202880647,0.6931471664177375,null,0.1,25,150,null,3,0.9692595519325279,null,null,0.8717130157642418,0.15,0.32144848623237915,0.8993597370551614
branin,optimized_iso_gpc,classifier_uncertainty_repulsion,classifier_uncertainty_repulsion,1,5,10,11,11,110.7389451300983,False,False,False,11,0.49998716241468544,0.9999743248293709,0.6931471802303382,null,0.1,25,149,null,0,1.0,null,null,0.8689679007990847,0.15,0.3024137611283746,0.8689679007990847
branin,optimized_iso_gpc,classifier_uncertainty_repulsion,classifier_uncertainty_repulsion,1,6,11,12,1305,1.742410286581574,True,True,True,1296,0.4999167763093725,0.999833552618745,0.6931471667075799,null,0.1,25,149,null,5,0.9732584447371326,null,null,0.8087653965708844,0.15,0.2828429969938444,0.8309872890846828
branin,optimized_iso_gpc,classifier_uncertainty_repulsion,classifier_uncertainty_repulsion,1,7,12,13,1499,130.91975213934575,False,False,False,1487,0.539217037546976,0.9215659249060479,0.6900680668784901,null,0.1,25,149,null,7,0.7702166859131977,null,null,0.44826156266498784,0.15,0.19812038596096399,0.5819940944716254
branin,optimized_iso_gpc,classifier_uncertainty_repulsion,classifier_uncertainty_repulsion,1,8,13,14,1221,25.320051604080565,False,False,False,1213,0.5040761258398874,0.9918477483202253,0.6931139505881414,null,0.1,25,149,null,16,0.890168035183524,null,null,0.4550811980282276,0.15,0.17948233207180794,0.5112306666172354
branin,optimized_iso_gpc,classifier_uncertainty_repulsion,classifier_uncertainty_repulsion,1,9,14,15,490,56.35849763103538,False,False,False,484,0.4966124401764471,0.9932248803528942,0.6931242292612411,null,0.1,25,149,null,6,0.9312997495577356,null,null,0.4994034808633867,0.15,0.1859510923578975,0.5362435468285567
branin,optimized_iso_gpc,classifier_uncertainty_repulsion,classifier_uncertainty_repulsion,1,10,15,16,1185,10.660438887720993,False,False,True,1176,0.49879733739253007,0.9975946747850601,0.6931442877624611,null,0.1,25,149,null,4,0.9774697788129061,null,null,0.4373597277678928,0.15,0.16338222238024938,0.4474406649165633
branin,optimized_iso_gpc,classifier_uncertainty_repulsion,classifier_uncertainty_repulsion,1,11,16,17,761,15.01928691095344,False,False,False,752,0.5013973748014369,0.9972052503971263,0.69314327524219,null,0.1,25,149,null,5,0.9519428683503076,null,null,0.4161771277375117,0.15,0.16083022192565205,0.4371870850387649
branin,optimized_iso_gpc,classifier_uncertainty_repulsion,classifier_uncertainty_repulsion,1,12,17,18,161,20.76093514800145,False,False,False,158,0.6262532939377081,0.7474934121245838,0.6609196710783704,null,0.1,25,149,null,0,1.0,null,null,0.7486465972524968,0.15,0.24927954348205147,0.7486465972524968
branin,optimized_iso_gpc,classifier_uncertainty_repulsion,classifier_uncertainty_repulsion,1,13,18,19,269,13.398215759642634,False,False,False,263,0.5015774955858205,0.9968450088283589,0.6931422035670419,null,0.1,25,149,null,7,0.9560721176332078,null,null,0.503268204826738,0.15,0.18338985263395005,0.5263914672803106
branin,optimized_iso_gpc,classifier_uncertainty_repulsion,classifier_uncertainty_repulsion,1,14,19,20,1196,47.31849587895438,False,False,False,1183,0.5000414733748634,0.9999170532502732,0.6931471771198637,null,0.1,25,149,null,0,1.0,null,null,0.44634302807822845,0.15,0.1631087017069619,0.44634302807822845
branin,optimized_iso_gpc,classifier_uncertainty_repulsion,classifier_uncertainty_repulsion,1,15,20,21,112,27.647814414494974,False,False,False,109,0.49969182760209385,0.9993836552041877,0.6931469906194796,null,0.1,25,148,null,0,1.0,null,null,0.334296602052947,0.15,0.13531813449573787,0.334296602052947
branin,optimized_iso_gpc,classifier_uncertainty_repulsion,classifier_uncertainty_repulsion,1,16,21,22,1044,22.19323277380352,False,False,False,1031,0.5023670991905291,0.9952658016189417,0.6931359742009288,null,0.1,25,148,null,5,0.9519478251098182,null,null,0.3071452844308653,0.15,0.13240269760618292,0.32264928426663775
branin,optimized_iso_gpc,classifier_uncertainty_repulsion,classifier_uncertainty_repulsion,1,17,22,23,1060,21.292977005410005,False,False,False,1046,0.49456464364210184,0.9891292872842037,0.6930880931986894,null,0.1,25,148,null,17,0.8936497933014194,null,null,0.3391980781136327,0.15,0.1465607074074249,0.3795648817424663
branin,optimized_iso_gpc,classifier_uncertainty_repulsion,classifier_uncertainty_repulsion,1,18,23,24,524,14.333833645943256,False,False,False,514,0.500865007845225,0.9982699843095499,0.6931456840820542,null,0.1,25,148,null,1,0.9786935335437893,null,null,0.4849370328614741,0.15,0.17546487740448954,0.4954942647935425
branin,optimized_iso_gpc,classifier_uncertainty_repulsion,classifier_uncertainty_repulsion,1,19,24,25,1169,5.535138578298412,False,True,True,1153,0.498728371315424,0.997456742630848,0.693143946477436,null,0.1,25,148,null,1,0.9924470367113549,null,null,0.4386611515935509,0.15,0.16202715391195185,0.44199955802894086
branin,optimized_iso_gpc,classifier_uncertainty_repulsion,classifier_uncertainty_repulsion,1,20,25,26,898,8.674711265688671,False,True,True,884,0.5013150442954073,0.9973699114091854,0.69314372187296,null,0.1,25,148,null,1,0.9791382513191291,null,null,0.3281906723174203,0.15,0.13553954420299122,0.3351831795717003
branin,optimized_iso_gpc,classifier_uncertainty_repulsion,classifier_uncertainty_repulsion,1,21,26,27,427,9.565814436880594,False,False,True,419,0.500089622986998,0.999820754026004,0.6931471644953857,null,0.1,25,148,null,0,1.0,null,null,0.318911575340758,0.15,0.13146421991556487,0.318911575340758
branin,optimized_iso_gpc,classifier_uncertainty_repulsion,classifier_uncertainty_repulsion,1,22,27,28,1105,22.261254628578552,False,False,False,1087,0.49386025877938167,0.9877205175587633,0.693071785820625,null,0.1,25,148,null,10,0.9075535115881168,null,null,0.31133133997160695,0.15,0.13750004462138232,0.34304460948733706
branin,optimized_iso_gpc,classifier_uncertainty_repulsion,classifier_uncertainty_repulsion,1,23,28,29,668,12.546445021832536,False,False,False,655,0.5002963024315092,0.9994073951369815,0.6931470049696733,null,0.1,25,148,null,1,0.9996625377617508,null,null,0.2606602519020656,0.15,0.11659868590747452,0.2607482445883039
branin,optimized_iso_gpc,classifier_uncertainty_repulsion,classifier_uncertainty_repulsion,1,24,29,30,3,8.344917099383217,False,True,True,3,0.49668211251154126,0.9933642250230825,0.6931251636435911,null,0.1,25,148,null,8,0.9534374384201438,null,null,0.22641480014670037,0.15,0.11045464557457514,0.237472109886803
branin,optimized_iso_gpc,classifier_uncertainty_repulsion,classifier_uncertainty_repulsion,1,25,30,31,193,6.854336207139461,False,True,True,186,0.49643755185482785,0.9928751037096557,0.693121798271617,null,0.1,25,147,null,6,0.9527973759702635,null,null,0.17669862182844778,0.15,0.09607555420076264,0.18545246479977973
branin,optimized_iso_gpc,classifier_uncertainty_repulsion,classifier_uncertainty_repulsion,1,26,31,32,1432,1.7806111644842453,True,True,True,1402,0.5055556309618936,0.9888887380762128,0.6930854492189126,null,0.1,25,147,null,10,0.9367735756867089,null,null,0.18635004150912096,0.15,0.09990582089303424,0.198927517113744
branin,optimized_iso_gpc,classifier_uncertainty_repulsion,classifier_uncertainty_repulsion,1,27,32,33,84,3.6816897275909923,True,True,True,81,0.4945356785855619,0.9890713571711238,0.6930874617541167,null,0.1,25,147,null,8,0.9419846459743739,null,null,0.17221138450253634,0.15,0.09531622954016637,0.18281761304549038
branin,optimized_iso_gpc,classifier_uncertainty_repulsion,classifier_uncertainty_repulsion,1,28,33,34,979,26.450632961267047,False,False,False,959,0.47868313055737133,0.9573662611147427,0.6922380871972864,null,0.1,25,147,null,39,0.7120436275073024,null,null,0.17691611025665965,0.15,0.11337343252947199,0.24846245850974247
branin,optimized_iso_gpc,classifier_uncertainty_repulsion,classifier_uncertainty_repulsion,1,29,34,35,1238,1.2591351092415763,True,True,True,1210,0.5015166679334877,0.9969666641330246,0.6931425799896493,null,0.1,25,147,null,2,0.9866413339364902,null,null,0.15406686639204847,0.15,0.08740867331438984,0.15615286030776176
branin,optimized_iso_gpc,classifier_uncertainty_repulsion,classifier_uncertainty_repulsion,1,30,35,36,647,0.18988588755752644,True,True,True,632,0.498714027090684,0.997428054181368,0.6931438731036519,null,0.1,25,147,null,3,0.9847747337086024,null,null,0.15561356971350745,0.15,0.0879768540273935,0.15801945804141027
branin,optimized_iso_gpc,classifier_uncertainty_repulsion,classifier_uncertainty_repulsion,1,31,36,37,1119,18.395095697937727,False,False,False,1094,0.5013312986352836,0.9973374027294328,0.6931436358436444,null,0.1,25,147,null,5,0.9833119618919471,null,null,0.19363474089878643,0.15,0.0993408101526543,0.19692096547490623
branin,optimized_iso_gpc,classifier_uncertainty_repulsion,classifier_uncertainty_repulsion,1,32,37,38,253,5.474030216800969,False,True,True,244,0.4996902709747253,0.9993805419494506,0.6931469886957948,null,0.1,25,147,null,0,1.0,null,null,0.14590626099351534,0.15,0.08424455291547243,0.14590626099351534
branin,optimized_iso_gpc,classifier_uncertainty_repulsion,classifier_uncertainty_repulsion,1,33,38,39,1036,8.607850215707174,False,True,True,1013,0.4906616323420572,0.9813232646841143,0.6929727601978588,null,0.1,25,147,null,21,0.8982231932899698,null,null,0.1409574355374915,0.15,0.08764527684829956,0.15692918707787895
branin,optimized_iso_gpc,classifier_uncertainty_repulsion,classifier_uncertainty_repulsion,1,34,39,40,1209,12.676494506155397,False,False,False,1178,0.5076923464171195,0.9846153071657611,0.6930288315042368,null,0.1,25,147,null,13,0.914893443209332,null,null,0.12476554807913975,0.15,0.081225457910244,0.1363716714828317
branin,optimized_iso_gpc,classifier_uncertainty_repulsion,classifier_uncertainty_repulsion,1,35,40,41,1103,29.646809851225058,False,False,False,1077,0.49556536454660005,0.9911307290932001,0.6931078480610517,null,0.1,25,146,null,2,0.9930602127558757,null,null,0.12496642801486921,0.15,0.07779536917428365,0.12583972896071483
branin,optimized_iso_gpc,classifier_uncertainty_repulsion,classifier_uncertainty_repulsion,1,36,41,42,153,9.929467923626675,False,False,True,147,0.5233037031093133,0.9533925937813734,0.6920606618380429,null,0.1,25,146,null,32,0.7734160657018203,null,null,0.131610839930511,0.15,0.09161851687782424,0.17016822609067928
branin,optimized_iso_gpc,classifier_uncertainty_repulsion,classifier_uncertainty_repulsion,1,37,42,43,1220,10.638368391558288,False,False,True,1186,0.5163883929207778,0.9672232141584445,0.692609925493664,null,0.1,25,146,null,26,0.8314215428995966,null,null,0.11606502382210684,0.15,0.08225579080583556,0.13959828779192818
branin,optimized_iso_gpc,classifier_uncertainty_repulsion,classifier_uncertainty_repulsion,1,38,43,44,263,7.628648298038669,False,True,True,252,0.5413026059782311,0.9173947880435378,0.6897314792588654,null,0.1,25,146,null,59,0.5736001156989177,null,null,0.10477917136033424,0.15,0.09527340119817089,0.18266936929164213
branin,optimized_iso_gpc,classifier_uncertainty_repulsion,classifier_uncertainty_repulsion,1,39,44,45,602,10.046638427558314,False,False,True,584,0.4950725467943382,0.9901450935886764,0.6930986201837155,null,0.1,25,146,null,9,0.9629705256106502,null,null,0.09593796460544692,0.15,0.0687210467110908,0.09962710389771234
branin,optimized_iso_gpc,classifier_uncertainty_repulsion,classifier_uncertainty_repulsion,1,40,45,46,323,6.9814095413039325,False,True,True,309,0.508784555111987,0.9824308897760261,0.6929928358019828,null,0.1,25,146,null,9,0.9190423130055452,null,null,0.08228981221807763,0.15,0.06497055158559079,0.08953865459030408
branin,optimized_iso_gpc,classifier_uncertainty_repulsion,classifier_uncertainty_repulsion,1,41,46,47,46,6.992640873967403,False,True,True,44,0.5069264315577673,0.9861471368844654,0.6930512265826019,null,0.1,25,146,null,7,0.9519259128481499,null,null,0.07497176498915634,0.15,0.060757407349872845,0.07875798313425653
branin,optimized_iso_gpc,classifier_uncertainty_repulsion,classifier_uncertainty_repulsion,1,42,47,48,1471,0.0945744759266276,True,True,True,1425,0.5231968722353244,0.9536062555293512,0.6920706044027086,null,0.1,25,146,null,32,0.7902987927049492,null,null,0.07083375614298557,0.15,0.06500494033154916,0.08962908307191442
branin,optimized_iso_gpc,classifier_uncertainty_repulsion,classifier_uncertainty_repulsion,1,43,48,49,1135,1.4562953275490216,True,True,True,1101,0.4973124493514254,0.9946248987028508,0.6931327346334062,null,0.1,25,146,null,3,0.9828614949989598,null,null,0.06460086537756542,0.15,0.055311958197954626,0.06572733361340377
branin,optimized_iso_gpc,classifier_uncertainty_repulsion,classifier_uncertainty_repulsion,1,44,49,50,723,1.9195222424946685,True,True,True,698,0.4691186377973011,0.9382372755946022,0.6912386490234272,null,0.1,25,146,null,42,0.7466109732213825,null,null,0.06242564278294007,0.15,0.06268328680715855,0.08361200815679659
branin,optimized_ard_gpc,random,random,1,1,6,7,394,11.477544404247986,False,False,True,393,0.5563457968107741,0.8873084063784518,0.6867839746322671,null,null,null,null,null,null,null,null,null,null,null,null,null
branin,optimized_ard_gpc,random,random,1,2,7,8,860,23.176655618264498,False,False,False,856,0.7537729471424086,0.4924541057151828,0.5581520497373061,null,null,null,null,null,null,null,null,null,null,null,null,null
branin,optimized_ard_gpc,random,random,1,3,8,9,1340,22.5140234815506,False,False,False,1333,0.3474075120570319,0.6948150241140638,0.6458269990011083,null,null,null,null,null,null,null,null,null,null,null,null,null
branin,optimized_ard_gpc,random,random,1,4,9,10,732,47.43335208302332,False,False,False,728,0.5436487764185216,0.9127024471629568,0.6893318945846595,null,null,null,null,null,null,null,null,null,null,null,null,null
branin,optimized_ard_gpc,random,random,1,5,10,11,1253,24.91229777869023,False,False,False,1247,0.3063058739926987,0.6126117479853974,0.6161129531474216,null,null,null,null,null,null,null,null,null,null,null,null,null
branin,optimized_ard_gpc,random,random,1,6,11,12,12,41.78256879592543,False,False,False,12,0.40529656782749157,0.8105931356549831,0.675100880058445,null,null,null,null,null,null,null,null,null,null,null,null,null
branin,optimized_ard_gpc,random,random,1,7,12,13,995,10.031106210311318,False,False,True,988,0.30869233474652447,0.6173846694930489,0.6180503759460991,null,null,null,null,null,null,null,null,null,null,null,null,null
branin,optimized_ard_gpc,random,random,1,8,13,14,1251,22.720484132152386,False,False,False,1243,0.30410016332893974,0.6082003266578795,0.614298437939663,null,null,null,null,null,null,null,null,null,null,null,null,null
branin,optimized_ard_gpc,random,random,1,9,14,15,961,20.2827701550271,False,False,False,954,0.23500846902868489,0.47001693805736977,0.5452576659940513,null,null,null,null,null,null,null,null,null,null,null,null,null
branin,optimized_ard_gpc,random,random,1,10,15,16,146,25.276385088916275,False,False,False,144,0.30020276796790313,0.6004055359358063,0.6110360090403529,null,null,null,null,null,null,null,null,null,null,null,null,null
branin,optimized_ard_gpc,random,random,1,11,16,17,1167,14.171589640171023,False,False,False,1157,0.17990463804164847,0.35980927608329694,0.4712488541338146,null,null,null,null,null,null,null,null,null,null,null,null,null
branin,optimized_ard_gpc,random,random,1,12,17,18,447,37.30559090724961,False,False,False,443,0.8542957770245039,0.29140844595099225,0.41518468347135784,null,null,null,null,null,null,null,null,null,null,null,null,null
branin,optimized_ard_gpc,random,random,1,13,18,19,605,41.99456060394752,False,False,False,599,0.8413696923976204,0.31726061520475923,0.4373916214367783,null,null,null,null,null,null,null,null,null,null,null,null,null
branin,optimized_ard_gpc,random,random,1,14,19,20,322,13.673541614723,False,False,False,319,0.6335059097967246,0.7329881804065508,0.6570633767878769,null,null,null,null,null,null,null,null,null,null,null,null,null
branin,optimized_ard_gpc,random,random,1,15,20,21,138,25.34353722949951,False,False,False,136,0.747539436954014,0.5049211260919719,0.5650222395403465,null,null,null,null,null,null,null,null,null,null,null,null,null
branin,optimized_ard_gpc,random,random,1,16,21,22,511,125.14239591106406,False,False,False,503,0.22055710166205245,0.4411142033241049,0.5276121624998842,null,null,null,null,null,null,null,null,null,null,null,null,null
branin,optimized_ard_gpc,random,random,1,17,22,23,670,116.12184527824647,False,False,False,659,0.7287260299183913,0.5425479401632174,0.5845218464018105,null,null,null,null,null,null,null,null,null,null,null,null,null
branin,optimized_ard_gpc,random,random,1,18,23,24,10,0.13008064386666263,True,True,True,10,0.3482969837082237,0.6965939674164474,0.6463860261792573,null,null,null,null,null,null,null,null,null,null,null,null,null
branin,optimized_ard_gpc,random,random,1,19,24,25,480,8.755800406329968,False,True,True,471,0.73398242293473,0.5320351541305399,0.5792574739967904,null,null,null,null,null,null,null,null,null,null,null,null,null
branin,optimized_ard_gpc,random,random,1,20,25,26,544,167.01509377775022,False,False,False,533,0.6743872084435907,0.6512255831128186,0.6310280544872695,null,null,null,null,null,null,null,null,null,null,null,null,null
branin,optimized_ard_gpc,random,random,1,21,26,27,987,91.87751575262841,False,False,False,969,0.8085070374823999,0.3829859250352001,0.4883805484502306,null,null,null,null,null,null,null,null,null,null,null,null,null
branin,optimized_ard_gpc,random,random,1,22,27,28,748,66.65991565128282,False,False,False,732,0.8535009786427281,0.29299804271454377,0.41658790873043317,null,null,null,null,null,null,null,null,null,null,null,null,null
branin,optimized_ard_gpc,random,random,1,23,28,29,107,16.832517120892497,False,False,False,104,0.7698233027946344,0.4603533944107312,0.5394897585785094,null,null,null,null,null,null,null,null,null,null,null,null,null
branin,optimized_ard_gpc,random,random,1,24,29,30,361,0.9897974973168289,True,True,True,354,0.52677079456641,0.9464584108671801,0.6917131440584352,null,null,null,null,null,null,null,null,null,null,null,null,null
branin,optimized_ard_gpc,random,random,1,25,30,31,91,4.509636321160404,True,True,True,88,0.2065586283556513,0.4131172567113026,0.5093612721143594,null,null,null,null,null,null,null,null,null,null,null,null,null
branin,optimized_ard_gpc,random,random,1,26,31,32,878,16.539506071379236,False,False,False,857,0.7875401191200808,0.42491976175983837,0.517197644326054,null,null,null,null,null,null,null,null,null,null,null,null,null
branin,optimized_ard_gpc,random,random,1,27,32,33,1136,51.68678723707785,False,False,False,1111,0.8284585920524705,0.34308281589505896,0.4583219122893767,null,null,null,null,null,null,null,null,null,null,null,null,null
branin,optimized_ard_gpc,random,random,1,28,33,34,836,38.975971968336296,False,False,False,816,0.8722627735309061,0.2554744529381878,0.38206251893244614,null,null,null,null,null,null,null,null,null,null,null,null,null
branin,optimized_ard_gpc,random,random,1,29,34,35,828,14.051775502397916,False,False,False,808,0.7014296871108741,0.5971406257782519,0.6096480601140812,null,null,null,null,null,null,null,null,null,null,null,null,null
branin,optimized_ard_gpc,random,random,1,30,35,36,1175,22.33152103805653,False,False,False,1146,0.17510489958351627,0.35020979916703254,0.46388905873934805,null,null,null,null,null,null,null,null,null,null,null,null,null
branin,optimized_ard_gpc,random,random,1,31,36,37,517,17.504952709867556,False,False,False,503,0.16875404927509408,0.33750809855018815,0.4539050878216093,null,null,null,null,null,null,null,null,null,null,null,null,null
branin,optimized_ard_gpc,random,random,1,32,37,38,864,23.82113096892357,False,False,False,840,0.3042927732824978,0.6085855465649956,0.6144578021790601,null,null,null,null,null,null,null,null,null,null,null,null,null
branin,optimized_ard_gpc,random,random,1,33,38,39,1133,111.28244074381487,False,False,False,1104,0.8465858844174363,0.30682823116512736,0.4285857880422913,null,null,null,null,null,null,null,null,null,null,null,null,null
branin,optimized_ard_gpc,random,random,1,34,39,40,1484,75.58355489192097,False,False,False,1445,0.8957512909997831,0.20849741800043375,0.334319290922614,null,null,null,null,null,null,null,null,null,null,null,null,null
branin,optimized_ard_gpc,random,random,1,35,40,41,613,103.67871547282232,False,False,False,596,0.8961055807426419,0.2077888385147162,0.3335565822576657,null,null,null,null,null,null,null,null,null,null,null,null,null
branin,optimized_ard_gpc,random,random,1,36,41,42,1358,3.816130666495809,True,True,True,1319,0.4444831124293671,0.8889662248587342,0.6869702020810123,null,null,null,null,null,null,null,null,null,null,null,null,null
branin,optimized_ard_gpc,random,random,1,37,42,43,1143,7.130256015024216,False,True,True,1111,0.15461549709618794,0.3092309941923759,0.4306322880688993,null,null,null,null,null,null,null,null,null,null,null,null,null
branin,optimized_ard_gpc,random,random,1,38,43,44,766,48.6356141924483,False,False,False,744,0.833454029763061,0.3330919404738779,0.4503669030028127,null,null,null,null,null,null,null,null,null,null,null,null,null
branin,optimized_ard_gpc,random,random,1,39,44,45,25,98.17716633561328,False,False,False,23,0.9211311658162913,0.15773766836741743,0.2759979421141631,null,null,null,null,null,null,null,null,null,null,null,null,null
branin,optimized_ard_gpc,random,random,1,40,45,46,51,42.46291796126734,False,False,False,48,0.8444118064918484,0.3111763870163031,0.43228114049084954,null,null,null,null,null,null,null,null,null,null,null,null,null
branin,optimized_ard_gpc,random,random,1,41,46,47,848,19.682164366620825,False,False,False,821,0.12456078571199214,0.24912157142398428,0.3759146069582838,null,null,null,null,null,null,null,null,null,null,null,null,null
branin,optimized_ard_gpc,random,random,1,42,47,48,357,9.6969075589157,False,False,True,347,0.09047354529832319,0.18094709059664638,0.30363206718011704,null,null,null,null,null,null,null,null,null,null,null,null,null
branin,optimized_ard_gpc,random,random,1,43,48,49,365,19.965675110036642,False,False,False,353,0.11714150179557237,0.23428300359114473,0.36119067613934913,null,null,null,null,null,null,null,null,null,null,null,null,null
branin,optimized_ard_gpc,random,random,1,44,49,50,1188,13.817579566213738,False,False,False,1147,0.3696814966644979,0.7393629933289958,0.6587859502284843,null,null,null,null,null,null,null,null,null,null,null,null,null
branin,optimized_ard_gpc,classifier_margin,classifier_margin,1,1,6,7,98,6.946507390514974,False,True,True,97,0.4987275666192641,0.9974551332385282,0.6931439423830332,null,null,null,null,null,null,null,null,null,null,null,null,null
branin,optimized_ard_gpc,classifier_margin,classifier_margin,1,2,7,8,759,144.27502009208862,False,False,False,755,0.5011994158314157,0.9976011683371686,0.6931443033605126,null,null,null,null,null,null,null,null,null,null,null,null,null
branin,optimized_ard_gpc,classifier_margin,classifier_margin,1,3,8,9,1437,14.705633406692098,False,False,False,1429,0.5000682998769356,0.9998634002461289,0.6931471712301989,null,null,null,null,null,null,null,null,null,null,null,null,null
branin,optimized_ard_gpc,classifier_margin,classifier_margin,1,4,9,10,200,118.59983426208959,False,False,False,198,0.49967780612007995,0.9993556122401599,0.6931469729421385,null,null,null,null,null,null,null,null,null,null,null,null,null
branin,optimized_ard_gpc,classifier_margin,classifier_margin,1,5,10,11,630,19.67815154041443,False,False,False,626,0.4998129822565797,0.9996259645131594,0.6931471106086711,null,null,null,null,null,null,null,null,null,null,null,null,null
branin,optimized_ard_gpc,classifier_margin,classifier_margin,1,6,11,12,10,0.13008064386666263,True,True,True,10,0.5013104128525798,0.9973791742948404,0.6931437461923253,null,null,null,null,null,null,null,null,null,null,null,null,null
branin,optimized_ard_gpc,classifier_margin,classifier_margin,1,7,12,13,166,4.580946120499746,True,True,True,163,0.5000066603899521,0.9999866792200958,0.6931471804712237,null,null,null,null,null,null,null,null,null,null,null,null,null
branin,optimized_ard_gpc,classifier_margin,classifier_margin,1,8,13,14,1161,11.304045095662879,False,False,True,1152,0.49991605572819436,0.9998321114563887,0.6931471664666637,null,null,null,null,null,null,null,null,null,null,null,null,null
branin,optimized_ard_gpc,classifier_margin,classifier_margin,1,9,14,15,526,15.439830230458192,False,False,False,520,0.5005027122136282,0.9989945755727436,0.6931466751207207,null,null,null,null,null,null,null,null,null,null,null,null,null
branin,optimized_ard_gpc,classifier_margin,classifier_margin,1,10,15,16,516,8.435596522921308,False,True,True,510,0.5006851133986994,0.9986297732026013,0.6931462417989134,null,null,null,null,null,null,null,null,null,null,null,null,null
branin,optimized_ard_gpc,classifier_margin,classifier_margin,1,11,16,17,502,9.661509435901351,False,False,True,496,0.49848512222234254,0.9969702444446851,0.693142590843561,null,null,null,null,null,null,null,null,null,null,null,null,null
branin,optimized_ard_gpc,classifier_margin,classifier_margin,1,12,17,18,1453,25.457035882435765,False,False,False,1436,0.49842213870611474,0.9968442774122295,0.6931422012591553,null,null,null,null,null,null,null,null,null,null,null,null,null
branin,optimized_ard_gpc,classifier_margin,classifier_margin,1,13,18,19,395,28.015453749582854,False,False,False,390,0.49971662233878456,0.9994332446775691,0.693147019954139,null,null,null,null,null,null,null,null,null,null,null,null,null
branin,optimized_ard_gpc,classifier_margin,classifier_margin,1,14,19,20,1228,9.574259544346909,False,False,True,1214,0.5003420292439422,0.9993159415121156,0.6931469465919197,null,null,null,null,null,null,null,null,null,null,null,null,null
branin,optimized_ard_gpc,classifier_margin,classifier_margin,1,15,20,21,566,5.955904332231093,False,True,True,556,0.5012166625805161,0.9975666748389678,0.693144220021354,null,null,null,null,null,null,null,null,null,null,null,null,null
branin,optimized_ard_gpc,classifier_margin,classifier_margin,1,16,21,22,448,33.76995184401317,False,False,False,442,0.4993979351156017,0.9987958702312034,0.69314645559552,null,null,null,null,null,null,null,null,null,null,null,null,null
branin,optimized_ard_gpc,classifier_margin,classifier_margin,1,17,22,23,1007,7.856586030763886,False,True,True,992,0.4982533925658821,0.9965067851317642,0.6931410792724788,null,null,null,null,null,null,null,null,null,null,null,null,null
branin,optimized_ard_gpc,classifier_margin,classifier_margin,1,18,23,24,14,14.629017811506655,False,False,False,13,0.4995691415017238,0.9991382830034476,0.6931468092818083,null,null,null,null,null,null,null,null,null,null,null,null,null
branin,optimized_ard_gpc,classifier_margin,classifier_margin,1,19,24,25,175,26.733039678747367,False,False,False,170,0.49957589018246984,0.9991517803649397,0.6931468208216275,null,null,null,null,null,null,null,null,null,null,null,null,null
branin,optimized_ard_gpc,classifier_margin,classifier_margin,1,20,25,26,788,10.584933947797502,False,False,True,771,0.49911709914607627,0.9982341982921525,0.6931456215312994,null,null,null,null,null,null,null,null,null,null,null,null,null
branin,optimized_ard_gpc,classifier_margin,classifier_margin,1,21,26,27,756,4.038459106579687,True,True,True,740,0.4995422171891142,0.9990844343782284,0.6931467614296829,null,null,null,null,null,null,null,null,null,null,null,null,null
branin,optimized_ard_gpc,classifier_margin,classifier_margin,1,22,27,28,56,2.953898720882435,True,True,True,54,0.49813971430671167,0.9962794286134233,0.6931402592182556,null,null,null,null,null,null,null,null,null,null,null,null,null
branin,optimized_ard_gpc,classifier_margin,classifier_margin,1,23,28,29,695,2.834302865590214,True,True,True,678,0.5030795643646071,0.9938408712707858,0.6931282130066708,null,null,null,null,null,null,null,null,null,null,null,null,null
branin,optimized_ard_gpc,classifier_margin,classifier_margin,1,24,29,30,780,14.011109682933835,False,False,False,760,0.5000647172349288,0.9998705655301423,0.6931471721833042,null,null,null,null,null,null,null,null,null,null,null,null,null
branin,optimized_ard_gpc,classifier_margin,classifier_margin,1,25,30,31,488,1.0675387539532757,True,True,True,477,0.500483650284704,0.999032699430592,0.6931467127246764,null,null,null,null,null,null,null,null,null,null,null,null,null
branin,optimized_ard_gpc,classifier_margin,classifier_margin,1,26,31,32,384,18.30089071905922,False,False,False,376,0.5014244931771317,0.9971510136457367,0.6931431221928318,null,null,null,null,null,null,null,null,null,null,null,null,null
branin,optimized_ard_gpc,classifier_margin,classifier_margin,1,27,32,33,230,12.459846440438923,False,False,False,222,0.5007488128147526,0.9985023743704948,0.693146059118263,null,null,null,null,null,null,null,null,null,null,null,null,null
branin,optimized_ard_gpc,classifier_margin,classifier_margin,1,28,33,34,356,10.000407449528282,False,False,True,347,0.5019532919314478,0.9960934161371044,0.6931395498417972,null,null,null,null,null,null,null,null,null,null,null,null,null
branin,optimized_ard_gpc,classifier_margin,classifier_margin,1,29,34,35,1406,15.595613602580778,False,False,False,1374,0.5029303010430874,0.9941393979138251,0.69313000713323,null,null,null,null,null,null,null,null,null,null,null,null,null
branin,optimized_ard_gpc,classifier_margin,classifier_margin,1,30,35,36,1135,1.4562953275490216,True,True,True,1108,0.4991219153172608,0.9982438306345216,0.6931456384937325,null,null,null,null,null,null,null,null,null,null,null,null,null
branin,optimized_ard_gpc,classifier_margin,classifier_margin,1,31,36,37,924,6.557167194239295,False,True,True,898,0.5064062569528538,0.9871874860942924,0.693065098057783,null,null,null,null,null,null,null,null,null,null,null,null,null
branin,optimized_ard_gpc,classifier_margin,classifier_margin,1,32,37,38,297,0.04330509064369892,True,True,True,288,0.49641647882238704,0.9928329576447741,0.6931214970920035,null,null,null,null,null,null,null,null,null,null,null,null,null
branin,optimized_ard_gpc,classifier_margin,classifier_margin,1,33,38,39,344,2.8535492323565563,True,True,True,334,0.4999183592490154,0.9998367184980308,0.6931471672295209,null,null,null,null,null,null,null,null,null,null,null,null,null
branin,optimized_ard_gpc,classifier_margin,classifier_margin,1,34,39,40,361,0.9897974973168289,True,True,True,349,0.49747935399242404,0.9949587079848481,0.6931344731935285,null,null,null,null,null,null,null,null,null,null,null,null,null
branin,optimized_ard_gpc,classifier_margin,classifier_margin,1,35,40,41,1115,5.778282983133806,False,True,True,1084,0.5004270724041479,0.9991458551917043,0.6931468157782241,null,null,null,null,null,null,null,null,null,null,null,null,null
branin,optimized_ard_gpc,classifier_margin,classifier_margin,1,36,41,42,453,2.945098235382712,True,True,True,437,0.5005264854059681,0.9989470291880638,0.6931466261860775,null,null,null,null,null,null,null,null,null,null,null,null,null
branin,optimized_ard_gpc,classifier_margin,classifier_margin,1,37,42,43,1141,0.6335067241354082,True,True,True,1107,0.5022240808794303,0.9955518382411395,0.6931372874558043,null,null,null,null,null,null,null,null,null,null,null,null,null
branin,optimized_ard_gpc,classifier_margin,classifier_margin,1,38,43,44,1106,10.343523008207114,False,False,True,1074,0.503493803410537,0.9930123931789261,0.6931227670367284,null,null,null,null,null,null,null,null,null,null,null,null,null
branin,optimized_ard_gpc,classifier_margin,classifier_margin,1,39,44,45,304,1.3933978938218523,True,True,True,294,0.5031121877973419,0.9937756244053162,0.6931278090090875,null,null,null,null,null,null,null,null,null,null,null,null,null
branin,optimized_ard_gpc,classifier_margin,classifier_margin,1,40,45,46,790,2.6584098191659464,True,True,True,759,0.4983053784691034,0.9966107569382068,0.6931414370646835,null,null,null,null,null,null,null,null,null,null,null,null,null
branin,optimized_ard_gpc,classifier_margin,classifier_margin,1,41,46,47,172,2.0732301673721807,True,True,True,166,0.4990816424573503,0.9981632849147006,0.6931454937978447,null,null,null,null,null,null,null,null,null,null,null,null,null
branin,optimized_ard_gpc,classifier_margin,classifier_margin,1,42,47,48,1289,0.26085588687742955,True,True,True,1247,0.5047123698619416,0.9905752602761169,0.6931027670429897,null,null,null,null,null,null,null,null,null,null,null,null,null
branin,optimized_ard_gpc,classifier_margin,classifier_margin,1,43,48,49,155,0.4638114312470272,True,True,True,150,0.4999785905449896,0.9999571810899792,0.6931471796432158,null,null,null,null,null,null,null,null,null,null,null,null,null
branin,optimized_ard_gpc,classifier_margin,classifier_margin,1,44,49,50,1471,0.0945744759266276,True,True,True,1422,0.4948238911409959,0.9896477822819918,0.6930935953969748,null,null,null,null,null,null,null,null,null,null,null,null,null
branin,optimized_ard_gpc,classifier_entropy,classifier_entropy,1,1,6,7,98,6.946507390514974,False,True,True,97,0.4987275666192641,0.9974551332385282,0.6931439423830332,Binary entropy is monotone-equivalent to classifier margin.,null,null,null,null,null,null,null,null,null,null,null,null
branin,optimized_ard_gpc,classifier_entropy,classifier_entropy,1,2,7,8,759,144.27502009208862,False,False,False,755,0.5011994158314157,0.9976011683371686,0.6931443033605126,Binary entropy is monotone-equivalent to classifier margin.,null,null,null,null,null,null,null,null,null,null,null,null
branin,optimized_ard_gpc,classifier_entropy,classifier_entropy,1,3,8,9,1437,14.705633406692098,False,False,False,1429,0.5000682998769356,0.9998634002461289,0.6931471712301989,Binary entropy is monotone-equivalent to classifier margin.,null,null,null,null,null,null,null,null,null,null,null,null
branin,optimized_ard_gpc,classifier_entropy,classifier_entropy,1,4,9,10,200,118.59983426208959,False,False,False,198,0.49967780612007995,0.9993556122401599,0.6931469729421385,Binary entropy is monotone-equivalent to classifier margin.,null,null,null,null,null,null,null,null,null,null,null,null
branin,optimized_ard_gpc,classifier_entropy,classifier_entropy,1,5,10,11,630,19.67815154041443,False,False,False,626,0.4998129822565797,0.9996259645131594,0.6931471106086711,Binary entropy is monotone-equivalent to classifier margin.,null,null,null,null,null,null,null,null,null,null,null,null
branin,optimized_ard_gpc,classifier_entropy,classifier_entropy,1,6,11,12,10,0.13008064386666263,True,True,True,10,0.5013104128525798,0.9973791742948404,0.6931437461923253,Binary entropy is monotone-equivalent to classifier margin.,null,null,null,null,null,null,null,null,null,null,null,null
branin,optimized_ard_gpc,classifier_entropy,classifier_entropy,1,7,12,13,166,4.580946120499746,True,True,True,163,0.5000066603899521,0.9999866792200958,0.6931471804712237,Binary entropy is monotone-equivalent to classifier margin.,null,null,null,null,null,null,null,null,null,null,null,null
branin,optimized_ard_gpc,classifier_entropy,classifier_entropy,1,8,13,14,1161,11.304045095662879,False,False,True,1152,0.49991605572819436,0.9998321114563887,0.6931471664666637,Binary entropy is monotone-equivalent to classifier margin.,null,null,null,null,null,null,null,null,null,null,null,null
branin,optimized_ard_gpc,classifier_entropy,classifier_entropy,1,9,14,15,526,15.439830230458192,False,False,False,520,0.5005027122136282,0.9989945755727436,0.6931466751207207,Binary entropy is monotone-equivalent to classifier margin.,null,null,null,null,null,null,null,null,null,null,null,null
branin,optimized_ard_gpc,classifier_entropy,classifier_entropy,1,10,15,16,516,8.435596522921308,False,True,True,510,0.5006851133986994,0.9986297732026013,0.6931462417989134,Binary entropy is monotone-equivalent to classifier margin.,null,null,null,null,null,null,null,null,null,null,null,null
branin,optimized_ard_gpc,classifier_entropy,classifier_entropy,1,11,16,17,502,9.661509435901351,False,False,True,496,0.49848512222234254,0.9969702444446851,0.693142590843561,Binary entropy is monotone-equivalent to classifier margin.,null,null,null,null,null,null,null,null,null,null,null,null
branin,optimized_ard_gpc,classifier_entropy,classifier_entropy,1,12,17,18,1453,25.457035882435765,False,False,False,1436,0.49842213870611474,0.9968442774122295,0.6931422012591553,Binary entropy is monotone-equivalent to classifier margin.,null,null,null,null,null,null,null,null,null,null,null,null
branin,optimized_ard_gpc,classifier_entropy,classifier_entropy,1,13,18,19,395,28.015453749582854,False,False,False,390,0.49971662233878456,0.9994332446775691,0.693147019954139,Binary entropy is monotone-equivalent to classifier margin.,null,null,null,null,null,null,null,null,null,null,null,null
branin,optimized_ard_gpc,classifier_entropy,classifier_entropy,1,14,19,20,1228,9.574259544346909,False,False,True,1214,0.5003420292439422,0.9993159415121156,0.6931469465919197,Binary entropy is monotone-equivalent to classifier margin.,null,null,null,null,null,null,null,null,null,null,null,null
branin,optimized_ard_gpc,classifier_entropy,classifier_entropy,1,15,20,21,566,5.955904332231093,False,True,True,556,0.5012166625805161,0.9975666748389678,0.693144220021354,Binary entropy is monotone-equivalent to classifier margin.,null,null,null,null,null,null,null,null,null,null,null,null
branin,optimized_ard_gpc,classifier_entropy,classifier_entropy,1,16,21,22,448,33.76995184401317,False,False,False,442,0.4993979351156017,0.9987958702312034,0.69314645559552,Binary entropy is monotone-equivalent to classifier margin.,null,null,null,null,null,null,null,null,null,null,null,null
branin,optimized_ard_gpc,classifier_entropy,classifier_entropy,1,17,22,23,1007,7.856586030763886,False,True,True,992,0.4982533925658821,0.9965067851317642,0.6931410792724788,Binary entropy is monotone-equivalent to classifier margin.,null,null,null,null,null,null,null,null,null,null,null,null
branin,optimized_ard_gpc,classifier_entropy,classifier_entropy,1,18,23,24,14,14.629017811506655,False,False,False,13,0.4995691415017238,0.9991382830034476,0.6931468092818083,Binary entropy is monotone-equivalent to classifier margin.,null,null,null,null,null,null,null,null,null,null,null,null
branin,optimized_ard_gpc,classifier_entropy,classifier_entropy,1,19,24,25,175,26.733039678747367,False,False,False,170,0.49957589018246984,0.9991517803649397,0.6931468208216275,Binary entropy is monotone-equivalent to classifier margin.,null,null,null,null,null,null,null,null,null,null,null,null
branin,optimized_ard_gpc,classifier_entropy,classifier_entropy,1,20,25,26,788,10.584933947797502,False,False,True,771,0.49911709914607627,0.9982341982921525,0.6931456215312994,Binary entropy is monotone-equivalent to classifier margin.,null,null,null,null,null,null,null,null,null,null,null,null
branin,optimized_ard_gpc,classifier_entropy,classifier_entropy,1,21,26,27,756,4.038459106579687,True,True,True,740,0.4995422171891142,0.9990844343782284,0.6931467614296829,Binary entropy is monotone-equivalent to classifier margin.,null,null,null,null,null,null,null,null,null,null,null,null
branin,optimized_ard_gpc,classifier_entropy,classifier_entropy,1,22,27,28,56,2.953898720882435,True,True,True,54,0.49813971430671167,0.9962794286134233,0.6931402592182556,Binary entropy is monotone-equivalent to classifier margin.,null,null,null,null,null,null,null,null,null,null,null,null
branin,optimized_ard_gpc,classifier_entropy,classifier_entropy,1,23,28,29,695,2.834302865590214,True,True,True,678,0.5030795643646071,0.9938408712707858,0.6931282130066708,Binary entropy is monotone-equivalent to classifier margin.,null,null,null,null,null,null,null,null,null,null,null,null
branin,optimized_ard_gpc,classifier_entropy,classifier_entropy,1,24,29,30,780,14.011109682933835,False,False,False,760,0.5000647172349288,0.9998705655301423,0.6931471721833042,Binary entropy is monotone-equivalent to classifier margin.,null,null,null,null,null,null,null,null,null,null,null,null
branin,optimized_ard_gpc,classifier_entropy,classifier_entropy,1,25,30,31,488,1.0675387539532757,True,True,True,477,0.500483650284704,0.999032699430592,0.6931467127246764,Binary entropy is monotone-equivalent to classifier margin.,null,null,null,null,null,null,null,null,null,null,null,null
branin,optimized_ard_gpc,classifier_entropy,classifier_entropy,1,26,31,32,384,18.30089071905922,False,False,False,376,0.5014244931771317,0.9971510136457367,0.6931431221928318,Binary entropy is monotone-equivalent to classifier margin.,null,null,null,null,null,null,null,null,null,null,null,null
branin,optimized_ard_gpc,classifier_entropy,classifier_entropy,1,27,32,33,230,12.459846440438923,False,False,False,222,0.5007488128147526,0.9985023743704948,0.693146059118263,Binary entropy is monotone-equivalent to classifier margin.,null,null,null,null,null,null,null,null,null,null,null,null
branin,optimized_ard_gpc,classifier_entropy,classifier_entropy,1,28,33,34,356,10.000407449528282,False,False,True,347,0.5019532919314478,0.9960934161371044,0.6931395498417972,Binary entropy is monotone-equivalent to classifier margin.,null,null,null,null,null,null,null,null,null,null,null,null
branin,optimized_ard_gpc,classifier_entropy,classifier_entropy,1,29,34,35,1406,15.595613602580778,False,False,False,1374,0.5029303010430874,0.9941393979138251,0.69313000713323,Binary entropy is monotone-equivalent to classifier margin.,null,null,null,null,null,null,null,null,null,null,null,null
branin,optimized_ard_gpc,classifier_entropy,classifier_entropy,1,30,35,36,1135,1.4562953275490216,True,True,True,1108,0.4991219153172608,0.9982438306345216,0.6931456384937325,Binary entropy is monotone-equivalent to classifier margin.,null,null,null,null,null,null,null,null,null,null,null,null
branin,optimized_ard_gpc,classifier_entropy,classifier_entropy,1,31,36,37,924,6.557167194239295,False,True,True,898,0.5064062569528538,0.9871874860942924,0.693065098057783,Binary entropy is monotone-equivalent to classifier margin.,null,null,null,null,null,null,null,null,null,null,null,null
branin,optimized_ard_gpc,classifier_entropy,classifier_entropy,1,32,37,38,297,0.04330509064369892,True,True,True,288,0.49641647882238704,0.9928329576447741,0.6931214970920035,Binary entropy is monotone-equivalent to classifier margin.,null,null,null,null,null,null,null,null,null,null,null,null
branin,optimized_ard_gpc,classifier_entropy,classifier_entropy,1,33,38,39,344,2.8535492323565563,True,True,True,334,0.4999183592490154,0.9998367184980308,0.6931471672295209,Binary entropy is monotone-equivalent to classifier margin.,null,null,null,null,null,null,null,null,null,null,null,null
branin,optimized_ard_gpc,classifier_entropy,classifier_entropy,1,34,39,40,361,0.9897974973168289,True,True,True,349,0.49747935399242404,0.9949587079848481,0.6931344731935285,Binary entropy is monotone-equivalent to classifier margin.,null,null,null,null,null,null,null,null,null,null,null,null
branin,optimized_ard_gpc,classifier_entropy,classifier_entropy,1,35,40,41,1115,5.778282983133806,False,True,True,1084,0.5004270724041479,0.9991458551917043,0.6931468157782241,Binary entropy is monotone-equivalent to classifier margin.,null,null,null,null,null,null,null,null,null,null,null,null
branin,optimized_ard_gpc,classifier_entropy,classifier_entropy,1,36,41,42,453,2.945098235382712,True,True,True,437,0.5005264854059681,0.9989470291880638,0.6931466261860775,Binary entropy is monotone-equivalent to classifier margin.,null,null,null,null,null,null,null,null,null,null,null,null
branin,optimized_ard_gpc,classifier_entropy,classifier_entropy,1,37,42,43,1141,0.6335067241354082,True,True,True,1107,0.5022240808794303,0.9955518382411395,0.6931372874558043,Binary entropy is monotone-equivalent to classifier margin.,null,null,null,null,null,null,null,null,null,null,null,null
branin,optimized_ard_gpc,classifier_entropy,classifier_entropy,1,38,43,44,1106,10.343523008207114,False,False,True,1074,0.503493803410537,0.9930123931789261,0.6931227670367284,Binary entropy is monotone-equivalent to classifier margin.,null,null,null,null,null,null,null,null,null,null,null,null
branin,optimized_ard_gpc,classifier_entropy,classifier_entropy,1,39,44,45,304,1.3933978938218523,True,True,True,294,0.5031121877973419,0.9937756244053162,0.6931278090090875,Binary entropy is monotone-equivalent to classifier margin.,null,null,null,null,null,null,null,null,null,null,null,null
branin,optimized_ard_gpc,classifier_entropy,classifier_entropy,1,40,45,46,790,2.6584098191659464,True,True,True,759,0.4983053784691034,0.9966107569382068,0.6931414370646835,Binary entropy is monotone-equivalent to classifier margin.,null,null,null,null,null,null,null,null,null,null,null,null
branin,optimized_ard_gpc,classifier_entropy,classifier_entropy,1,41,46,47,172,2.0732301673721807,True,True,True,166,0.4990816424573503,0.9981632849147006,0.6931454937978447,Binary entropy is monotone-equivalent to classifier margin.,null,null,null,null,null,null,null,null,null,null,null,null
branin,optimized_ard_gpc,classifier_entropy,classifier_entropy,1,42,47,48,1289,0.26085588687742955,True,True,True,1247,0.5047123698619416,0.9905752602761169,0.6931027670429897,Binary entropy is monotone-equivalent to classifier margin.,null,null,null,null,null,null,null,null,null,null,null,null
branin,optimized_ard_gpc,classifier_entropy,classifier_entropy,1,43,48,49,155,0.4638114312470272,True,True,True,150,0.4999785905449896,0.9999571810899792,0.6931471796432158,Binary entropy is monotone-equivalent to classifier margin.,null,null,null,null,null,null,null,null,null,null,null,null
branin,optimized_ard_gpc,classifier_entropy,classifier_entropy,1,44,49,50,1471,0.0945744759266276,True,True,True,1422,0.4948238911409959,0.9896477822819918,0.6930935953969748,Binary entropy is monotone-equivalent to classifier margin.,null,null,null,null,null,null,null,null,null,null,null,null
branin,optimized_ard_gpc,classifier_gated_diversity,classifier_gated_diversity,1,1,6,7,428,14.026943106066867,False,False,False,427,0.48918503784239675,0.9783700756847935,0.6929132355030054,null,0.1,25,150,0.5,25,0.8318640534921106,0.5006648531097032,0.9799816553372036,0.9059228544146571,null,null,null
branin,optimized_ard_gpc,classifier_gated_diversity,classifier_gated_diversity,1,2,7,8,320,179.785317118833,False,False,False,319,0.5127864413834047,0.9744271172331906,0.6928201587441322,null,0.1,25,150,0.5,18,0.8123867004407881,0.41530476243338815,1.0,0.906193350220394,null,null,null
branin,optimized_ard_gpc,classifier_gated_diversity,classifier_gated_diversity,1,3,8,9,1377,1.3989824357289677,True,True,True,1370,0.4977864023994565,0.995572804798913,0.6931373804992573,null,0.1,25,150,0.5,2,0.9742267450716089,0.23936115462870863,0.5761303027676477,0.7751785239196283,null,null,null
branin,optimized_ard_gpc,classifier_gated_diversity,classifier_gated_diversity,1,4,9,10,405,78.80722229279593,False,False,False,403,0.4937804304383331,0.9875608608766662,0.6930698124735863,null,0.1,25,150,0.5,7,0.9266164149244391,0.2509664047690156,0.6669083755163852,0.7967623952204121,null,null,null
branin,optimized_ard_gpc,classifier_gated_diversity,classifier_gated_diversity,1,5,10,11,807,22.95954082177127,False,False,False,801,0.49894903319726236,0.9978980663945247,0.6931449714958777,null,0.1,25,149,0.5,1,0.9946728930656612,0.21263963311385176,0.7163577550866529,0.855515324076157,null,null,null
branin,optimized_ard_gpc,classifier_gated_diversity,classifier_gated_diversity,1,6,11,12,80,84.85011344571375,False,False,False,79,0.497719025652108,0.995438051304216,0.6931367748359007,null,0.1,25,149,0.5,2,0.9639903527761012,0.22210894372279022,0.5635056507368456,0.7637480017564734,null,null,null
branin,optimized_ard_gpc,classifier_gated_diversity,classifier_gated_diversity,1,7,12,13,1265,261.58392743391727,False,False,False,1257,0.464730449369128,0.929460898738256,0.6906572308529019,null,0.1,25,149,0.5,39,0.5500955108868888,0.3670963158782894,1.0,0.7750477554434444,null,null,null
branin,optimized_ard_gpc,classifier_gated_diversity,classifier_gated_diversity,1,8,13,14,1478,42.72680345959442,False,False,False,1465,0.5019584247724178,0.9960831504551644,0.6931395096851527,null,0.1,25,149,0.5,2,0.9752670136942684,0.19998147271502653,0.9018308274185705,0.9385489205564195,null,null,null
branin,optimized_ard_gpc,classifier_gated_diversity,classifier_gated_diversity,1,9,14,15,1380,61.71047906240317,False,False,False,1368,0.5091727779119282,0.9816544441761437,0.6929788914100776,null,0.1,25,149,0.5,12,0.9169957346181662,0.1822296182728002,0.9151868558076333,0.9160912952128997,null,null,null
branin,optimized_ard_gpc,classifier_gated_diversity,classifier_gated_diversity,1,10,15,16,14,14.629017811506655,False,False,False,14,0.5024625751345884,0.9950748497308233,0.6931350519583239,null,0.1,25,149,0.5,4,0.9808833795449621,0.15886255623640674,0.7919811724719047,0.8864322760084333,null,null,null
branin,optimized_ard_gpc,classifier_gated_diversity,classifier_gated_diversity,1,11,16,17,1223,78.10205255879777,False,False,False,1214,0.502634912693722,0.9947301746125561,0.6931332949658682,null,0.1,25,149,0.5,11,0.9463379340726183,0.20841019467607685,0.955804072290486,0.9510710031815521,null,null,null
branin,optimized_ard_gpc,classifier_gated_diversity,classifier_gated_diversity,1,12,17,18,1102,2.088488932423033,True,True,True,1093,0.4944030568304125,0.988806113660825,0.6930845277057872,null,0.1,25,149,0.5,21,0.8854990669042143,0.2148623730031075,0.8231127354331192,0.8543059011686668,null,null,null
branin,optimized_ard_gpc,classifier_gated_diversity,classifier_gated_diversity,1,13,18,19,712,1.5291638553566749,True,True,True,704,0.5049412613440882,0.9901174773118235,0.6930983476377142,null,0.1,25,149,0.5,5,0.9578327878625382,0.21885617970414975,0.8533357134949343,0.9055842506787363,null,null,null
branin,optimized_ard_gpc,classifier_gated_diversity,classifier_gated_diversity,1,14,19,20,918,26.786754431177783,False,False,False,908,0.49274711206910027,0.9854942241382005,0.6930419681033302,null,0.1,25,149,0.5,11,0.9056945416293188,0.15163145890901283,0.8644655897973345,0.8850800657133266,null,null,null
branin,optimized_ard_gpc,classifier_gated_diversity,classifier_gated_diversity,1,15,20,21,962,5.816066637052273,False,True,True,951,0.5074086734128755,0.9851826531742489,0.693037399659127,null,0.1,25,148,0.5,16,0.9101615677870304,0.15079173964796044,0.8169271244426132,0.8635443461148218,null,null,null
branin,optimized_ard_gpc,classifier_gated_diversity,classifier_gated_diversity,1,16,21,22,20,109.61159153492392,False,False,False,19,0.49986418561366125,0.9997283712273225,0.6931471436688498,null,0.1,25,148,0.5,1,0.9992347835194982,0.20904167468750479,0.8016783865232201,0.9004565850213592,null,null,null
branin,optimized_ard_gpc,classifier_gated_diversity,classifier_gated_diversity,1,17,22,23,913,74.98274470001648,False,False,False,902,0.5039525889051886,0.9920948221896229,0.6931159343163946,null,0.1,25,148,0.5,7,0.9530680777580705,0.1312711293981592,0.899293268211755,0.9261806729849127,null,null,null
branin,optimized_ard_gpc,classifier_gated_diversity,classifier_gated_diversity,1,18,23,24,687,8.829595525677586,False,True,True,678,0.5075086895146423,0.9849826209707153,0.693034415484773,null,0.1,25,148,0.5,16,0.889932652921011,0.14152034298931626,0.9710037220907487,0.9304681875058798,null,null,null
branin,optimized_ard_gpc,classifier_gated_diversity,classifier_gated_diversity,1,19,24,25,889,7.228383251891543,False,True,True,877,0.4923446222822516,0.9846892445645032,0.6930299663641484,null,0.1,25,148,0.5,19,0.885145601637158,0.17125450852237928,0.9839111846476064,0.9345283931423822,null,null,null
branin,optimized_ard_gpc,classifier_gated_diversity,classifier_gated_diversity,1,20,25,26,1113,9.423333107569583,False,False,True,1096,0.49993204334244445,0.9998640866848889,0.6931471713237307,null,0.1,25,148,0.5,0,1.0,0.14017439547590194,0.8311549034240528,0.9155774517120264,null,null,null
branin,optimized_ard_gpc,classifier_gated_diversity,classifier_gated_diversity,1,21,26,27,1204,22.20260083601937,False,False,False,1186,0.49861911066925035,0.9972382213385007,0.6931433668444096,null,0.1,25,148,0.5,2,0.9833400735674578,0.1498205838804774,0.8388992773869344,0.9111196754771961,null,null,null
branin,optimized_ard_gpc,classifier_gated_diversity,classifier_gated_diversity,1,22,27,28,1462,26.761795406456606,False,False,False,1436,0.49729016952062643,0.9945803390412529,0.6931324941255941,null,0.1,25,148,0.5,8,0.9336144780620098,0.19909396242823058,0.9208900297066186,0.9272522538843142,null,null,null
branin,optimized_ard_gpc,classifier_gated_diversity,classifier_gated_diversity,1,23,28,29,997,17.7534231834264,False,False,False,981,0.5016981384001622,0.9966037231996756,0.6931414132008056,null,0.1,25,148,0.5,3,0.9756943536930505,0.16657971580106765,0.9476254031629323,0.9616598784279914,null,null,null
branin,optimized_ard_gpc,classifier_gated_diversity,classifier_gated_diversity,1,24,29,30,1315,21.88164289971823,False,False,False,1291,0.50053777894062,0.99892444211876,0.6931466021474558,null,0.1,25,148,0.5,3,0.9891719323591841,0.13795132951292555,0.8734949774971476,0.9313334549281658,null,null,null
branin,optimized_ard_gpc,classifier_gated_diversity,classifier_gated_diversity,1,25,30,31,431,8.208937332885114,False,True,True,424,0.49988481977576826,0.9997696395515365,0.6931471540269769,null,0.1,25,147,0.5,0,1.0,0.11584270873871484,0.7525196721722137,0.8762598360861069,null,null,null
branin,optimized_ard_gpc,classifier_gated_diversity,classifier_gated_diversity,1,26,31,32,1258,20.70755233696036,False,False,False,1236,0.4994289743986082,0.9988579487972165,0.6931465284193287,null,0.1,25,147,0.5,2,0.9896014735115608,0.11979869721007046,0.6922315570261789,0.8409165152688698,null,null,null
branin,optimized_ard_gpc,classifier_gated_diversity,classifier_gated_diversity,1,27,32,33,1354,5.582811676104637,False,True,True,1327,0.5005784615599762,0.9988430768800476,0.6931465113242432,null,0.1,25,147,0.5,0,1.0,0.1506111980629497,0.9766084732312146,0.9883042366156073,null,null,null
branin,optimized_ard_gpc,classifier_gated_diversity,classifier_gated_diversity,1,28,33,34,787,12.820396678643633,False,False,False,775,0.5042384019247788,0.9915231961504425,0.6931112520279048,null,0.1,25,147,0.5,8,0.9434436458976926,0.15397618373818284,0.9337275020232232,0.9385855739604578,null,null,null
branin,optimized_ard_gpc,classifier_gated_diversity,classifier_gated_diversity,1,29,34,35,479,1.1909967443378413,True,True,True,470,0.4983421593723669,0.9966843187447338,0.6931416836787802,null,0.1,25,147,0.5,4,0.9802660495337628,0.11525419239017069,0.836133216625272,0.9081996330795175,null,null,null
branin,optimized_ard_gpc,classifier_gated_diversity,classifier_gated_diversity,1,30,35,36,73,9.857750689247865,False,False,True,70,0.501537856019918,0.9969242879601641,0.6931424505502117,null,0.1,25,147,0.5,2,0.9852216606534117,0.08913753675574064,0.6551492190764956,0.8201854398649536,null,null,null
branin,optimized_ard_gpc,classifier_gated_diversity,classifier_gated_diversity,1,31,36,37,783,38.07165316654553,False,False,False,769,0.4972046127322436,0.9944092254644872,0.6931315520985755,null,0.1,25,147,0.5,7,0.9572699075683434,0.10911139733947064,0.8207589405161938,0.8890144240422686,null,null,null
branin,optimized_ard_gpc,classifier_gated_diversity,classifier_gated_diversity,1,32,37,38,152,3.70526101755609,True,True,True,147,0.5009614859762075,0.998077028047585,0.693145331648241,null,0.1,25,147,0.5,1,0.9958022898411882,0.07936558832931588,0.5741268423537135,0.7849645660974509,null,null,null
branin,optimized_ard_gpc,classifier_gated_diversity,classifier_gated_diversity,1,33,38,39,526,15.439830230458192,False,False,False,514,0.5236916437820653,0.9526167124358693,0.6920241721441309,null,0.1,25,147,0.5,59,0.6201902748558141,0.1307293066136747,1.0,0.8100951374279071,null,null,null
branin,optimized_ard_gpc,classifier_gated_diversity,classifier_gated_diversity,1,34,39,40,1071,11.823341783623881,False,False,True,1047,0.4992933096713992,0.9985866193427984,0.6931461817371717,null,0.1,25,147,0.5,1,0.991365193992238,0.0903116091502876,0.713693576168387,0.8525293850803125,null,null,null
branin,optimized_ard_gpc,classifier_gated_diversity,classifier_gated_diversity,1,35,40,41,647,0.18988588755752644,True,True,True,634,0.5041209846779129,0.9917580306441742,0.6931132151459627,null,0.1,25,146,0.5,8,0.9598061215505546,0.0879768540273935,0.7719951051705695,0.865900613360562,null,null,null
branin,optimized_ard_gpc,classifier_gated_diversity,classifier_gated_diversity,1,36,41,42,1475,15.369618570572587,False,False,False,1435,0.5046260389203763,0.9907479221592475,0.6931043794771119,null,0.1,25,146,0.5,15,0.9176883379426298,0.11032502350921677,1.0,0.958844168971315,null,null,null
branin,optimized_ard_gpc,classifier_gated_diversity,classifier_gated_diversity,1,37,42,43,1452,1.268961548460645,True,True,True,1413,0.4930348193637428,0.9860696387274857,0.6930501499389995,null,0.1,25,146,0.5,15,0.9112391338966334,0.08921764136506606,0.9495171531342518,0.9303781435154426,null,null,null
branin,optimized_ard_gpc,classifier_gated_diversity,classifier_gated_diversity,1,38,43,44,775,38.34650069283552,False,False,False,758,0.5024308214166826,0.9951383571666348,0.693135362727872,null,0.1,25,146,0.5,9,0.9681745533251513,0.09832937151915726,1.0,0.9840872766625757,null,null,null
branin,optimized_ard_gpc,classifier_gated_diversity,classifier_gated_diversity,1,39,44,45,263,7.628648298038669,False,True,True,257,0.5067832862967965,0.986433427406407,0.6930551517908439,null,0.1,25,146,0.5,11,0.9335361235572359,0.11786712416692251,0.9839899992070644,0.9587630613821502,null,null,null
branin,optimized_ard_gpc,classifier_gated_diversity,classifier_gated_diversity,1,40,45,46,1023,1.5381867018166737,True,True,True,996,0.4495564267112826,0.8991128534225652,0.688049404040033,null,0.1,25,146,0.5,70,0.5081187776119932,0.11963387672886587,1.0,0.7540593888059965,null,null,null
branin,optimized_ard_gpc,classifier_gated_diversity,classifier_gated_diversity,1,41,46,47,861,4.170980506298676,True,True,True,839,0.4846109856301801,0.9692219712603602,0.6926734622256501,null,0.1,25,146,0.5,19,0.8416443734100809,0.07985145246264883,0.998413553336345,0.9200289633732129,null,null,null
branin,optimized_ard_gpc,classifier_gated_diversity,classifier_gated_diversity,1,42,47,48,1309,9.309969368554249,False,False,True,1272,0.5009991694931113,0.9980016610137774,0.6931451838792644,null,0.1,25,146,0.5,0,1.0,0.06553533739751365,0.7182551565338237,0.8591275782669119,null,null,null
branin,optimized_ard_gpc,classifier_gated_diversity,classifier_gated_diversity,1,43,48,49,135,9.51062090110105,False,False,True,130,0.4995352921526649,0.9990705843053298,0.6931467486531164,null,0.1,25,146,0.5,0,1.0,0.06812360495740019,0.7508509408843862,0.8754254704421931,null,null,null
branin,optimized_ard_gpc,classifier_gated_diversity,classifier_gated_diversity,1,44,49,50,1220,10.638368391558288,False,False,True,1186,0.4946031347766926,0.9892062695533852,0.6930889271203051,null,0.1,25,146,0.5,4,0.9461583801175948,0.06375824917429858,0.7010300047737013,0.823594192445648,null,null,null
branin,optimized_ard_gpc,classifier_uncertainty_repulsion,classifier_uncertainty_repulsion,1,1,6,7,462,0.5149485614847649,True,True,True,460,0.4935705289352068,0.9871410578704136,0.6930645020849975,null,0.1,25,150,null,15,0.9091348391541896,null,null,0.888537021963901,0.15,0.41283032115854834,0.9773434959225062
branin,optimized_ard_gpc,classifier_uncertainty_repulsion,classifier_uncertainty_repulsion,1,2,7,8,759,144.27502009208862,False,False,False,755,0.5009714910660203,0.9980570178679593,0.693145292968975,null,0.1,25,150,null,0,1.0,null,null,0.9233098135549732,0.15,0.339939948630805,0.9233098135549732
branin,optimized_ard_gpc,classifier_uncertainty_repulsion,classifier_uncertainty_repulsion,1,3,8,9,1437,14.705633406692098,False,False,False,1429,0.49977209465110045,0.9995441893022009,0.6931470766782456,null,0.1,25,150,null,0,1.0,null,null,0.8385559719101707,0.15,0.28646440394520223,0.8385559719101707
branin,optimized_ard_gpc,classifier_uncertainty_repulsion,classifier_uncertainty_repulsion,1,4,9,10,157,79.33793569310747,False,False,False,156,0.49943077478172127,0.9988615495634425,0.6931465325251072,null,0.1,25,150,null,3,0.9921039528049928,null,null,0.6265257127472593,0.15,0.21195669560378083,0.6315121625872695
branin,optimized_ard_gpc,classifier_uncertainty_repulsion,classifier_uncertainty_repulsion,1,5,10,11,645,51.08609274391448,False,False,False,641,0.4972135918786549,0.9944271837573098,0.6931316523391325,null,0.1,25,149,null,7,0.9458227346589265,null,null,0.6923449427975977,0.15,0.24342360802574847,0.7320028557436447
branin,optimized_ard_gpc,classifier_uncertainty_repulsion,classifier_uncertainty_repulsion,1,6,11,12,709,18.68002404203645,False,False,False,703,0.5016396741845375,0.996720651630925,0.6931418034874448,null,0.1,25,149,null,0,1.0,null,null,0.6733368322277223,0.15,0.2243817212109913,0.6733368322277223
branin,optimized_ard_gpc,classifier_uncertainty_repulsion,classifier_uncertainty_repulsion,1,7,12,13,900,10.209458812803472,False,False,True,892,0.519531901041276,0.960936197917448,0.6923839960734208,null,0.1,25,149,null,36,0.7673927794585164,null,null,0.49023646608427784,0.15,0.2140765519752512,0.6388338269617234
branin,optimized_ard_gpc,classifier_uncertainty_repulsion,classifier_uncertainty_repulsion,1,8,13,14,21,21.550169875271788,False,False,False,21,0.5027401995671665,0.9945196008656669,0.6931321630974346,null,0.1,25,149,null,9,0.9686734058427614,null,null,0.43228161167480905,0.15,0.16308837993089365,0.4462614634276215
branin,optimized_ard_gpc,classifier_uncertainty_repulsion,classifier_uncertainty_repulsion,1,9,14,15,692,19.750482296559284,False,False,False,685,0.49982065974996104,0.9996413194999221,0.6931471162340933,null,0.1,25,149,null,0,1.0,null,null,0.41244026543461965,0.15,0.15469318441021923,0.41244026543461965
branin,optimized_ard_gpc,classifier_uncertainty_repulsion,classifier_uncertainty_repulsion,1,10,15,16,576,3.280704694039642,True,True,True,571,0.49643964783425876,0.9928792956685175,0.6931218281306079,null,0.1,25,149,null,8,0.9705808311126933,null,null,0.44093717111438446,0.15,0.16509409768686661,0.45430236924098866
branin,optimized_ard_gpc,classifier_uncertainty_repulsion,classifier_uncertainty_repulsion,1,11,16,17,761,15.01928691095344,False,False,False,750,0.503104403809675,0.99379119238065,0.693127905790079,null,0.1,25,149,null,2,0.9703566333065405,null,null,0.42422738796331616,0.15,0.16083022192565205,0.4371870850387649
branin,optimized_ard_gpc,classifier_uncertainty_repulsion,classifier_uncertainty_repulsion,1,12,17,18,619,38.01856587451607,False,False,False,613,0.5143947395708999,0.9712105208582003,0.6927327062391644,null,0.1,25,149,null,23,0.8169884043314686,null,null,0.38862536082184024,0.15,0.17045357871403868,0.4756803875813238
branin,optimized_ard_gpc,classifier_uncertainty_repulsion,classifier_uncertainty_repulsion,1,13,18,19,353,17.54605550611699,False,False,False,350,0.4898187214133962,0.9796374428267924,0.6929398493634914,null,0.1,25,149,null,22,0.8734991032865702,null,null,0.4690418722747198,0.15,0.18614040326771403,0.5369689224750589
branin,optimized_ard_gpc,classifier_uncertainty_repulsion,classifier_uncertainty_repulsion,1,14,19,20,401,106.34008436002239,False,False,False,397,0.49159739938696845,0.9831947987739369,0.6930059665185608,null,0.1,25,149,null,15,0.9053212460756027,null,null,0.5292862605084847,0.15,0.19883999807522998,0.5846391684751032
branin,optimized_ard_gpc,classifier_uncertainty_repulsion,classifier_uncertainty_repulsion,1,15,20,21,1398,196.79644706685625,False,False,False,1380,0.4987103664901542,0.9974207329803084,0.6931438542470777,null,0.1,25,148,null,6,0.9751865295777096,null,null,0.9047160446172242,0.15,0.34385253499334156,0.927736404448694
branin,optimized_ard_gpc,classifier_uncertainty_repulsion,classifier_uncertainty_repulsion,1,16,21,22,1481,16.06311912894992,False,False,False,1460,0.5058383590649829,0.9883232818700343,0.6930790061375373,null,0.1,25,148,null,11,0.910709662275648,null,null,0.4333619247182913,0.15,0.1704964836104428,0.4758508036858008
branin,optimized_ard_gpc,classifier_uncertainty_repulsion,classifier_uncertainty_repulsion,1,17,22,23,776,58.84198817133846,False,False,False,761,0.49499771376237156,0.9899954275247431,0.6930971339898471,null,0.1,25,148,null,14,0.9185080297071878,null,null,0.5116199680909138,0.15,0.19141463879375484,0.5570119710918735
branin,optimized_ard_gpc,classifier_uncertainty_repulsion,classifier_uncertainty_repulsion,1,18,23,24,1007,7.856586030763886,False,True,True,990,0.49726431478447,0.99452862956894,0.6931322125380677,null,0.1,25,148,null,2,0.9882488984051151,null,null,0.3845356375015509,0.15,0.1489214075101947,0.3891080861533299
branin,optimized_ard_gpc,classifier_uncertainty_repulsion,classifier_uncertainty_repulsion,1,19,24,25,430,8.990021352302222,False,False,True,425,0.5026474122206643,0.9947051755586713,0.6931331629115148,null,0.1,25,148,null,2,0.9712276488124745,null,null,0.3914172536511187,0.15,0.15236039004273247,0.40301288181993866
branin,optimized_ard_gpc,classifier_uncertainty_repulsion,classifier_uncertainty_repulsion,1,20,25,26,1424,32.9011133744505,False,False,False,1401,0.5002772448902715,0.999445510219457,0.6931470268304791,null,0.1,25,148,null,1,0.9969947164046208,null,null,0.2693065818746156,0.15,0.11903478706125373,0.2701183641632461
branin,optimized_ard_gpc,classifier_uncertainty_repulsion,classifier_uncertainty_repulsion,1,21,26,27,866,14.581632162042432,False,False,False,849,0.5072498152281888,0.9855003695436224,0.6930420572345701,null,0.1,25,148,null,11,0.8965099174241042,null,null,0.21793802759665296,0.15,0.11195245305187199,0.24309605879524798
branin,optimized_ard_gpc,classifier_uncertainty_repulsion,classifier_uncertainty_repulsion,1,22,27,28,664,25.707174844508003,False,False,False,652,0.5049480177593129,0.9901039644813743,0.6930982140012059,null,0.1,25,148,null,11,0.9355961127794955,null,null,0.22498972587961416,0.15,0.11125616555961179,0.24047740558819586
branin,optimized_ard_gpc,classifier_uncertainty_repulsion,classifier_uncertainty_repulsion,1,23,28,29,240,3.1388699239557774,True,True,True,237,0.49080535142503123,0.9816107028500625,0.6929780879041207,null,0.1,25,148,null,16,0.8799887792682801,null,null,0.21247759740851957,0.15,0.11151630219916515,0.2414548939876221
branin,optimized_ard_gpc,classifier_uncertainty_repulsion,classifier_uncertainty_repulsion,1,24,29,30,436,5.2473064972905945,False,True,True,429,0.5144685782962419,0.9710628434075161,0.6927284425936909,null,0.1,25,148,null,25,0.8051418694735955,null,null,0.17214571863319933,0.15,0.10404295756228286,0.21380793268861897
branin,optimized_ard_gpc,classifier_uncertainty_repulsion,classifier_uncertainty_repulsion,1,25,30,31,790,2.6584098191659464,True,True,True,770,0.4997990591303361,0.9995981182606722,0.693147099805477,null,0.1,25,147,null,0,1.0,null,null,0.16064653224524283,0.15,0.08877246990895388,0.16064653224524283
branin,optimized_ard_gpc,classifier_uncertainty_repulsion,classifier_uncertainty_repulsion,1,26,31,32,988,27.017932919479126,False,False,False,965,0.499230703904463,0.998461407808926,0.6931459969265131,null,0.1,25,147,null,5,0.9892354446424406,null,null,0.3555009121479984,0.15,0.14155776144684662,0.35936936355580573
branin,optimized_ard_gpc,classifier_uncertainty_repulsion,classifier_uncertainty_repulsion,1,27,32,33,380,11.208194854746125,False,False,True,375,0.5045225215531968,0.9909549568936065,0.6931062735997509,null,0.1,25,147,null,6,0.9372853039490887,null,null,0.13379058325466722,0.15,0.08325124532338121,0.1427426448392649
branin,optimized_ard_gpc,classifier_uncertainty_repulsion,classifier_uncertainty_repulsion,1,28,33,34,926,8.174423370326586,False,True,True,902,0.5072857118568486,0.9854285762863029,0.6930410136082297,null,0.1,25,147,null,7,0.9026541167564829,null,null,0.1573281874152153,0.15,0.09283481225471157,0.17429509763999573
branin,optimized_ard_gpc,classifier_uncertainty_repulsion,classifier_uncertainty_repulsion,1,29,34,35,921,8.750647266126904,False,True,True,897,0.480678670884636,0.961357341769272,0.6924003671137489,null,0.1,25,147,null,33,0.7289452213862146,null,null,0.11247193930595521,0.15,0.0868404407852572,0.15429408960534852
branin,optimized_ard_gpc,classifier_uncertainty_repulsion,classifier_uncertainty_repulsion,1,30,35,36,580,21.54136989196222,False,False,False,568,0.4994393335330174,0.9988786670660348,0.6931465518660392,null,0.1,25,147,null,2,0.9881551903581515,null,null,0.6369700500863402,0.15,0.2157630169905424,0.6446052768851762
branin,optimized_ard_gpc,classifier_uncertainty_repulsion,classifier_uncertainty_repulsion,1,31,36,37,889,7.228383251891543,False,True,True,865,0.4930587187300244,0.9861174374600488,0.6930508146931076,null,0.1,25,147,null,12,0.8558097413469676,null,null,0.3853035905630431,0.15,0.16407546272611767,0.45022108530408855
branin,optimized_ard_gpc,classifier_uncertainty_repulsion,classifier_uncertainty_repulsion,1,32,37,38,1032,7.983055165587761,False,True,True,1002,0.4888667615491933,0.9777335230983866,0.6928992620746045,null,0.1,25,147,null,20,0.8414371069162543,null,null,0.16437951758503594,0.15,0.09889879754816613,0.195355679270508
branin,optimized_ard_gpc,classifier_uncertainty_repulsion,classifier_uncertainty_repulsion,1,33,38,39,698,2.134457798325762,True,True,True,680,0.48014775690636924,0.9602955138127385,0.6923587502189879,null,0.1,25,147,null,26,0.7791806404207952,null,null,0.1452094439190196,0.15,0.09633676507273259,0.18636171946032887
branin,optimized_ard_gpc,classifier_uncertainty_repulsion,classifier_uncertainty_repulsion,1,34,39,40,86,1.3931859047902222,True,True,True,84,0.5114244234407188,0.9771511531185624,0.6928861229402218,null,0.1,25,147,null,15,0.8842837668272044,null,null,0.13531083412946154,0.15,0.08644872828634599,0.1530174353589624
branin,optimized_ard_gpc,classifier_uncertainty_repulsion,classifier_uncertainty_repulsion,1,35,40,41,78,6.981262914266182,False,True,True,76,0.5018048863195999,0.9963902273608003,0.6931406653165424,null,0.1,25,146,null,5,0.985490447943082,null,null,0.10525605570783873,0.15,0.07129378879567083,0.1068057594343298
branin,optimized_ard_gpc,classifier_uncertainty_repulsion,classifier_uncertainty_repulsion,1,36,41,42,323,6.9814095413039325,False,True,True,317,0.4991917591813997,0.9983835183627994,0.6931458740529346,null,0.1,25,146,null,1,0.9988010374819289,null,null,0.13061058359016547,0.15,0.07941348772619225,0.13076736876390016
branin,optimized_ard_gpc,classifier_uncertainty_repulsion,classifier_uncertainty_repulsion,1,37,42,43,162,8.530744435591771,False,True,True,157,0.4954072009731654,0.9908144019463307,0.6931049923608589,null,0.1,25,146,null,3,0.9585531802042621,null,null,0.0872462244047022,0.15,0.06553153443742372,0.09101865833475253
branin,optimized_ard_gpc,classifier_uncertainty_repulsion,classifier_uncertainty_repulsion,1,38,43,44,634,3.356873841701134,True,True,True,616,0.505417438173712,0.989165123652576,0.6930884821387028,null,0.1,25,146,null,6,0.9481721040512695,null,null,0.10161626856140783,0.15,0.07142264462141275,0.10717070047434474
branin,optimized_ard_gpc,classifier_uncertainty_repulsion,classifier_uncertainty_repulsion,1,39,44,45,1135,1.4562953275490216,True,True,True,1098,0.5154622961162758,0.9690754077674484,0.6926689391144144,null,0.1,25,146,null,18,0.863040866360088,null,null,0.08491623077792215,0.15,0.06827071086043356,0.09839190018435628
branin,optimized_ard_gpc,classifier_uncertainty_repulsion,classifier_uncertainty_repulsion,1,40,45,46,849,3.543460781792298,True,True,True,820,0.48175228022653016,0.9635045604530603,0.6924810740936675,null,0.1,25,146,null,26,0.8279413092292611,null,null,0.06895070486306844,0.15,0.06255301105943645,0.0832797012233335
branin,optimized_ard_gpc,classifier_uncertainty_repulsion,classifier_uncertainty_repulsion,1,41,46,47,851,17.87882271777815,False,False,False,821,0.5075284839197405,0.984943032160519,0.6930338201360924,null,0.1,25,146,null,4,0.9440100169736617,null,null,0.07139930087594208,0.15,0.05949055068764079,0.07563405005471902
branin,optimized_ard_gpc,classifier_uncertainty_repulsion,classifier_uncertainty_repulsion,1,42,47,48,91,4.509636321160404,True,True,True,87,0.49626887891750116,0.9925377578350023,0.6931193377724729,null,0.1,25,146,null,7,0.9619001404177921,null,null,0.11423801051161181,0.15,0.07542733748868731,0.11876285875370973
branin,optimized_ard_gpc,classifier_uncertainty_repulsion,classifier_uncertainty_repulsion,1,43,48,49,242,9.470480175108804,False,False,True,234,0.5104566502923582,0.9790866994152836,0.6929284815457208,null,0.1,25,146,null,9,0.9092401240917124,null,null,0.0768932359600554,0.15,0.06305709392649508,0.08456867874904672
branin,optimized_ard_gpc,classifier_uncertainty_repulsion,classifier_uncertainty_repulsion,1,44,49,50,735,4.658050252388961,True,True,True,708,0.4905092615175093,0.9810185230350186,0.6929670215067045,null,0.1,25,146,null,7,0.912282306133264,null,null,0.1209976937088406,0.15,0.08001955845456567,0.13263185408220068
branin,fixed_iso_gpc,random,random,2,1,6,7,1259,14.691915870658462,False,False,False,1255,0.4356410937742936,0.8712821875485872,0.684840014329789,null,null,null,null,null,null,null,null,null,null,null,null,null
branin,fixed_iso_gpc,random,random,2,2,7,8,922,32.28052786694077,False,False,False,919,0.5440152101433142,0.9119695797133716,0.6892674831599348,null,null,null,null,null,null,null,null,null,null,null,null,null
branin,fixed_iso_gpc,random,random,2,3,8,9,1423,24.7709624991165,False,False,False,1417,0.4443653059012149,0.8887306118024298,0.6869439046591999,null,null,null,null,null,null,null,null,null,null,null,null,null
branin,fixed_iso_gpc,random,random,2,4,9,10,1289,4.380933433463731,True,True,True,1283,0.3813385961551603,0.7626771923103206,0.6647156329429895,null,null,null,null,null,null,null,null,null,null,null,null,null
branin,fixed_iso_gpc,random,random,2,5,10,11,1493,10.48263179760577,False,False,True,1483,0.3884587002075932,0.7769174004151864,0.668053649376068,null,null,null,null,null,null,null,null,null,null,null,null,null
branin,fixed_iso_gpc,random,random,2,6,11,12,291,37.30661453182347,False,False,False,291,0.5150581930696951,0.9698836138606097,0.692693613624427,null,null,null,null,null,null,null,null,null,null,null,null,null
branin,fixed_iso_gpc,random,random,2,7,12,13,1308,71.95509703009078,False,False,False,1300,0.5916675802621683,0.8166648394756635,0.6762458549867247,null,null,null,null,null,null,null,null,null,null,null,null,null
branin,fixed_iso_gpc,random,random,2,8,13,14,399,18.90473893486641,False,False,False,398,0.3463262593632521,0.6926525187265042,0.6451427388756812,null,null,null,null,null,null,null,null,null,null,null,null,null
branin,fixed_iso_gpc,random,random,2,9,14,15,472,5.867029370225062,False,True,True,468,0.49960178236909736,0.9992035647381947,0.6931468634053486,null,null,null,null,null,null,null,null,null,null,null,null,null
branin,fixed_iso_gpc,random,random,2,10,15,16,587,8.501933264559334,False,True,True,581,0.4291811107879937,0.8583622215759874,0.6830827405210036,null,null,null,null,null,null,null,null,null,null,null,null,null
branin,fixed_iso_gpc,random,random,2,11,16,17,1277,146.29516542633814,False,False,False,1267,0.6015082008589729,0.7969835982820541,0.6723954032953623,null,null,null,null,null,null,null,null,null,null,null,null,null
branin,fixed_iso_gpc,random,random,2,12,17,18,659,3.0312825074517207,True,True,True,652,0.45518329335891394,0.9103665867178279,0.6891247098484984,null,null,null,null,null,null,null,null,null,null,null,null,null
branin,fixed_iso_gpc,random,random,2,13,18,19,332,24.45731558391694,False,False,False,331,0.4687997441351257,0.9375994882702514,0.6911990031671517,null,null,null,null,null,null,null,null,null,null,null,null,null
branin,fixed_iso_gpc,random,random,2,14,19,20,1110,19.859085115567737,False,False,False,1099,0.37228163978892326,0.7445632795778465,0.6601588505369403,null,null,null,null,null,null,null,null,null,null,null,null,null
branin,fixed_iso_gpc,random,random,2,15,20,21,154,22.95303880788001,False,False,False,154,0.3805219407967684,0.7610438815935368,0.6643190637116374,null,null,null,null,null,null,null,null,null,null,null,null,null
branin,fixed_iso_gpc,random,random,2,16,21,22,1260,4.055027585545254,True,True,True,1246,0.41671460737379107,0.8334292147475821,0.679209391980574,null,null,null,null,null,null,null,null,null,null,null,null,null
branin,fixed_iso_gpc,random,random,2,17,22,23,434,99.41626896515746,False,False,False,428,0.688490950353355,0.6230180992932901,0.6203027657935511,null,null,null,null,null,null,null,null,null,null,null,null,null
branin,fixed_iso_gpc,random,random,2,18,23,24,483,1.5424866396327488,True,True,True,475,0.3934874394793155,0.786974878958631,0.6702825267063008,null,null,null,null,null,null,null,null,null,null,null,null,null
branin,fixed_iso_gpc,random,random,2,19,24,25,793,69.64503523085426,False,False,False,781,0.5109523873170474,0.9780952253659052,0.692907251794842,null,null,null,null,null,null,null,null,null,null,null,null,null
branin,fixed_iso_gpc,random,random,2,20,25,26,445,12.788653294509285,False,False,True,438,0.47611665644156886,0.9522333128831377,0.6920059181348006,null,null,null,null,null,null,null,null,null,null,null,null,null
branin,fixed_iso_gpc,random,random,2,21,26,27,146,10.078411772423728,False,False,True,146,0.31797979341843075,0.6359595868368615,0.6253372944847033,null,null,null,null,null,null,null,null,null,null,null,null,null
branin,fixed_iso_gpc,random,random,2,22,27,28,17,2.641325276087411,True,True,True,17,0.3255668738162285,0.651133747632457,0.6309946171853777,null,null,null,null,null,null,null,null,null,null,null,null,null
branin,fixed_iso_gpc,random,random,2,23,28,29,194,25.644358239762298,False,False,False,191,0.32540696031185234,0.6508139206237047,0.6308780932020922,null,null,null,null,null,null,null,null,null,null,null,null,null
branin,fixed_iso_gpc,random,random,2,24,29,30,817,18.47258207177685,False,False,False,800,0.6213682361203894,0.7572635277592212,0.6633903341631198,null,null,null,null,null,null,null,null,null,null,null,null,null
branin,fixed_iso_gpc,random,random,2,25,30,31,882,6.674416779132727,False,True,True,864,0.5016276642040225,0.996744671591955,0.6931418819690649,null,null,null,null,null,null,null,null,null,null,null,null,null
branin,fixed_iso_gpc,random,random,2,26,31,32,668,13.606145243693202,False,False,False,652,0.3194380342910108,0.6388760685820216,0.6264451377859974,null,null,null,null,null,null,null,null,null,null,null,null,null
branin,fixed_iso_gpc,random,random,2,27,32,33,360,116.11249929839934,False,False,False,354,0.703773454524935,0.59245309095013,0.6076330779219763,null,null,null,null,null,null,null,null,null,null,null,null,null
branin,fixed_iso_gpc,random,random,2,28,33,34,40,98.19976632471095,False,False,False,39,0.5920836247650243,0.8158327504699514,0.6760912010598721,null,null,null,null,null,null,null,null,null,null,null,null,null
branin,fixed_iso_gpc,random,random,2,29,34,35,1297,3.665944082938509,True,True,True,1268,0.4326934919312606,0.8653869838625212,0.6840592850143628,null,null,null,null,null,null,null,null,null,null,null,null,null
branin,fixed_iso_gpc,random,random,2,30,35,36,1216,16.37245419173179,False,False,False,1191,0.5138132631873447,0.9723734736253107,0.692765519522659,null,null,null,null,null,null,null,null,null,null,null,null,null
branin,fixed_iso_gpc,random,random,2,31,36,37,1181,9.21393080959411,False,False,True,1156,0.4685988273009656,0.9371976546019312,0.6911738148668692,null,null,null,null,null,null,null,null,null,null,null,null,null
branin,fixed_iso_gpc,random,random,2,32,37,38,1313,23.650130914020362,False,False,False,1280,0.3296299842193662,0.6592599684387324,0.6339162863915622,null,null,null,null,null,null,null,null,null,null,null,null,null
branin,fixed_iso_gpc,random,random,2,33,38,39,522,58.195101693024085,False,False,False,507,0.7334459752087241,0.5331080495825518,0.5798011903499546,null,null,null,null,null,null,null,null,null,null,null,null,null
branin,fixed_iso_gpc,random,random,2,34,39,40,836,15.742476589675206,False,False,False,814,0.5402757888911367,0.9194484222177266,0.6898993846333349,null,null,null,null,null,null,null,null,null,null,null,null,null
branin,fixed_iso_gpc,random,random,2,35,40,41,1436,7.6470870456065825,False,True,True,1399,0.46360293671631325,0.9272058734326265,0.6904953432180356,null,null,null,null,null,null,null,null,null,null,null,null,null
branin,fixed_iso_gpc,random,random,2,36,41,42,106,79.22399778304167,False,False,False,104,0.742908700096109,0.514182599807782,0.5699924679140298,null,null,null,null,null,null,null,null,null,null,null,null,null
branin,fixed_iso_gpc,random,random,2,37,42,43,142,12.058147922619227,False,False,True,139,0.5354111768910741,0.9291776462178518,0.6906371769190314,null,null,null,null,null,null,null,null,null,null,null,null,null
branin,fixed_iso_gpc,random,random,2,38,43,44,681,14.005758686245574,False,False,False,659,0.4567867541122297,0.9135735082244594,0.6894077478715079,null,null,null,null,null,null,null,null,null,null,null,null,null
branin,fixed_iso_gpc,random,random,2,39,44,45,78,7.220566421423193,False,True,True,76,0.4969507287753139,0.9939014575506278,0.6931285843346684,null,null,null,null,null,null,null,null,null,null,null,null,null
branin,fixed_iso_gpc,random,random,2,40,45,46,883,36.49770666472867,False,False,False,855,0.7034021500841732,0.5931956998316537,0.6079540489583871,null,null,null,null,null,null,null,null,null,null,null,null,null
branin,fixed_iso_gpc,random,random,2,41,46,47,246,0.5099221551810409,True,True,True,238,0.43247317179981337,0.8649463435996267,0.6839995079942085,null,null,null,null,null,null,null,null,null,null,null,null,null
branin,fixed_iso_gpc,random,random,2,42,47,48,646,5.9231299680974985,False,True,True,624,0.23839517777861374,0.4767903555572275,0.5492230116793776,null,null,null,null,null,null,null,null,null,null,null,null,null
branin,fixed_iso_gpc,random,random,2,43,48,49,492,59.53539576492234,False,False,False,473,0.5819455308083832,0.8361089383832336,0.6796562622134672,null,null,null,null,null,null,null,null,null,null,null,null,null
branin,fixed_iso_gpc,random,random,2,44,49,50,858,62.7035817331146,False,False,False,828,0.7875934284281811,0.4248131431436377,0.5171277920493589,null,null,null,null,null,null,null,null,null,null,null,null,null
branin,fixed_iso_gpc,classifier_margin,classifier_margin,2,1,6,7,1063,95.2644367861871,False,False,False,1059,0.5001643608056789,0.9996712783886421,0.6931471265309955,null,null,null,null,null,null,null,null,null,null,null,null,null
branin,fixed_iso_gpc,classifier_margin,classifier_margin,2,2,7,8,998,39.03434365448045,False,False,False,995,0.5000460600588282,0.9999078798823435,0.6931471763168873,null,null,null,null,null,null,null,null,null,null,null,null,null
branin,fixed_iso_gpc,classifier_margin,classifier_margin,2,3,8,9,992,10.587733168416435,False,False,True,989,0.4999952579520008,0.9999905159040016,0.6931471805149714,null,null,null,null,null,null,null,null,null,null,null,null,null
branin,fixed_iso_gpc,classifier_margin,classifier_margin,2,4,9,10,997,4.510374205880019,True,True,True,993,0.500489285595991,0.9990214288080179,0.69314670175908,null,null,null,null,null,null,null,null,null,null,null,null,null
branin,fixed_iso_gpc,classifier_margin,classifier_margin,2,5,10,11,932,17.243556982614706,False,False,False,929,0.5000475194368088,0.9999049611263824,0.6931471760437515,null,null,null,null,null,null,null,null,null,null,null,null,null
branin,fixed_iso_gpc,classifier_margin,classifier_margin,2,6,11,12,785,45.544367927960124,False,False,False,782,0.5000124591014722,0.9999750817970556,0.693147180249487,null,null,null,null,null,null,null,null,null,null,null,null,null
branin,fixed_iso_gpc,classifier_margin,classifier_margin,2,7,12,13,534,8.684153080634829,False,True,True,531,0.4995295714984217,0.9990591429968434,0.6931467379539298,null,null,null,null,null,null,null,null,null,null,null,null,null
branin,fixed_iso_gpc,classifier_margin,classifier_margin,2,8,13,14,940,4.438969998626618,True,True,True,934,0.49971151495906463,0.9994230299181293,0.6931470141126983,null,null,null,null,null,null,null,null,null,null,null,null,null
branin,fixed_iso_gpc,classifier_margin,classifier_margin,2,9,14,15,1322,27.513231128302706,False,False,False,1310,0.49990354540315035,0.9998070908063007,0.6931471619529667,null,null,null,null,null,null,null,null,null,null,null,null,null
branin,fixed_iso_gpc,classifier_margin,classifier_margin,2,10,15,16,553,11.494866220363491,False,False,True,549,0.4998830496612758,0.9997660993225516,0.6931471532051816,null,null,null,null,null,null,null,null,null,null,null,null,null
branin,fixed_iso_gpc,classifier_margin,classifier_margin,2,11,16,17,720,19.988102912238155,False,False,False,715,0.499904307013311,0.999808614026622,0.6931471622456499,null,null,null,null,null,null,null,null,null,null,null,null,null
branin,fixed_iso_gpc,classifier_margin,classifier_margin,2,12,17,18,1440,7.224304492876996,False,True,True,1425,0.49949918105643076,0.9989983621128615,0.6931466789206329,null,null,null,null,null,null,null,null,null,null,null,null,null
branin,fixed_iso_gpc,classifier_margin,classifier_margin,2,13,18,19,61,4.8494779624709174,True,True,True,61,0.5000391867389253,0.9999216265221493,0.6931471774887442,null,null,null,null,null,null,null,null,null,null,null,null,null
branin,fixed_iso_gpc,classifier_margin,classifier_margin,2,14,19,20,1300,0.3373637762183712,True,True,True,1285,0.49947489713800286,0.9989497942760057,0.6931466290938126,null,null,null,null,null,null,null,null,null,null,null,null,null
branin,fixed_iso_gpc,classifier_margin,classifier_margin,2,15,20,21,545,19.641531235366138,False,False,False,540,0.49988239894833236,0.9997647978966647,0.6931471528999303,null,null,null,null,null,null,null,null,null,null,null,null,null
branin,fixed_iso_gpc,classifier_margin,classifier_margin,2,16,21,22,1289,4.380933433463731,True,True,True,1273,0.49997353409559586,0.9999470681911917,0.6931471791590571,null,null,null,null,null,null,null,null,null,null,null,null,null
branin,fixed_iso_gpc,classifier_margin,classifier_margin,2,17,22,23,560,9.839176074850094,False,False,True,553,0.4996113306342408,0.9992226612684816,0.6931468784321632,null,null,null,null,null,null,null,null,null,null,null,null,null
branin,fixed_iso_gpc,classifier_margin,classifier_margin,2,18,23,24,1484,3.219783350336101,True,True,True,1461,0.500154709650358,0.999690580699284,0.6931471326897928,null,null,null,null,null,null,null,null,null,null,null,null,null
branin,fixed_iso_gpc,classifier_margin,classifier_margin,2,19,24,25,644,13.335420401051302,False,False,False,636,0.4997227414413683,0.9994454828827366,0.6931470268153208,null,null,null,null,null,null,null,null,null,null,null,null,null
branin,fixed_iso_gpc,classifier_margin,classifier_margin,2,20,25,26,634,9.166612998941428,False,True,True,626,0.5005399996842088,0.9989200006315824,0.693146597360514,null,null,null,null,null,null,null,null,null,null,null,null,null
branin,fixed_iso_gpc,classifier_margin,classifier_margin,2,21,26,27,15,9.709704883331167,False,False,True,15,0.5001502945617899,0.9996994108764201,0.6931471353830341,null,null,null,null,null,null,null,null,null,null,null,null,null
branin,fixed_iso_gpc,classifier_margin,classifier_margin,2,22,27,28,280,9.722726530048092,False,False,True,278,0.49987651583940385,0.9997530316788077,0.6931471500632692,null,null,null,null,null,null,null,null,null,null,null,null,null
branin,fixed_iso_gpc,classifier_margin,classifier_margin,2,23,28,29,199,24.60932820421404,False,False,False,197,0.4999363961624219,0.9998727923248438,0.693147172469049,null,null,null,null,null,null,null,null,null,null,null,null,null
branin,fixed_iso_gpc,classifier_margin,classifier_margin,2,24,29,30,323,6.4046145083793675,False,True,True,319,0.4987443007924397,0.9974886015848794,0.6931440269956306,null,null,null,null,null,null,null,null,null,null,null,null,null
branin,fixed_iso_gpc,classifier_margin,classifier_margin,2,25,30,31,268,11.56159827903042,False,False,True,265,0.4981793534052681,0.9963587068105362,0.6931405510372493,null,null,null,null,null,null,null,null,null,null,null,null,null
branin,fixed_iso_gpc,classifier_margin,classifier_margin,2,26,31,32,611,0.30453982769838106,True,True,True,598,0.4991394897564505,0.998278979512901,0.6931456996034557,null,null,null,null,null,null,null,null,null,null,null,null,null
branin,fixed_iso_gpc,classifier_margin,classifier_margin,2,27,32,33,449,3.4755033730117404,True,True,True,441,0.5004686789242553,0.9990626421514894,0.693146741240013,null,null,null,null,null,null,null,null,null,null,null,null,null
branin,fixed_iso_gpc,classifier_margin,classifier_margin,2,28,33,34,557,10.19207506258546,False,False,True,544,0.4998139593376232,0.9996279186752464,0.6931471113376877,null,null,null,null,null,null,null,null,null,null,null,null,null
branin,fixed_iso_gpc,classifier_margin,classifier_margin,2,29,34,35,1100,3.173562056600268,True,True,True,1073,0.5001567453673297,0.9996865092653406,0.6931471314217241,null,null,null,null,null,null,null,null,null,null,null,null,null
branin,fixed_iso_gpc,classifier_margin,classifier_margin,2,30,35,36,238,3.341013265115752,True,True,True,235,0.5004557594598159,0.9990884810803682,0.6931467651265173,null,null,null,null,null,null,null,null,null,null,null,null,null
branin,fixed_iso_gpc,classifier_margin,classifier_margin,2,31,36,37,128,2.9232518894668758,True,True,True,126,0.5004625173169004,0.9990749653661992,0.6931467527153474,null,null,null,null,null,null,null,null,null,null,null,null,null
branin,fixed_iso_gpc,classifier_margin,classifier_margin,2,32,37,38,1307,11.048511913928493,False,False,True,1275,0.5031608922991317,0.9936782154017365,0.69312719794659,null,null,null,null,null,null,null,null,null,null,null,null,null
branin,fixed_iso_gpc,classifier_margin,classifier_margin,2,33,38,39,1378,5.5164303448537595,False,True,True,1344,0.5011162671009886,0.9977674657980229,0.6931446884533936,null,null,null,null,null,null,null,null,null,null,null,null,null
branin,fixed_iso_gpc,classifier_margin,classifier_margin,2,34,39,40,1255,12.074089597717517,False,False,True,1225,0.4995607712069128,0.9991215424138256,0.6931467947160304,null,null,null,null,null,null,null,null,null,null,null,null,null
branin,fixed_iso_gpc,classifier_margin,classifier_margin,2,35,40,41,1154,3.497880588605824,True,True,True,1124,0.4996925134067265,0.999385026813453,0.6931469914639232,null,null,null,null,null,null,null,null,null,null,null,null,null
branin,fixed_iso_gpc,classifier_margin,classifier_margin,2,36,41,42,1432,3.988064250258848,True,True,True,1395,0.501100125398217,0.997799749203566,0.6931447600062086,null,null,null,null,null,null,null,null,null,null,null,null,null
branin,fixed_iso_gpc,classifier_margin,classifier_margin,2,37,42,43,1263,1.3825673130507923,True,True,True,1231,0.5002227444589618,0.9995545110820765,0.693147081329754,null,null,null,null,null,null,null,null,null,null,null,null,null
branin,fixed_iso_gpc,classifier_margin,classifier_margin,2,38,43,44,167,13.5924521903644,False,False,False,164,0.5022753749465032,0.9954492501069936,0.693136825861911,null,null,null,null,null,null,null,null,null,null,null,null,null
branin,fixed_iso_gpc,classifier_margin,classifier_margin,2,39,44,45,1004,0.190328295883198,True,True,True,976,0.4972777898114815,0.994555579622963,0.6931323596301042,null,null,null,null,null,null,null,null,null,null,null,null,null
branin,fixed_iso_gpc,classifier_margin,classifier_margin,2,40,45,46,929,2.8953399888673452,True,True,True,906,0.4996955432918484,0.9993910865836968,0.6931469951721596,null,null,null,null,null,null,null,null,null,null,null,null,null
branin,fixed_iso_gpc,classifier_margin,classifier_margin,2,41,46,47,615,8.0364839221429,False,True,True,596,0.4968622598043977,0.9937245196087954,0.6931274896036301,null,null,null,null,null,null,null,null,null,null,null,null,null
branin,fixed_iso_gpc,classifier_margin,classifier_margin,2,42,47,48,1204,5.252825616375418,False,True,True,1169,0.49967789871576695,0.9993557974315339,0.6931469730614563,null,null,null,null,null,null,null,null,null,null,null,null,null
branin,fixed_iso_gpc,classifier_margin,classifier_margin,2,43,48,49,747,1.0370034494935432,True,True,True,724,0.5011079310530102,0.9977841378939796,0.6931447255354999,null,null,null,null,null,null,null,null,null,null,null,null,null
branin,fixed_iso_gpc,classifier_margin,classifier_margin,2,44,49,50,915,1.4098910382029999,True,True,True,890,0.5026138365274067,0.9947723269451867,0.693133516214923,null,null,null,null,null,null,null,null,null,null,null,null,null
branin,fixed_iso_gpc,classifier_entropy,classifier_entropy,2,1,6,7,1063,95.2644367861871,False,False,False,1059,0.5001643608056789,0.9996712783886421,0.6931471265309955,Binary entropy is monotone-equivalent to classifier margin.,null,null,null,null,null,null,null,null,null,null,null,null
branin,fixed_iso_gpc,classifier_entropy,classifier_entropy,2,2,7,8,998,39.03434365448045,False,False,False,995,0.5000460600588282,0.9999078798823435,0.6931471763168873,Binary entropy is monotone-equivalent to classifier margin.,null,null,null,null,null,null,null,null,null,null,null,null
branin,fixed_iso_gpc,classifier_entropy,classifier_entropy,2,3,8,9,992,10.587733168416435,False,False,True,989,0.4999952579520008,0.9999905159040016,0.6931471805149714,Binary entropy is monotone-equivalent to classifier margin.,null,null,null,null,null,null,null,null,null,null,null,null
branin,fixed_iso_gpc,classifier_entropy,classifier_entropy,2,4,9,10,997,4.510374205880019,True,True,True,993,0.500489285595991,0.9990214288080179,0.69314670175908,Binary entropy is monotone-equivalent to classifier margin.,null,null,null,null,null,null,null,null,null,null,null,null
branin,fixed_iso_gpc,classifier_entropy,classifier_entropy,2,5,10,11,932,17.243556982614706,False,False,False,929,0.5000475194368088,0.9999049611263824,0.6931471760437515,Binary entropy is monotone-equivalent to classifier margin.,null,null,null,null,null,null,null,null,null,null,null,null
branin,fixed_iso_gpc,classifier_entropy,classifier_entropy,2,6,11,12,785,45.544367927960124,False,False,False,782,0.5000124591014722,0.9999750817970556,0.693147180249487,Binary entropy is monotone-equivalent to classifier margin.,null,null,null,null,null,null,null,null,null,null,null,null
branin,fixed_iso_gpc,classifier_entropy,classifier_entropy,2,7,12,13,534,8.684153080634829,False,True,True,531,0.4995295714984217,0.9990591429968434,0.6931467379539298,Binary entropy is monotone-equivalent to classifier margin.,null,null,null,null,null,null,null,null,null,null,null,null
branin,fixed_iso_gpc,classifier_entropy,classifier_entropy,2,8,13,14,940,4.438969998626618,True,True,True,934,0.49971151495906463,0.9994230299181293,0.6931470141126983,Binary entropy is monotone-equivalent to classifier margin.,null,null,null,null,null,null,null,null,null,null,null,null
branin,fixed_iso_gpc,classifier_entropy,classifier_entropy,2,9,14,15,1322,27.513231128302706,False,False,False,1310,0.49990354540315035,0.9998070908063007,0.6931471619529667,Binary entropy is monotone-equivalent to classifier margin.,null,null,null,null,null,null,null,null,null,null,null,null
branin,fixed_iso_gpc,classifier_entropy,classifier_entropy,2,10,15,16,553,11.494866220363491,False,False,True,549,0.4998830496612758,0.9997660993225516,0.6931471532051816,Binary entropy is monotone-equivalent to classifier margin.,null,null,null,null,null,null,null,null,null,null,null,null
branin,fixed_iso_gpc,classifier_entropy,classifier_entropy,2,11,16,17,720,19.988102912238155,False,False,False,715,0.499904307013311,0.999808614026622,0.6931471622456499,Binary entropy is monotone-equivalent to classifier margin.,null,null,null,null,null,null,null,null,null,null,null,null
branin,fixed_iso_gpc,classifier_entropy,classifier_entropy,2,12,17,18,1440,7.224304492876996,False,True,True,1425,0.49949918105643076,0.9989983621128615,0.6931466789206329,Binary entropy is monotone-equivalent to classifier margin.,null,null,null,null,null,null,null,null,null,null,null,null
branin,fixed_iso_gpc,classifier_entropy,classifier_entropy,2,13,18,19,61,4.8494779624709174,True,True,True,61,0.5000391867389253,0.9999216265221493,0.6931471774887442,Binary entropy is monotone-equivalent to classifier margin.,null,null,null,null,null,null,null,null,null,null,null,null
branin,fixed_iso_gpc,classifier_entropy,classifier_entropy,2,14,19,20,1300,0.3373637762183712,True,True,True,1285,0.49947489713800286,0.9989497942760057,0.6931466290938126,Binary entropy is monotone-equivalent to classifier margin.,null,null,null,null,null,null,null,null,null,null,null,null
branin,fixed_iso_gpc,classifier_entropy,classifier_entropy,2,15,20,21,545,19.641531235366138,False,False,False,540,0.49988239894833236,0.9997647978966647,0.6931471528999303,Binary entropy is monotone-equivalent to classifier margin.,null,null,null,null,null,null,null,null,null,null,null,null
branin,fixed_iso_gpc,classifier_entropy,classifier_entropy,2,16,21,22,1289,4.380933433463731,True,True,True,1273,0.49997353409559586,0.9999470681911917,0.6931471791590571,Binary entropy is monotone-equivalent to classifier margin.,null,null,null,null,null,null,null,null,null,null,null,null
branin,fixed_iso_gpc,classifier_entropy,classifier_entropy,2,17,22,23,560,9.839176074850094,False,False,True,553,0.4996113306342408,0.9992226612684816,0.6931468784321632,Binary entropy is monotone-equivalent to classifier margin.,null,null,null,null,null,null,null,null,null,null,null,null
branin,fixed_iso_gpc,classifier_entropy,classifier_entropy,2,18,23,24,1484,3.219783350336101,True,True,True,1461,0.500154709650358,0.999690580699284,0.6931471326897928,Binary entropy is monotone-equivalent to classifier margin.,null,null,null,null,null,null,null,null,null,null,null,null
branin,fixed_iso_gpc,classifier_entropy,classifier_entropy,2,19,24,25,644,13.335420401051302,False,False,False,636,0.4997227414413683,0.9994454828827366,0.6931470268153208,Binary entropy is monotone-equivalent to classifier margin.,null,null,null,null,null,null,null,null,null,null,null,null
branin,fixed_iso_gpc,classifier_entropy,classifier_entropy,2,20,25,26,634,9.166612998941428,False,True,True,626,0.5005399996842088,0.9989200006315824,0.693146597360514,Binary entropy is monotone-equivalent to classifier margin.,null,null,null,null,null,null,null,null,null,null,null,null
branin,fixed_iso_gpc,classifier_entropy,classifier_entropy,2,21,26,27,15,9.709704883331167,False,False,True,15,0.5001502945617899,0.9996994108764201,0.6931471353830341,Binary entropy is monotone-equivalent to classifier margin.,null,null,null,null,null,null,null,null,null,null,null,null
branin,fixed_iso_gpc,classifier_entropy,classifier_entropy,2,22,27,28,280,9.722726530048092,False,False,True,278,0.49987651583940385,0.9997530316788077,0.6931471500632692,Binary entropy is monotone-equivalent to classifier margin.,null,null,null,null,null,null,null,null,null,null,null,null
branin,fixed_iso_gpc,classifier_entropy,classifier_entropy,2,23,28,29,199,24.60932820421404,False,False,False,197,0.4999363961624219,0.9998727923248438,0.693147172469049,Binary entropy is monotone-equivalent to classifier margin.,null,null,null,null,null,null,null,null,null,null,null,null
branin,fixed_iso_gpc,classifier_entropy,classifier_entropy,2,24,29,30,323,6.4046145083793675,False,True,True,319,0.4987443007924397,0.9974886015848794,0.6931440269956306,Binary entropy is monotone-equivalent to classifier margin.,null,null,null,null,null,null,null,null,null,null,null,null
branin,fixed_iso_gpc,classifier_entropy,classifier_entropy,2,25,30,31,268,11.56159827903042,False,False,True,265,0.4981793534052681,0.9963587068105362,0.6931405510372493,Binary entropy is monotone-equivalent to classifier margin.,null,null,null,null,null,null,null,null,null,null,null,null
branin,fixed_iso_gpc,classifier_entropy,classifier_entropy,2,26,31,32,611,0.30453982769838106,True,True,True,598,0.4991394897564505,0.998278979512901,0.6931456996034557,Binary entropy is monotone-equivalent to classifier margin.,null,null,null,null,null,null,null,null,null,null,null,null
branin,fixed_iso_gpc,classifier_entropy,classifier_entropy,2,27,32,33,449,3.4755033730117404,True,True,True,441,0.5004686789242553,0.9990626421514894,0.693146741240013,Binary entropy is monotone-equivalent to classifier margin.,null,null,null,null,null,null,null,null,null,null,null,null
branin,fixed_iso_gpc,classifier_entropy,classifier_entropy,2,28,33,34,557,10.19207506258546,False,False,True,544,0.4998139593376232,0.9996279186752464,0.6931471113376877,Binary entropy is monotone-equivalent to classifier margin.,null,null,null,null,null,null,null,null,null,null,null,null
branin,fixed_iso_gpc,classifier_entropy,classifier_entropy,2,29,34,35,1100,3.173562056600268,True,True,True,1073,0.5001567453673297,0.9996865092653406,0.6931471314217241,Binary entropy is monotone-equivalent to classifier margin.,null,null,null,null,null,null,null,null,null,null,null,null
branin,fixed_iso_gpc,classifier_entropy,classifier_entropy,2,30,35,36,238,3.341013265115752,True,True,True,235,0.5004557594598159,0.9990884810803682,0.6931467651265173,Binary entropy is monotone-equivalent to classifier margin.,null,null,null,null,null,null,null,null,null,null,null,null
branin,fixed_iso_gpc,classifier_entropy,classifier_entropy,2,31,36,37,128,2.9232518894668758,True,True,True,126,0.5004625173169004,0.9990749653661992,0.6931467527153474,Binary entropy is monotone-equivalent to classifier margin.,null,null,null,null,null,null,null,null,null,null,null,null
branin,fixed_iso_gpc,classifier_entropy,classifier_entropy,2,32,37,38,1307,11.048511913928493,False,False,True,1275,0.5031608922991317,0.9936782154017365,0.69312719794659,Binary entropy is monotone-equivalent to classifier margin.,null,null,null,null,null,null,null,null,null,null,null,null
branin,fixed_iso_gpc,classifier_entropy,classifier_entropy,2,33,38,39,1378,5.5164303448537595,False,True,True,1344,0.5011162671009886,0.9977674657980229,0.6931446884533936,Binary entropy is monotone-equivalent to classifier margin.,null,null,null,null,null,null,null,null,null,null,null,null
branin,fixed_iso_gpc,classifier_entropy,classifier_entropy,2,34,39,40,1255,12.074089597717517,False,False,True,1225,0.4995607712069128,0.9991215424138256,0.6931467947160304,Binary entropy is monotone-equivalent to classifier margin.,null,null,null,null,null,null,null,null,null,null,null,null
branin,fixed_iso_gpc,classifier_entropy,classifier_entropy,2,35,40,41,1154,3.497880588605824,True,True,True,1124,0.4996925134067265,0.999385026813453,0.6931469914639232,Binary entropy is monotone-equivalent to classifier margin.,null,null,null,null,null,null,null,null,null,null,null,null
branin,fixed_iso_gpc,classifier_entropy,classifier_entropy,2,36,41,42,1432,3.988064250258848,True,True,True,1395,0.501100125398217,0.997799749203566,0.6931447600062086,Binary entropy is monotone-equivalent to classifier margin.,null,null,null,null,null,null,null,null,null,null,null,null
branin,fixed_iso_gpc,classifier_entropy,classifier_entropy,2,37,42,43,1263,1.3825673130507923,True,True,True,1231,0.5002227444589618,0.9995545110820765,0.693147081329754,Binary entropy is monotone-equivalent to classifier margin.,null,null,null,null,null,null,null,null,null,null,null,null
branin,fixed_iso_gpc,classifier_entropy,classifier_entropy,2,38,43,44,167,13.5924521903644,False,False,False,164,0.5022753749465032,0.9954492501069936,0.693136825861911,Binary entropy is monotone-equivalent to classifier margin.,null,null,null,null,null,null,null,null,null,null,null,null
branin,fixed_iso_gpc,classifier_entropy,classifier_entropy,2,39,44,45,1004,0.190328295883198,True,True,True,976,0.4972777898114815,0.994555579622963,0.6931323596301042,Binary entropy is monotone-equivalent to classifier margin.,null,null,null,null,null,null,null,null,null,null,null,null
branin,fixed_iso_gpc,classifier_entropy,classifier_entropy,2,40,45,46,929,2.8953399888673452,True,True,True,906,0.4996955432918484,0.9993910865836968,0.6931469951721596,Binary entropy is monotone-equivalent to classifier margin.,null,null,null,null,null,null,null,null,null,null,null,null
branin,fixed_iso_gpc,classifier_entropy,classifier_entropy,2,41,46,47,615,8.0364839221429,False,True,True,596,0.4968622598043977,0.9937245196087954,0.6931274896036301,Binary entropy is monotone-equivalent to classifier margin.,null,null,null,null,null,null,null,null,null,null,null,null
branin,fixed_iso_gpc,classifier_entropy,classifier_entropy,2,42,47,48,1204,5.252825616375418,False,True,True,1169,0.49967789871576695,0.9993557974315339,0.6931469730614563,Binary entropy is monotone-equivalent to classifier margin.,null,null,null,null,null,null,null,null,null,null,null,null
branin,fixed_iso_gpc,classifier_entropy,classifier_entropy,2,43,48,49,747,1.0370034494935432,True,True,True,724,0.5011079310530102,0.9977841378939796,0.6931447255354999,Binary entropy is monotone-equivalent to classifier margin.,null,null,null,null,null,null,null,null,null,null,null,null
branin,fixed_iso_gpc,classifier_entropy,classifier_entropy,2,44,49,50,915,1.4098910382029999,True,True,True,890,0.5026138365274067,0.9947723269451867,0.693133516214923,Binary entropy is monotone-equivalent to classifier margin.,null,null,null,null,null,null,null,null,null,null,null,null
branin,fixed_iso_gpc,classifier_gated_diversity,classifier_gated_diversity,2,1,6,7,393,158.73891874673018,False,False,False,393,0.5001809430487794,0.9996381139024413,0.6931471150791702,null,0.1,25,150,0.5,1,0.9989027393365256,0.5182813184637193,0.964859284214196,0.9818810117753608,null,null,null
branin,fixed_iso_gpc,classifier_gated_diversity,classifier_gated_diversity,2,2,7,8,489,5.007833900792768,False,True,True,486,0.49830704063938525,0.9966140812787705,0.6931414483261991,null,0.1,25,150,0.5,8,0.9137642883304694,0.4771298723344637,0.9323451435409555,0.9230547159357125,null,null,null
branin,fixed_iso_gpc,classifier_gated_diversity,classifier_gated_diversity,2,3,8,9,244,12.126779055329372,False,False,True,244,0.5007869858203029,0.9984260283593942,0.693145941866071,null,0.1,25,150,0.5,2,0.9727297401509021,0.2955767978031729,0.5696927726289718,0.7712112563899369,null,null,null
branin,fixed_iso_gpc,classifier_gated_diversity,classifier_gated_diversity,2,4,9,10,399,18.90473893486641,False,False,False,397,0.500792992766228,0.998414014467544,0.6931459228843635,null,0.1,25,150,0.5,2,0.9692422682313611,0.2754051059183035,0.5293998064743661,0.7493210373528636,null,null,null
branin,fixed_iso_gpc,classifier_gated_diversity,classifier_gated_diversity,2,5,10,11,414,244.4638281273451,False,False,False,410,0.4864709826165097,0.9729419652330193,0.6927810672553876,null,0.1,25,149,0.5,67,0.5390827155433814,0.5109996280077108,1.0,0.7695413577716907,null,null,null
branin,fixed_iso_gpc,classifier_gated_diversity,classifier_gated_diversity,2,6,11,12,750,27.758994102616718,False,False,False,742,0.5014292700986536,0.9971414598026929,0.6931430949283514,null,0.1,25,149,0.5,6,0.9284865353030081,0.2963311053129653,0.8458653850116912,0.8871759601573497,null,null,null
branin,fixed_iso_gpc,classifier_gated_diversity,classifier_gated_diversity,2,7,12,13,1314,3.2703685191886507,True,True,True,1304,0.5000283820232553,0.9999432359534894,0.6931471789488668,null,0.1,25,149,0.5,1,0.9996431416953514,0.23485544862327498,0.929320369180682,0.9644817554380167,null,null,null
branin,fixed_iso_gpc,classifier_gated_diversity,classifier_gated_diversity,2,8,13,14,282,25.21738275583946,False,False,False,281,0.5008966736864875,0.998206652627025,0.6931455725116833,null,0.1,25,149,0.5,1,0.9894994244939355,0.20318678291725503,0.874603686068744,0.9320515552813398,null,null,null
branin,fixed_iso_gpc,classifier_gated_diversity,classifier_gated_diversity,2,9,14,15,316,36.70189115911481,False,False,False,314,0.4996659099121926,0.9993318198243852,0.693146957327555,null,0.1,25,149,0.5,2,0.9806009840235933,0.1898290145094872,0.8121421458821835,0.8963715649528884,null,null,null
branin,fixed_iso_gpc,classifier_gated_diversity,classifier_gated_diversity,2,10,15,16,1212,9.483907552165782,False,False,True,1200,0.5003389563017268,0.9993220873965465,0.6931469507771788,null,0.1,25,149,0.5,2,0.9888490336983637,0.1686110583811858,0.9815341263739389,0.9851915800361513,null,null,null
branin,fixed_iso_gpc,classifier_gated_diversity,classifier_gated_diversity,2,11,16,17,1371,98.1552292660793,False,False,False,1357,0.5009489217237117,0.9981021565525765,0.6931453796539887,null,0.1,25,149,0.5,6,0.9499286613889236,0.1772587011474769,0.9038325850908303,0.926880623239877,null,null,null
branin,fixed_iso_gpc,classifier_gated_diversity,classifier_gated_diversity,2,12,17,18,270,27.3495038909641,False,False,False,269,0.501587843979153,0.996824312041694,0.6931421380544653,null,0.1,25,149,0.5,15,0.9309427520779996,0.15907781475082913,0.9308935562439082,0.9309181541609539,null,null,null
branin,fixed_iso_gpc,classifier_gated_diversity,classifier_gated_diversity,2,13,18,19,1141,11.619436088468575,False,False,True,1128,0.4977411643877936,0.9954823287755872,0.6931369758485872,null,0.1,25,149,0.5,14,0.9137224548719494,0.13194432157180536,0.7592991095757886,0.836510782223869,null,null,null
branin,fixed_iso_gpc,classifier_gated_diversity,classifier_gated_diversity,2,14,19,20,1365,21.825594671282825,False,False,False,1349,0.4923181250720834,0.9846362501441668,0.6930291535115944,null,0.1,25,149,0.5,54,0.6610025279123801,0.1638609487989675,0.9779858875165841,0.8194942077144821,null,null,null
branin,fixed_iso_gpc,classifier_gated_diversity,classifier_gated_diversity,2,15,20,21,1186,8.424020662274167,False,True,True,1172,0.49910620303131625,0.9982124060626325,0.6931455828130519,null,0.1,25,148,0.5,1,0.9969536830088853,0.11789767034205699,0.7335164433185163,0.8652350631637008,null,null,null
branin,fixed_iso_gpc,classifier_gated_diversity,classifier_gated_diversity,2,16,21,22,1404,4.7238152960877855,True,True,True,1385,0.5050405175240211,0.9899189649519577,0.6930963660654152,null,0.1,25,148,0.5,35,0.7949452708780849,0.13232965127793644,0.9517973450893896,0.8733713079837373,null,null,null
branin,fixed_iso_gpc,classifier_gated_diversity,classifier_gated_diversity,2,17,22,23,1251,1.4240628571249871,True,True,True,1235,0.49935887900304055,0.9987177580060811,0.6931463584874544,null,0.1,25,148,0.5,5,0.972937820711681,0.12744828023535376,0.7814643151098712,0.8772010679107761,null,null,null
branin,fixed_iso_gpc,classifier_gated_diversity,classifier_gated_diversity,2,18,23,24,986,14.274053903489055,False,False,False,974,0.497133000424717,0.994266000849434,0.6931307410967305,null,0.1,25,148,0.5,21,0.8661207496907729,0.1094246307883658,0.9229252682926966,0.8945230089917348,null,null,null
branin,fixed_iso_gpc,classifier_gated_diversity,classifier_gated_diversity,2,19,24,25,586,4.855952239349179,True,True,True,575,0.5003734929330748,0.9992530141338505,0.6931469015659772,null,0.1,25,148,0.5,1,0.982704742201725,0.08561082685747579,0.7027230823599068,0.8427139122808158,null,null,null
branin,fixed_iso_gpc,classifier_gated_diversity,classifier_gated_diversity,2,20,25,26,972,6.373928656128047,False,True,True,959,0.5016454264632997,0.9967091470734006,0.6931417656936795,null,0.1,25,148,0.5,6,0.9126111972020922,0.10163814352352582,0.8632678511189011,0.8879395241604966,null,null,null
branin,fixed_iso_gpc,classifier_gated_diversity,classifier_gated_diversity,2,21,26,27,1020,16.171224880666657,False,False,False,1005,0.5049459381767605,0.990108123646479,0.6930982551531449,null,0.1,25,148,0.5,34,0.8085132267384456,0.1101419919232366,0.9317011692578976,0.8701071979981716,null,null,null
branin,fixed_iso_gpc,classifier_gated_diversity,classifier_gated_diversity,2,22,27,28,623,10.269749618024278,False,False,True,611,0.5013253648861222,0.9973492702277555,0.6931436673716684,null,0.1,25,148,0.5,6,0.9573589435548032,0.11811018357031028,0.7158361198754932,0.8365975317151482,null,null,null
branin,fixed_iso_gpc,classifier_gated_diversity,classifier_gated_diversity,2,23,28,29,1217,0.114714544660945,True,True,True,1196,0.4925433747886796,0.9850867495773592,0.6930359739184944,null,0.1,25,148,0.5,39,0.7538295424873065,0.11745136573998272,0.9999261198544028,0.8768778311708547,null,null,null
branin,fixed_iso_gpc,classifier_gated_diversity,classifier_gated_diversity,2,24,29,30,1386,8.844238078038131,False,True,True,1360,0.49856390592884114,0.9971278118576823,0.6931430558219117,null,0.1,25,148,0.5,8,0.9514118455887276,0.08855939569693398,0.9374041968969947,0.9444080212428612,null,null,null
branin,fixed_iso_gpc,classifier_gated_diversity,classifier_gated_diversity,2,25,30,31,1289,4.380933433463731,True,True,True,1266,0.500752344229592,0.9984953115408159,0.6931460485158385,null,0.1,25,147,0.5,4,0.9777618978032585,0.06927124699906005,0.8149440322301845,0.8963529650167215,null,null,null
branin,fixed_iso_gpc,classifier_gated_diversity,classifier_gated_diversity,2,26,31,32,1077,1.9306044713117458,True,True,True,1059,0.5011756714375499,0.9976486571249001,0.6931444161507399,null,0.1,25,147,0.5,3,0.9916234088502198,0.06762639823666913,0.6919117164399112,0.8417675626450656,null,null,null
branin,fixed_iso_gpc,classifier_gated_diversity,classifier_gated_diversity,2,27,32,33,1333,10.511932063056154,False,False,True,1307,0.5007833502590981,0.9984332994818037,0.6931459532841864,null,0.1,25,147,0.5,5,0.976945394493326,0.06044966519477789,0.7509679929515974,0.8639566937224616,null,null,null
branin,fixed_iso_gpc,classifier_gated_diversity,classifier_gated_diversity,2,28,33,34,1229,8.993493276165381,False,True,True,1206,0.5049284873234541,0.9901430253530918,0.6930985997986485,null,0.1,25,147,0.5,21,0.8460841788545478,0.07231956463146176,0.7895241685159525,0.8178041736852502,null,null,null
branin,fixed_iso_gpc,classifier_gated_diversity,classifier_gated_diversity,2,29,34,35,809,20.507512062930928,False,False,False,795,0.5073930784093079,0.9852138431813842,0.6930378613595923,null,0.1,25,147,0.5,20,0.7871442075796915,0.0624571507292685,0.7766512704110736,0.7818977389953825,null,null,null
branin,fixed_iso_gpc,classifier_gated_diversity,classifier_gated_diversity,2,30,35,36,258,7.4419971755427525,False,True,True,257,0.5022916834948186,0.9954166330103629,0.6931366768966888,null,0.1,25,147,0.5,6,0.9430666312111862,0.07991478807730852,0.9277735168138753,0.9354200740125307,null,null,null
branin,fixed_iso_gpc,classifier_gated_diversity,classifier_gated_diversity,2,31,36,37,472,5.867029370225062,False,True,True,462,0.4979966351955327,0.9959932703910654,0.6931391535973883,null,0.1,25,147,0.5,10,0.9449789198319619,0.06666189386273924,0.7711780491153917,0.8580784844736769,null,null,null
branin,fixed_iso_gpc,classifier_gated_diversity,classifier_gated_diversity,2,32,37,38,1405,11.366391023926319,False,False,True,1370,0.5025755262492693,0.9948489475014615,0.6931339138303552,null,0.1,25,147,0.5,12,0.9414525575920354,0.06667991254097724,0.8116620158069802,0.8765572866995077,null,null,null
branin,fixed_iso_gpc,classifier_gated_diversity,classifier_gated_diversity,2,33,38,39,495,1.8110384373222175,True,True,True,483,0.49987054987214014,0.9997410997442803,0.6931471470452737,null,0.1,25,147,0.5,2,0.9969277155202381,0.0566478639551456,0.6287100101406012,0.8128188628304196,null,null,null
branin,fixed_iso_gpc,classifier_gated_diversity,classifier_gated_diversity,2,34,39,40,1104,11.417831462267902,False,False,True,1081,0.5000089871166121,0.9999820257667758,0.6931471803984087,null,0.1,25,147,0.5,0,1.0,0.06572434991262736,0.7326603061621262,0.8663301530810631,null,null,null
branin,fixed_iso_gpc,classifier_gated_diversity,classifier_gated_diversity,2,35,40,41,1278,3.160049082498702,True,True,True,1248,0.5020676448182364,0.9958647103635272,0.693138630225387,null,0.1,25,146,0.5,9,0.9566305247067298,0.05238369627236679,0.5515341317552229,0.7540823282309763,null,null,null
branin,fixed_iso_gpc,classifier_gated_diversity,classifier_gated_diversity,2,36,41,42,1439,22.534713138371664,False,False,False,1400,0.5001119825258048,0.9997760349483904,0.693147155479773,null,0.1,25,146,0.5,2,0.9965386415757405,0.08906728465996547,0.7125106420147396,0.85452464179524,null,null,null
branin,fixed_iso_gpc,classifier_gated_diversity,classifier_gated_diversity,2,37,42,43,1368,5.03623182761136,False,True,True,1333,0.5001309412546373,0.9997381174907254,0.6931471462687206,null,0.1,25,146,0.5,1,0.9979322423165293,0.100272803133692,0.8486842746161418,0.9233082584663356,null,null,null
branin,fixed_iso_gpc,classifier_gated_diversity,classifier_gated_diversity,2,38,43,44,1203,24.584714023695472,False,False,False,1177,0.5003347393632029,0.9993305212735941,0.693146956459046,null,0.1,25,146,0.5,0,1.0,0.10284516304324194,0.8577454527865546,0.9288727263932772,null,null,null
branin,fixed_iso_gpc,classifier_gated_diversity,classifier_gated_diversity,2,39,44,45,490,22.1478193782861,False,False,False,478,0.5076426735720823,0.9847146528558355,0.6930303550918189,null,0.1,25,146,0.5,48,0.6828549679285915,0.13547727169801124,0.9104573237504291,0.7966561458395103,null,null,null
branin,fixed_iso_gpc,classifier_gated_diversity,classifier_gated_diversity,2,40,45,46,168,21.341045245057437,False,False,False,168,0.49932235170362715,0.9986447034072543,0.693146262145237,null,0.1,25,146,0.5,1,0.997412130532744,0.0913341026093697,0.8670931280295253,0.9322526292811346,null,null,null
branin,fixed_iso_gpc,classifier_gated_diversity,classifier_gated_diversity,2,41,46,47,162,36.519427633476,False,False,False,162,0.4995508383035052,0.9991016766070104,0.6931467770674318,null,0.1,25,146,0.5,0,1.0,0.09206411125114251,0.6580200806691934,0.8290100403345967,null,null,null
branin,fixed_iso_gpc,classifier_gated_diversity,classifier_gated_diversity,2,42,47,48,639,11.608161759901144,False,False,True,620,0.501147400598029,0.997705198803942,0.6931445475013696,null,0.1,25,146,0.5,4,0.956402680153085,0.09722878097802225,0.793484084314381,0.874943382233733,null,null,null
branin,fixed_iso_gpc,classifier_gated_diversity,classifier_gated_diversity,2,43,48,49,674,23.516468448146476,False,False,False,654,0.5000928944510664,0.9998142110978672,0.6931471633011871,null,0.1,25,146,0.5,1,0.998823382263562,0.09138864824139205,0.7732191416478804,0.8860212619557213,null,null,null
branin,fixed_iso_gpc,classifier_gated_diversity,classifier_gated_diversity,2,44,49,50,557,10.19207506258546,False,False,True,540,0.5007981665474794,0.9984036669050411,0.6931459064197292,null,0.1,25,146,0.5,1,0.9994511371735402,0.05220036604837412,0.6018866894978957,0.8006689133357179,null,null,null
branin,fixed_iso_gpc,classifier_uncertainty_repulsion,classifier_uncertainty_repulsion,2,1,6,7,393,158.73891874673018,False,False,False,393,0.5001809430487794,0.9996381139024413,0.6931471150791702,null,0.1,25,150,null,1,0.9989027393365256,null,null,0.9963493451551939,0.15,0.5182813184637193,0.9974438010020599
branin,fixed_iso_gpc,classifier_uncertainty_repulsion,classifier_uncertainty_repulsion,2,2,7,8,669,30.61838902451288,False,False,False,665,0.5002699016610561,0.9994601966778878,0.693147034866125,null,0.1,25,150,null,3,0.9896334954263625,null,null,0.9647091077760921,0.15,0.40702205887125137,0.9748145270289864
branin,fixed_iso_gpc,classifier_uncertainty_repulsion,classifier_uncertainty_repulsion,2,3,8,9,143,27.95927594915137,False,False,False,143,0.5004142417733888,0.9991715164532224,0.6931468373674123,null,0.1,25,150,null,0,1.0,null,null,0.749359079552876,0.15,0.24953562511089047,0.749359079552876
branin,fixed_iso_gpc,classifier_uncertainty_repulsion,classifier_uncertainty_repulsion,2,4,9,10,810,14.695180090072029,False,False,False,804,0.5024081335777106,0.9951837328445787,0.6931355823004491,null,0.1,25,150,null,15,0.9112506699491489,null,null,0.776561042099354,0.15,0.2933138631203889,0.8521925609587633
branin,fixed_iso_gpc,classifier_uncertainty_repulsion,classifier_uncertainty_repulsion,2,5,10,11,900,37.72145389572243,False,False,False,893,0.4997656624326389,0.9995313248652778,0.6931470707317504,null,0.1,25,149,null,1,0.9953033573065473,null,null,0.587515997649089,0.15,0.20038357468532503,0.5902883712147851
branin,fixed_iso_gpc,classifier_uncertainty_repulsion,classifier_uncertainty_repulsion,2,6,11,12,414,244.4638281273451,False,False,False,411,0.4863185196691653,0.9726370393383306,0.6927727680212763,null,0.1,25,149,null,53,0.5532244544334242,null,null,0.551554020615644,0.15,0.5109996280077108,0.9969805495682743
branin,fixed_iso_gpc,classifier_uncertainty_repulsion,classifier_uncertainty_repulsion,2,7,12,13,750,27.758994102616718,False,False,False,743,0.5012086149690518,0.9975827700618964,0.6931442590568135,null,0.1,25,149,null,6,0.9542048552947415,null,null,0.8186335353026333,0.15,0.2963311053129653,0.8579222069141201
branin,fixed_iso_gpc,classifier_uncertainty_repulsion,classifier_uncertainty_repulsion,2,8,13,14,1314,3.2703685191886507,True,True,True,1303,0.5017994643431392,0.9964010713137217,0.6931407044021205,null,0.1,25,149,null,11,0.9034707776039436,null,null,0.6382584243156071,0.15,0.23485544862327498,0.7064516530443907
branin,fixed_iso_gpc,classifier_uncertainty_repulsion,classifier_uncertainty_repulsion,2,9,14,15,792,25.66479339735908,False,False,False,784,0.4994898178576632,0.9989796357153264,0.6931466599882183,null,0.1,25,149,null,3,0.9877615691521044,null,null,0.6259589826746659,0.15,0.21259213979164515,0.6337146556653239
branin,fixed_iso_gpc,classifier_uncertainty_repulsion,classifier_uncertainty_repulsion,2,10,15,16,10,5.838253182030165,False,True,True,10,0.5024002262311464,0.9951995475377071,0.69313565834377,null,0.1,25,149,null,26,0.8623205886880194,null,null,0.3819450837343534,0.15,0.16225799097484686,0.4429270143201208
branin,fixed_iso_gpc,classifier_uncertainty_repulsion,classifier_uncertainty_repulsion,2,11,16,17,643,20.48369831757664,False,False,False,636,0.5000142098489355,0.999971580302129,0.6931471801561058,null,0.1,25,149,null,0,1.0,null,null,0.3747573777966342,0.15,0.145370897732878,0.3747573777966342
branin,fixed_iso_gpc,classifier_uncertainty_repulsion,classifier_uncertainty_repulsion,2,12,17,18,204,77.16041440109213,False,False,False,202,0.5012440905896298,0.9975118188207404,0.6931440850339609,null,0.1,25,149,null,8,0.9476195006708018,null,null,0.5349896560586277,0.15,0.19342465045041035,0.5645616786905701
branin,fixed_iso_gpc,classifier_uncertainty_repulsion,classifier_uncertainty_repulsion,2,13,18,19,811,17.543783469034388,False,False,False,798,0.5005330299039401,0.9989339401921198,0.6931466123180807,null,0.1,25,149,null,7,0.9768165482991977,null,null,0.35594674839174534,0.15,0.14280401244910432,0.364394674733458
branin,fixed_iso_gpc,classifier_uncertainty_repulsion,classifier_uncertainty_repulsion,2,14,19,20,926,22.305226719974733,False,False,False,911,0.5000764416309162,0.9998471167381675,0.6931471688732994,null,0.1,25,149,null,1,0.9990888504589973,null,null,0.3704385592381894,0.15,0.14438520163677204,0.3707763919775544
branin,fixed_iso_gpc,classifier_uncertainty_repulsion,classifier_uncertainty_repulsion,2,15,20,21,459,20.366570936715277,False,False,False,452,0.5025494027496036,0.9949011945007928,0.6931341815948615,null,0.1,25,148,null,12,0.8980581989978843,null,null,0.3360763675306036,0.15,0.1452392542134129,0.3742255990821318
branin,fixed_iso_gpc,classifier_uncertainty_repulsion,classifier_uncertainty_repulsion,2,16,21,22,78,7.220566421423193,False,True,True,77,0.4957147492618459,0.9914294985236918,0.6931104533625364,null,0.1,25,148,null,33,0.8305382667904695,null,null,0.2397903698627056,0.15,0.12381764492127409,0.2887168231144256
branin,fixed_iso_gpc,classifier_uncertainty_repulsion,classifier_uncertainty_repulsion,2,17,22,23,1440,7.224304492876996,False,True,True,1420,0.49864179863502933,0.9972835972700587,0.6931434911335124,null,0.1,25,148,null,9,0.9454317080336239,null,null,0.2986823534640498,0.15,0.1307123847574633,0.31592165877879286
branin,fixed_iso_gpc,classifier_uncertainty_repulsion,classifier_uncertainty_repulsion,2,18,23,24,346,11.21501195664446,False,False,True,342,0.4967362607014385,0.993472521402877,0.6931258764202382,null,0.1,25,148,null,23,0.8541000702618978,null,null,0.3050589916607412,0.15,0.14101198386930663,0.3571700814486517
branin,fixed_iso_gpc,classifier_uncertainty_repulsion,classifier_uncertainty_repulsion,2,19,24,25,469,2.0110345413491615,True,True,True,459,0.5011408462063489,0.9977183075873022,0.6931445774975535,null,0.1,25,148,null,8,0.9525427981964114,null,null,0.17775867386360264,0.15,0.09640942315565805,0.18661489457500402
branin,fixed_iso_gpc,classifier_uncertainty_repulsion,classifier_uncertainty_repulsion,2,20,25,26,9,9.357906858834045,False,False,True,9,0.5008324580058736,0.9983350839882528,0.6931457945866419,null,0.1,25,148,null,4,0.9769494550582432,null,null,0.26021573829109046,0.15,0.11805877277018881,0.26635537482906635
branin,fixed_iso_gpc,classifier_uncertainty_repulsion,classifier_uncertainty_repulsion,2,21,26,27,1217,0.114714544660945,True,True,True,1195,0.5014830916429278,0.9970338167141444,0.6931427814318518,null,0.1,25,148,null,10,0.9471369128416876,null,null,0.16459618120634245,0.15,0.09268438795890237,0.173782880779618
branin,fixed_iso_gpc,classifier_uncertainty_repulsion,classifier_uncertainty_repulsion,2,22,27,28,1278,3.160049082498702,True,True,True,1255,0.4973839748730686,0.9947679497461372,0.6931334933225688,null,0.1,25,148,null,14,0.9241570591746616,null,null,0.14312659451286108,0.15,0.08701755297090039,0.15487258696122863
branin,fixed_iso_gpc,classifier_uncertainty_repulsion,classifier_uncertainty_repulsion,2,23,28,29,1300,0.3373637762183712,True,True,True,1276,0.5056903988664487,0.9886192022671025,0.6930824178833466,null,0.1,25,148,null,33,0.7641715151981896,null,null,0.143592866939122,0.15,0.09677962659938301,0.18790659437479929
branin,fixed_iso_gpc,classifier_uncertainty_repulsion,classifier_uncertainty_repulsion,2,24,29,30,586,4.855952239349179,True,True,True,573,0.4941421621970239,0.9882843243940478,0.6930785504624489,null,0.1,25,148,null,18,0.8092687006327816,null,null,0.12163272952946268,0.15,0.08561082685747579,0.1502995598796245
branin,fixed_iso_gpc,classifier_uncertainty_repulsion,classifier_uncertainty_repulsion,2,25,30,31,966,2.6732648066058395,True,True,True,944,0.5003604774099382,0.9992790451801237,0.6931469206719967,null,0.1,25,147,null,2,0.9895945250798025,null,null,0.1112424146184156,0.15,0.07325399803258317,0.11241211607293888
branin,fixed_iso_gpc,classifier_uncertainty_repulsion,classifier_uncertainty_repulsion,2,26,31,32,1452,18.79613232966056,False,False,False,1422,0.4947372042501055,0.989474408500211,0.6930917854988566,null,0.1,25,147,null,33,0.8480009721721551,null,null,0.12723254669386574,0.15,0.08552996362327189,0.15003820852700145
branin,fixed_iso_gpc,classifier_uncertainty_repulsion,classifier_uncertainty_repulsion,2,27,32,33,1489,2.870799921443357,True,True,True,1457,0.5018648466945446,0.9962703066109109,0.6931402252374315,null,0.1,25,147,null,9,0.9363255022797405,null,null,0.10631775970534518,0.15,0.07364622568395174,0.11354786283881568
branin,fixed_iso_gpc,classifier_uncertainty_repulsion,classifier_uncertainty_repulsion,2,28,33,34,1476,14.817226257049956,False,False,False,1445,0.503783449018484,0.9924331019630319,0.6931185513137821,null,0.1,25,147,null,13,0.8839260565569935,null,null,0.10800216891753825,0.15,0.07657907098267237,0.12218461953505555
branin,fixed_iso_gpc,classifier_uncertainty_repulsion,classifier_uncertainty_repulsion,2,29,34,35,905,5.656388996855714,False,True,True,884,0.49979648589762954,0.9995929717952591,0.6931470977239633,null,0.1,25,147,null,1,0.9954352838054861,null,null,0.12567294398043855,0.15,0.07793077051154809,0.12624923591215176
branin,fixed_iso_gpc,classifier_uncertainty_repulsion,classifier_uncertainty_repulsion,2,30,35,36,361,6.267593193348233,False,True,True,355,0.5014351957241239,0.9971296085517523,0.6931430609807552,null,0.1,25,147,null,5,0.9644239901761757,null,null,0.12380836227368604,0.15,0.07863105531221865,0.12837544849031535
branin,fixed_iso_gpc,classifier_uncertainty_repulsion,classifier_uncertainty_repulsion,2,31,36,37,999,3.254250123730131,True,True,True,974,0.501462015013947,0.9970759699721059,0.6931429055780515,null,0.1,25,147,null,4,0.9602846391280746,null,null,0.10527783926508437,0.15,0.07228702714975783,0.10963191013934703
branin,fixed_iso_gpc,classifier_uncertainty_repulsion,classifier_uncertainty_repulsion,2,32,37,38,1394,19.411422957327268,False,False,False,1363,0.5011988380816477,0.9976023238367047,0.6931443061316992,null,0.1,25,147,null,3,0.9693440857071455,null,null,0.11452058697961483,0.15,0.07521707458219407,0.11814234869558315
branin,fixed_iso_gpc,classifier_uncertainty_repulsion,classifier_uncertainty_repulsion,2,33,38,39,327,19.502435716823044,False,False,False,322,0.5000818856072288,0.9998362287855425,0.6931471671494399,null,0.1,25,147,null,2,0.9986301853348503,null,null,0.11448965253304647,0.15,0.07402420258098844,0.11464669726026455
branin,fixed_iso_gpc,classifier_uncertainty_repulsion,classifier_uncertainty_repulsion,2,34,39,40,1076,18.42853953282389,False,False,False,1048,0.5064233890684644,0.9871532218630712,0.6930646584357036,null,0.1,25,147,null,26,0.7642230548730318,null,null,0.11787512717879334,0.15,0.08682441505041602,0.15424178376609843
branin,fixed_iso_gpc,classifier_uncertainty_repulsion,classifier_uncertainty_repulsion,2,35,40,41,472,5.867029370225062,False,True,True,458,0.502032899645303,0.9959342007093941,0.6931389151752374,null,0.1,25,146,null,9,0.9408190862770663,null,null,0.0884670980282273,0.15,0.06666189386273924,0.09403199756321079
branin,fixed_iso_gpc,classifier_uncertainty_repulsion,classifier_uncertainty_repulsion,2,36,41,42,288,10.351137443891375,False,False,True,283,0.5067721419439639,0.9864557161120722,0.6930554539423018,null,0.1,25,146,null,27,0.7872164208381205,null,null,0.06506164487580053,0.15,0.06230463323157476,0.08264772323541192
branin,fixed_iso_gpc,classifier_uncertainty_repulsion,classifier_uncertainty_repulsion,2,37,42,43,64,13.02802465623683,False,False,False,62,0.5008334778979397,0.9983330442041205,0.6931457911884891,null,0.1,25,146,null,7,0.9859339868601896,null,null,0.08591717923772228,0.15,0.06405402691017406,0.08714293287660624
branin,fixed_iso_gpc,classifier_uncertainty_repulsion,classifier_uncertainty_repulsion,2,38,43,44,629,9.90304878469685,False,False,True,610,0.49885643086889875,0.9977128617377975,0.6931445650569498,null,0.1,25,146,null,6,0.9687425073198327,null,null,0.11992344036892943,0.15,0.07711598933237358,0.12379289590658626
branin,fixed_iso_gpc,classifier_uncertainty_repulsion,classifier_uncertainty_repulsion,2,39,44,45,121,7.211353229429037,False,True,True,117,0.5064672889870696,0.9870654220258608,0.6930635265735716,null,0.1,25,146,null,36,0.8143016648388576,null,null,0.06585147344855262,0.15,0.06160097901383807,0.08086864646357317
branin,fixed_iso_gpc,classifier_uncertainty_repulsion,classifier_uncertainty_repulsion,2,40,45,46,1402,0.5162629711522904,True,True,True,1363,0.5016818645038281,0.9966362709923438,0.6931415232128583,null,0.1,25,146,null,4,0.9629313783496496,null,null,0.06460236731171586,0.15,0.05590223209700044,0.06708927423513467
branin,fixed_iso_gpc,classifier_uncertainty_repulsion,classifier_uncertainty_repulsion,2,41,46,47,958,7.269417057521345,False,True,True,928,0.49678233394256566,0.9935646678851313,0.6931264736673055,null,0.1,25,146,null,12,0.9155747864487751,null,null,0.08345392774467307,0.15,0.06558083605189438,0.09114922011817783
branin,fixed_iso_gpc,classifier_uncertainty_repulsion,classifier_uncertainty_repulsion,2,42,47,48,495,1.8110384373222175,True,True,True,477,0.5009701588694784,0.9980596822610432,0.6931452981423001,null,0.1,25,146,null,5,0.9771996802096631,null,null,0.06725815943336473,0.15,0.0566478639551456,0.0688274472408077
branin,fixed_iso_gpc,classifier_uncertainty_repulsion,classifier_uncertainty_repulsion,2,43,48,49,970,9.100872665040608,False,True,True,937,0.49711124590581246,0.9942224918116249,0.6931304906666609,null,0.1,25,146,null,11,0.92418067908978,null,null,0.06563826572938528,0.15,0.05757792917790732,0.07102319623694364
branin,fixed_iso_gpc,classifier_uncertainty_repulsion,classifier_uncertainty_repulsion,2,44,49,50,1104,11.417831462267902,False,False,True,1067,0.4886046100979655,0.977209220195931,0.6928874482501701,null,0.1,25,146,null,45,0.6942269951977376,null,null,0.06354240877738673,0.15,0.06572434991262736,0.0915297290611522
branin,optimized_iso_gpc,random,random,2,1,6,7,1259,14.691915870658462,False,False,False,1255,0.3475887894903167,0.6951775789806334,0.6459412136886966,null,null,null,null,null,null,null,null,null,null,null,null,null
branin,optimized_iso_gpc,random,random,2,2,7,8,922,32.28052786694077,False,False,False,919,0.5900771516387238,0.8198456967225525,0.6768304539060452,null,null,null,null,null,null,null,null,null,null,null,null,null
branin,optimized_iso_gpc,random,random,2,3,8,9,1423,24.7709624991165,False,False,False,1417,0.4215617728906409,0.8431235457812818,0.6807910941948163,null,null,null,null,null,null,null,null,null,null,null,null,null
branin,optimized_iso_gpc,random,random,2,4,9,10,1289,4.380933433463731,True,True,True,1283,0.2514691268004299,0.5029382536008598,0.5639433973096708,null,null,null,null,null,null,null,null,null,null,null,null,null
branin,optimized_iso_gpc,random,random,2,5,10,11,1493,10.48263179760577,False,False,True,1483,0.355631086691119,0.711262173382238,0.6508629823262839,null,null,null,null,null,null,null,null,null,null,null,null,null
branin,optimized_iso_gpc,random,random,2,6,11,12,291,37.30661453182347,False,False,False,291,0.6938227933679286,0.6123544132641427,0.616007735448389,null,null,null,null,null,null,null,null,null,null,null,null,null
branin,optimized_iso_gpc,random,random,2,7,12,13,1308,71.95509703009078,False,False,False,1300,0.6886792613227044,0.6226414773545912,0.6201533386204753,null,null,null,null,null,null,null,null,null,null,null,null,null
branin,optimized_iso_gpc,random,random,2,8,13,14,399,18.90473893486641,False,False,False,398,0.24130049681775745,0.4826009936355149,0.5525743536164588,null,null,null,null,null,null,null,null,null,null,null,null,null
branin,optimized_iso_gpc,random,random,2,9,14,15,472,5.867029370225062,False,True,True,468,0.609210588848498,0.781578822303004,0.6690998906920479,null,null,null,null,null,null,null,null,null,null,null,null,null
branin,optimized_iso_gpc,random,random,2,10,15,16,587,8.501933264559334,False,True,True,581,0.3506036042279561,0.7012072084559122,0.6478194931872547,null,null,null,null,null,null,null,null,null,null,null,null,null
branin,optimized_iso_gpc,random,random,2,11,16,17,1277,146.29516542633814,False,False,False,1267,0.6366192323298492,0.7267615353403016,0.6553385971912373,null,null,null,null,null,null,null,null,null,null,null,null,null
branin,optimized_iso_gpc,random,random,2,12,17,18,659,3.0312825074517207,True,True,True,652,0.40420570423466984,0.8084114084693397,0.6746801259634367,null,null,null,null,null,null,null,null,null,null,null,null,null
branin,optimized_iso_gpc,random,random,2,13,18,19,332,24.45731558391694,False,False,False,331,0.424365182621699,0.848730365243398,0.6816618909345271,null,null,null,null,null,null,null,null,null,null,null,null,null
branin,optimized_iso_gpc,random,random,2,14,19,20,1110,19.859085115567737,False,False,False,1099,0.2800205186161975,0.560041037232395,0.5929726954485746,null,null,null,null,null,null,null,null,null,null,null,null,null
branin,optimized_iso_gpc,random,random,2,15,20,21,154,22.95303880788001,False,False,False,154,0.3590487358860628,0.7180974717721256,0.652868907005656,null,null,null,null,null,null,null,null,null,null,null,null,null
branin,optimized_iso_gpc,random,random,2,16,21,22,1260,4.055027585545254,True,True,True,1246,0.39118992372775097,0.7823798474555019,0.6692773794927488,null,null,null,null,null,null,null,null,null,null,null,null,null
branin,optimized_iso_gpc,random,random,2,17,22,23,434,99.41626896515746,False,False,False,428,0.7276294851823764,0.5447410296352473,0.5856023787799137,null,null,null,null,null,null,null,null,null,null,null,null,null
branin,optimized_iso_gpc,random,random,2,18,23,24,483,1.5424866396327488,True,True,True,475,0.31676227399645995,0.6335245479929199,0.624404820212203,null,null,null,null,null,null,null,null,null,null,null,null,null
branin,optimized_iso_gpc,random,random,2,19,24,25,793,69.64503523085426,False,False,False,781,0.5692390657948749,0.8615218684102501,0.6835282027340999,null,null,null,null,null,null,null,null,null,null,null,null,null
branin,optimized_iso_gpc,random,random,2,20,25,26,445,12.788653294509285,False,False,True,438,0.3629413779258357,0.7258827558516714,0.6550918050038662,null,null,null,null,null,null,null,null,null,null,null,null,null
branin,optimized_iso_gpc,random,random,2,21,26,27,146,10.078411772423728,False,False,True,146,0.25103745429493074,0.5020749085898615,0.5634720371328,null,null,null,null,null,null,null,null,null,null,null,null,null
branin,optimized_iso_gpc,random,random,2,22,27,28,17,2.641325276087411,True,True,True,17,0.23977858581690725,0.4795571716338145,0.5508245740799969,null,null,null,null,null,null,null,null,null,null,null,null,null
branin,optimized_iso_gpc,random,random,2,23,28,29,194,25.644358239762298,False,False,False,191,0.2731728214636746,0.5463456429273492,0.5863891252881109,null,null,null,null,null,null,null,null,null,null,null,null,null
branin,optimized_iso_gpc,random,random,2,24,29,30,817,18.47258207177685,False,False,False,800,0.7614900051364657,0.4770199897270686,0.549356335206119,null,null,null,null,null,null,null,null,null,null,null,null,null
branin,optimized_iso_gpc,random,random,2,25,30,31,882,6.674416779132727,False,True,True,864,0.4956368446122763,0.9912736892245526,0.6931091058268396,null,null,null,null,null,null,null,null,null,null,null,null,null
branin,optimized_iso_gpc,random,random,2,26,31,32,668,13.606145243693202,False,False,False,652,0.2905783359609586,0.5811566719219172,0.6026687034842473,null,null,null,null,null,null,null,null,null,null,null,null,null
branin,optimized_iso_gpc,random,random,2,27,32,33,360,116.11249929839934,False,False,False,354,0.770929707941832,0.45814058411633596,0.5381505223541755,null,null,null,null,null,null,null,null,null,null,null,null,null
branin,optimized_iso_gpc,random,random,2,28,33,34,40,98.19976632471095,False,False,False,39,0.796757091155655,0.4064858176886901,0.5048653179116064,null,null,null,null,null,null,null,null,null,null,null,null,null
branin,optimized_iso_gpc,random,random,2,29,34,35,1297,3.665944082938509,True,True,True,1268,0.34578605462024825,0.6915721092404965,0.6447989415092058,null,null,null,null,null,null,null,null,null,null,null,null,null
branin,optimized_iso_gpc,random,random,2,30,35,36,1216,16.37245419173179,False,False,False,1191,0.7181541895332657,0.5636916209334686,0.5946881759298626,null,null,null,null,null,null,null,null,null,null,null,null,null
branin,optimized_iso_gpc,random,random,2,31,36,37,1181,9.21393080959411,False,False,True,1156,0.4658173356222193,0.9316346712444386,0.690808447678857,null,null,null,null,null,null,null,null,null,null,null,null,null
branin,optimized_iso_gpc,random,random,2,32,37,38,1313,23.650130914020362,False,False,False,1280,0.29949290773049597,0.5989858154609919,0.6104340314183695,null,null,null,null,null,null,null,null,null,null,null,null,null
branin,optimized_iso_gpc,random,random,2,33,38,39,522,58.195101693024085,False,False,False,507,0.9182914947751897,0.16341701044962065,0.2829224318639416,null,null,null,null,null,null,null,null,null,null,null,null,null
branin,optimized_iso_gpc,random,random,2,34,39,40,836,15.742476589675206,False,False,False,814,0.6991642659060631,0.6016714681878739,0.6115707556656312,null,null,null,null,null,null,null,null,null,null,null,null,null
branin,optimized_iso_gpc,random,random,2,35,40,41,1436,7.6470870456065825,False,True,True,1399,0.3531864130264921,0.7063728260529842,0.6493968698693584,null,null,null,null,null,null,null,null,null,null,null,null,null
branin,optimized_iso_gpc,random,random,2,36,41,42,106,79.22399778304167,False,False,False,104,0.9023395111740911,0.19532097765181788,0.319911921333633,null,null,null,null,null,null,null,null,null,null,null,null,null
branin,optimized_iso_gpc,random,random,2,37,42,43,142,12.058147922619227,False,False,True,139,0.6934864437269539,0.6130271125460922,0.6162826209078784,null,null,null,null,null,null,null,null,null,null,null,null,null
branin,optimized_iso_gpc,random,random,2,38,43,44,681,14.005758686245574,False,False,False,659,0.2968619279465088,0.5937238558930176,0.6081819268587142,null,null,null,null,null,null,null,null,null,null,null,null,null
branin,optimized_iso_gpc,random,random,2,39,44,45,78,7.220566421423193,False,True,True,76,0.6732734500425863,0.6534530999148274,0.631836154152889,null,null,null,null,null,null,null,null,null,null,null,null,null
branin,optimized_iso_gpc,random,random,2,40,45,46,883,36.49770666472867,False,False,False,855,0.913745011865899,0.17250997626820208,0.2937865161698128,null,null,null,null,null,null,null,null,null,null,null,null,null
branin,optimized_iso_gpc,random,random,2,41,46,47,246,0.5099221551810409,True,True,True,238,0.27018059790532334,0.5403611958106467,0.583438384155155,null,null,null,null,null,null,null,null,null,null,null,null,null
branin,optimized_iso_gpc,random,random,2,42,47,48,646,5.9231299680974985,False,True,True,624,0.119989426212328,0.239978852424656,0.3669039232098038,null,null,null,null,null,null,null,null,null,null,null,null,null
branin,optimized_iso_gpc,random,random,2,43,48,49,492,59.53539576492234,False,False,False,473,0.8584908654397623,0.28301826912047545,0.40769357218121716,null,null,null,null,null,null,null,null,null,null,null,null,null
branin,optimized_iso_gpc,random,random,2,44,49,50,858,62.7035817331146,False,False,False,828,0.926976378110794,0.14604724377841194,0.26139081526894925,null,null,null,null,null,null,null,null,null,null,null,null,null
branin,optimized_iso_gpc,classifier_margin,classifier_margin,2,1,6,7,671,117.66227438678754,False,False,False,668,0.500357870432849,0.9992842591343021,0.69314692441743,null,null,null,null,null,null,null,null,null,null,null,null,null
branin,optimized_iso_gpc,classifier_margin,classifier_margin,2,2,7,8,1173,38.14286640115088,False,False,False,1168,0.49982250926384414,0.9996450185276883,0.6931471175540211,null,null,null,null,null,null,null,null,null,null,null,null,null
branin,optimized_iso_gpc,classifier_margin,classifier_margin,2,3,8,9,1075,8.300901493843789,False,True,True,1070,0.5006651142352332,0.9986697715295336,0.6931462958057926,null,null,null,null,null,null,null,null,null,null,null,null,null
branin,optimized_iso_gpc,classifier_margin,classifier_margin,2,4,9,10,219,21.10547596530602,False,False,False,219,0.5001219890479643,0.9997560219040713,0.6931471507972893,null,null,null,null,null,null,null,null,null,null,null,null,null
branin,optimized_iso_gpc,classifier_margin,classifier_margin,2,5,10,11,1014,8.531028849869905,False,True,True,1009,0.4992653148272357,0.9985306296544714,0.6931461010349507,null,null,null,null,null,null,null,null,null,null,null,null,null
branin,optimized_iso_gpc,classifier_margin,classifier_margin,2,6,11,12,1319,12.675780841366468,False,False,True,1310,0.4996541637361349,0.9993083274722698,0.6931469413544833,null,null,null,null,null,null,null,null,null,null,null,null,null
branin,optimized_iso_gpc,classifier_margin,classifier_margin,2,7,12,13,370,23.668166672654923,False,False,False,369,0.4980462011084441,0.9960924022168882,0.6931395458802986,null,null,null,null,null,null,null,null,null,null,null,null,null
branin,optimized_iso_gpc,classifier_margin,classifier_margin,2,8,13,14,43,1.1815325743136462,True,True,True,43,0.4970213630585718,0.9940427261171436,0.6931294358989297,null,null,null,null,null,null,null,null,null,null,null,null,null
branin,optimized_iso_gpc,classifier_margin,classifier_margin,2,9,14,15,86,3.0800433403529297,True,True,True,85,0.4992522895974807,0.9985045791949614,0.6931460624178365,null,null,null,null,null,null,null,null,null,null,null,null,null
branin,optimized_iso_gpc,classifier_margin,classifier_margin,2,10,15,16,902,24.24727046433831,False,False,False,894,0.499605821484426,0.999211642968852,0.6931468698065089,null,null,null,null,null,null,null,null,null,null,null,null,null
branin,optimized_iso_gpc,classifier_margin,classifier_margin,2,11,16,17,1400,15.754440802902362,False,False,False,1386,0.499612073335455,0.99922414667091,0.693146879585721,null,null,null,null,null,null,null,null,null,null,null,null,null
branin,optimized_iso_gpc,classifier_margin,classifier_margin,2,12,17,18,993,9.83686633042727,False,False,True,984,0.5008887992499291,0.9982224015001417,0.6931456006308999,null,null,null,null,null,null,null,null,null,null,null,null,null
branin,optimized_iso_gpc,classifier_margin,classifier_margin,2,13,18,19,19,5.829500034477803,False,True,True,19,0.5006236229369918,0.9987527541260164,0.6931464027486086,null,null,null,null,null,null,null,null,null,null,null,null,null
branin,optimized_iso_gpc,classifier_margin,classifier_margin,2,14,19,20,1114,11.562881084907659,False,False,True,1100,0.5003161828714202,0.9993676342571596,0.6931469806167156,null,null,null,null,null,null,null,null,null,null,null,null,null
branin,optimized_iso_gpc,classifier_margin,classifier_margin,2,15,20,21,414,244.4638281273451,False,False,False,408,0.49939901911880624,0.9987980382376125,0.6931464582037323,null,null,null,null,null,null,null,null,null,null,null,null,null
branin,optimized_iso_gpc,classifier_margin,classifier_margin,2,16,21,22,1008,9.153734584165555,False,True,True,996,0.4999912216615774,0.9999824433231548,0.6931471804058269,null,null,null,null,null,null,null,null,null,null,null,null,null
branin,optimized_iso_gpc,classifier_margin,classifier_margin,2,17,22,23,42,130.3332679028283,False,False,False,41,0.49970104615608735,0.9994020923121747,0.6931470018131332,null,null,null,null,null,null,null,null,null,null,null,null,null
branin,optimized_iso_gpc,classifier_margin,classifier_margin,2,18,23,24,805,4.311550858366186,True,True,True,794,0.5003272032882119,0.9993455934235762,0.6931469664359464,null,null,null,null,null,null,null,null,null,null,null,null,null
branin,optimized_iso_gpc,classifier_margin,classifier_margin,2,19,24,25,760,21.620881909770922,False,False,False,749,0.49972669798678193,0.9994533959735639,0.693147031171957,null,null,null,null,null,null,null,null,null,null,null,null,null
branin,optimized_iso_gpc,classifier_margin,classifier_margin,2,20,25,26,543,20.966590104332738,False,False,False,533,0.49992075837332495,0.9998415167466499,0.6931471680014745,null,null,null,null,null,null,null,null,null,null,null,null,null
branin,optimized_iso_gpc,classifier_margin,classifier_margin,2,21,26,27,1183,116.68350791372171,False,False,False,1161,0.5001483570578584,0.9997032858842831,0.6931471365403115,null,null,null,null,null,null,null,null,null,null,null,null,null
branin,optimized_iso_gpc,classifier_margin,classifier_margin,2,22,27,28,1190,21.804362436179503,False,False,False,1167,0.5002065399254558,0.9995869201490883,0.6931470952424612,null,null,null,null,null,null,null,null,null,null,null,null,null
branin,optimized_iso_gpc,classifier_margin,classifier_margin,2,23,28,29,518,12.85973044964404,False,False,True,509,0.5003702652471543,0.9992594695056913,0.6931469063672138,null,null,null,null,null,null,null,null,null,null,null,null,null
branin,optimized_iso_gpc,classifier_margin,classifier_margin,2,24,29,30,1206,13.808831886798913,False,False,False,1181,0.4997402882491419,0.9994805764982838,0.6931470456595521,null,null,null,null,null,null,null,null,null,null,null,null,null
branin,optimized_iso_gpc,classifier_margin,classifier_margin,2,25,30,31,1208,7.076309512135172,False,True,True,1182,0.4997890565030047,0.9995781130060094,0.6931470915656248,null,null,null,null,null,null,null,null,null,null,null,null,null
branin,optimized_iso_gpc,classifier_margin,classifier_margin,2,26,31,32,865,49.75001060711858,False,False,False,850,0.49975099378969007,0.9995019875793801,0.6931470565517546,null,null,null,null,null,null,null,null,null,null,null,null,null
branin,optimized_iso_gpc,classifier_margin,classifier_margin,2,27,32,33,779,0.2322674846948658,True,True,True,765,0.500099312305349,0.999801375389302,0.6931471608340771,null,null,null,null,null,null,null,null,null,null,null,null,null
branin,optimized_iso_gpc,classifier_margin,classifier_margin,2,28,33,34,330,3.2011990658723306,True,True,True,325,0.5002660668317577,0.9994678663364847,0.6931470389768207,null,null,null,null,null,null,null,null,null,null,null,null,null
branin,optimized_iso_gpc,classifier_margin,classifier_margin,2,29,34,35,471,5.542946702876733,False,True,True,461,0.4999304442937787,0.9998608885875574,0.6931471708839527,null,null,null,null,null,null,null,null,null,null,null,null,null
branin,optimized_iso_gpc,classifier_margin,classifier_margin,2,30,35,36,944,27.20209140479042,False,False,False,924,0.5012173876770256,0.9975652246459488,0.6931442164915044,null,null,null,null,null,null,null,null,null,null,null,null,null
branin,optimized_iso_gpc,classifier_margin,classifier_margin,2,31,36,37,1111,2.2177145747401745,True,True,True,1085,0.4999980782801746,0.9999961565603492,0.6931471805525593,null,null,null,null,null,null,null,null,null,null,null,null,null
branin,optimized_iso_gpc,classifier_margin,classifier_margin,2,32,37,38,421,6.068138718064624,False,True,True,412,0.49925995716056804,0.9985199143211361,0.693146085232737,null,null,null,null,null,null,null,null,null,null,null,null,null
branin,optimized_iso_gpc,classifier_margin,classifier_margin,2,33,38,39,1476,14.817226257049956,False,False,False,1439,0.49996269232790547,0.9999253846558109,0.6931471777762205,null,null,null,null,null,null,null,null,null,null,null,null,null
branin,optimized_iso_gpc,classifier_margin,classifier_margin,2,34,39,40,1410,3.6561563044778005,True,True,True,1374,0.5000426555210433,0.9999146889579134,0.6931471769209583,null,null,null,null,null,null,null,null,null,null,null,null,null
branin,optimized_iso_gpc,classifier_margin,classifier_margin,2,35,40,41,29,12.72325550274472,False,False,True,28,0.5000240799313828,0.9999518401372345,0.693147179400259,null,null,null,null,null,null,null,null,null,null,null,null,null
branin,optimized_iso_gpc,classifier_margin,classifier_margin,2,36,41,42,1435,22.176090562262125,False,False,False,1397,0.49997488769418613,0.9999497753883723,0.6931471792986894,null,null,null,null,null,null,null,null,null,null,null,null,null
branin,optimized_iso_gpc,classifier_margin,classifier_margin,2,37,42,43,1070,14.315610138420212,False,False,False,1043,0.5002558235408596,0.9994883529182808,0.6931470496685714,null,null,null,null,null,null,null,null,null,null,null,null,null
branin,optimized_iso_gpc,classifier_margin,classifier_margin,2,38,43,44,1186,8.424020662274167,False,True,True,1153,0.502177174293454,0.995645651413092,0.693137700354179,null,null,null,null,null,null,null,null,null,null,null,null,null
branin,optimized_iso_gpc,classifier_margin,classifier_margin,2,39,44,45,807,4.905017446050422,True,True,True,787,0.4993614633087591,0.9987229266175182,0.6931463651015115,null,null,null,null,null,null,null,null,null,null,null,null,null
branin,optimized_iso_gpc,classifier_margin,classifier_margin,2,40,45,46,1454,0.6690783537536937,True,True,True,1411,0.4999091669176693,0.9998183338353386,0.6931471640586475,null,null,null,null,null,null,null,null,null,null,null,null,null
branin,optimized_iso_gpc,classifier_margin,classifier_margin,2,41,46,47,561,2.380708121395042,True,True,True,545,0.49822454899385793,0.9964490979877159,0.6931408760941462,null,null,null,null,null,null,null,null,null,null,null,null,null
branin,optimized_iso_gpc,classifier_margin,classifier_margin,2,42,47,48,1077,1.9306044713117458,True,True,True,1046,0.49864403342932473,0.9972880668586495,0.6931435032647562,null,null,null,null,null,null,null,null,null,null,null,null,null
branin,optimized_iso_gpc,classifier_margin,classifier_margin,2,43,48,49,1463,0.4666065708920577,True,True,True,1417,0.5007348112775627,0.9985303774448746,0.6931461006643294,null,null,null,null,null,null,null,null,null,null,null,null,null
branin,optimized_iso_gpc,classifier_margin,classifier_margin,2,44,49,50,1402,0.5162629711522904,True,True,True,1360,0.49850525547845725,0.9970105109569145,0.69314271203092,null,null,null,null,null,null,null,null,null,null,null,null,null
branin,optimized_iso_gpc,classifier_entropy,classifier_entropy,2,1,6,7,671,117.66227438678754,False,False,False,668,0.500357870432849,0.9992842591343021,0.69314692441743,Binary entropy is monotone-equivalent to classifier margin.,null,null,null,null,null,null,null,null,null,null,null,null
branin,optimized_iso_gpc,classifier_entropy,classifier_entropy,2,2,7,8,1173,38.14286640115088,False,False,False,1168,0.49982250926384414,0.9996450185276883,0.6931471175540211,Binary entropy is monotone-equivalent to classifier margin.,null,null,null,null,null,null,null,null,null,null,null,null
branin,optimized_iso_gpc,classifier_entropy,classifier_entropy,2,3,8,9,1075,8.300901493843789,False,True,True,1070,0.5006651142352332,0.9986697715295336,0.6931462958057926,Binary entropy is monotone-equivalent to classifier margin.,null,null,null,null,null,null,null,null,null,null,null,null
branin,optimized_iso_gpc,classifier_entropy,classifier_entropy,2,4,9,10,219,21.10547596530602,False,False,False,219,0.5001219890479643,0.9997560219040713,0.6931471507972893,Binary entropy is monotone-equivalent to classifier margin.,null,null,null,null,null,null,null,null,null,null,null,null
branin,optimized_iso_gpc,classifier_entropy,classifier_entropy,2,5,10,11,1014,8.531028849869905,False,True,True,1009,0.4992653148272357,0.9985306296544714,0.6931461010349507,Binary entropy is monotone-equivalent to classifier margin.,null,null,null,null,null,null,null,null,null,null,null,null
branin,optimized_iso_gpc,classifier_entropy,classifier_entropy,2,6,11,12,1319,12.675780841366468,False,False,True,1310,0.4996541637361349,0.9993083274722698,0.6931469413544833,Binary entropy is monotone-equivalent to classifier margin.,null,null,null,null,null,null,null,null,null,null,null,null
branin,optimized_iso_gpc,classifier_entropy,classifier_entropy,2,7,12,13,370,23.668166672654923,False,False,False,369,0.4980462011084441,0.9960924022168882,0.6931395458802986,Binary entropy is monotone-equivalent to classifier margin.,null,null,null,null,null,null,null,null,null,null,null,null
branin,optimized_iso_gpc,classifier_entropy,classifier_entropy,2,8,13,14,43,1.1815325743136462,True,True,True,43,0.4970213630585718,0.9940427261171436,0.6931294358989297,Binary entropy is monotone-equivalent to classifier margin.,null,null,null,null,null,null,null,null,null,null,null,null
branin,optimized_iso_gpc,classifier_entropy,classifier_entropy,2,9,14,15,86,3.0800433403529297,True,True,True,85,0.4992522895974807,0.9985045791949614,0.6931460624178365,Binary entropy is monotone-equivalent to classifier margin.,null,null,null,null,null,null,null,null,null,null,null,null
branin,optimized_iso_gpc,classifier_entropy,classifier_entropy,2,10,15,16,902,24.24727046433831,False,False,False,894,0.499605821484426,0.999211642968852,0.6931468698065089,Binary entropy is monotone-equivalent to classifier margin.,null,null,null,null,null,null,null,null,null,null,null,null
branin,optimized_iso_gpc,classifier_entropy,classifier_entropy,2,11,16,17,1400,15.754440802902362,False,False,False,1386,0.499612073335455,0.99922414667091,0.693146879585721,Binary entropy is monotone-equivalent to classifier margin.,null,null,null,null,null,null,null,null,null,null,null,null
branin,optimized_iso_gpc,classifier_entropy,classifier_entropy,2,12,17,18,993,9.83686633042727,False,False,True,984,0.5008887992499291,0.9982224015001417,0.6931456006308999,Binary entropy is monotone-equivalent to classifier margin.,null,null,null,null,null,null,null,null,null,null,null,null
branin,optimized_iso_gpc,classifier_entropy,classifier_entropy,2,13,18,19,19,5.829500034477803,False,True,True,19,0.5006236229369918,0.9987527541260164,0.6931464027486086,Binary entropy is monotone-equivalent to classifier margin.,null,null,null,null,null,null,null,null,null,null,null,null
branin,optimized_iso_gpc,classifier_entropy,classifier_entropy,2,14,19,20,1114,11.562881084907659,False,False,True,1100,0.5003161828714202,0.9993676342571596,0.6931469806167156,Binary entropy is monotone-equivalent to classifier margin.,null,null,null,null,null,null,null,null,null,null,null,null
branin,optimized_iso_gpc,classifier_entropy,classifier_entropy,2,15,20,21,414,244.4638281273451,False,False,False,408,0.49939901911880624,0.9987980382376125,0.6931464582037323,Binary entropy is monotone-equivalent to classifier margin.,null,null,null,null,null,null,null,null,null,null,null,null
branin,optimized_iso_gpc,classifier_entropy,classifier_entropy,2,16,21,22,1008,9.153734584165555,False,True,True,996,0.4999912216615774,0.9999824433231548,0.6931471804058269,Binary entropy is monotone-equivalent to classifier margin.,null,null,null,null,null,null,null,null,null,null,null,null
branin,optimized_iso_gpc,classifier_entropy,classifier_entropy,2,17,22,23,42,130.3332679028283,False,False,False,41,0.49970104615608735,0.9994020923121747,0.6931470018131332,Binary entropy is monotone-equivalent to classifier margin.,null,null,null,null,null,null,null,null,null,null,null,null
branin,optimized_iso_gpc,classifier_entropy,classifier_entropy,2,18,23,24,805,4.311550858366186,True,True,True,794,0.5003272032882119,0.9993455934235762,0.6931469664359464,Binary entropy is monotone-equivalent to classifier margin.,null,null,null,null,null,null,null,null,null,null,null,null
branin,optimized_iso_gpc,classifier_entropy,classifier_entropy,2,19,24,25,760,21.620881909770922,False,False,False,749,0.49972669798678193,0.9994533959735639,0.693147031171957,Binary entropy is monotone-equivalent to classifier margin.,null,null,null,null,null,null,null,null,null,null,null,null
branin,optimized_iso_gpc,classifier_entropy,classifier_entropy,2,20,25,26,543,20.966590104332738,False,False,False,533,0.49992075837332495,0.9998415167466499,0.6931471680014745,Binary entropy is monotone-equivalent to classifier margin.,null,null,null,null,null,null,null,null,null,null,null,null
branin,optimized_iso_gpc,classifier_entropy,classifier_entropy,2,21,26,27,1183,116.68350791372171,False,False,False,1161,0.5001483570578584,0.9997032858842831,0.6931471365403115,Binary entropy is monotone-equivalent to classifier margin.,null,null,null,null,null,null,null,null,null,null,null,null
branin,optimized_iso_gpc,classifier_entropy,classifier_entropy,2,22,27,28,1190,21.804362436179503,False,False,False,1167,0.5002065399254558,0.9995869201490883,0.6931470952424612,Binary entropy is monotone-equivalent to classifier margin.,null,null,null,null,null,null,null,null,null,null,null,null
branin,optimized_iso_gpc,classifier_entropy,classifier_entropy,2,23,28,29,518,12.85973044964404,False,False,True,509,0.5003702652471543,0.9992594695056913,0.6931469063672138,Binary entropy is monotone-equivalent to classifier margin.,null,null,null,null,null,null,null,null,null,null,null,null
branin,optimized_iso_gpc,classifier_entropy,classifier_entropy,2,24,29,30,1206,13.808831886798913,False,False,False,1181,0.4997402882491419,0.9994805764982838,0.6931470456595521,Binary entropy is monotone-equivalent to classifier margin.,null,null,null,null,null,null,null,null,null,null,null,null
branin,optimized_iso_gpc,classifier_entropy,classifier_entropy,2,25,30,31,1208,7.076309512135172,False,True,True,1182,0.4997890565030047,0.9995781130060094,0.6931470915656248,Binary entropy is monotone-equivalent to classifier margin.,null,null,null,null,null,null,null,null,null,null,null,null
branin,optimized_iso_gpc,classifier_entropy,classifier_entropy,2,26,31,32,865,49.75001060711858,False,False,False,850,0.49975099378969007,0.9995019875793801,0.6931470565517546,Binary entropy is monotone-equivalent to classifier margin.,null,null,null,null,null,null,null,null,null,null,null,null
branin,optimized_iso_gpc,classifier_entropy,classifier_entropy,2,27,32,33,779,0.2322674846948658,True,True,True,765,0.500099312305349,0.999801375389302,0.6931471608340771,Binary entropy is monotone-equivalent to classifier margin.,null,null,null,null,null,null,null,null,null,null,null,null
branin,optimized_iso_gpc,classifier_entropy,classifier_entropy,2,28,33,34,330,3.2011990658723306,True,True,True,325,0.5002660668317577,0.9994678663364847,0.6931470389768207,Binary entropy is monotone-equivalent to classifier margin.,null,null,null,null,null,null,null,null,null,null,null,null
branin,optimized_iso_gpc,classifier_entropy,classifier_entropy,2,29,34,35,471,5.542946702876733,False,True,True,461,0.4999304442937787,0.9998608885875574,0.6931471708839527,Binary entropy is monotone-equivalent to classifier margin.,null,null,null,null,null,null,null,null,null,null,null,null
branin,optimized_iso_gpc,classifier_entropy,classifier_entropy,2,30,35,36,944,27.20209140479042,False,False,False,924,0.5012173876770256,0.9975652246459488,0.6931442164915044,Binary entropy is monotone-equivalent to classifier margin.,null,null,null,null,null,null,null,null,null,null,null,null
branin,optimized_iso_gpc,classifier_entropy,classifier_entropy,2,31,36,37,1111,2.2177145747401745,True,True,True,1085,0.4999980782801746,0.9999961565603492,0.6931471805525593,Binary entropy is monotone-equivalent to classifier margin.,null,null,null,null,null,null,null,null,null,null,null,null
branin,optimized_iso_gpc,classifier_entropy,classifier_entropy,2,32,37,38,421,6.068138718064624,False,True,True,412,0.49925995716056804,0.9985199143211361,0.693146085232737,Binary entropy is monotone-equivalent to classifier margin.,null,null,null,null,null,null,null,null,null,null,null,null
branin,optimized_iso_gpc,classifier_entropy,classifier_entropy,2,33,38,39,1476,14.817226257049956,False,False,False,1439,0.49996269232790547,0.9999253846558109,0.6931471777762205,Binary entropy is monotone-equivalent to classifier margin.,null,null,null,null,null,null,null,null,null,null,null,null
branin,optimized_iso_gpc,classifier_entropy,classifier_entropy,2,34,39,40,1410,3.6561563044778005,True,True,True,1374,0.5000426555210433,0.9999146889579134,0.6931471769209583,Binary entropy is monotone-equivalent to classifier margin.,null,null,null,null,null,null,null,null,null,null,null,null
branin,optimized_iso_gpc,classifier_entropy,classifier_entropy,2,35,40,41,29,12.72325550274472,False,False,True,28,0.5000240799313828,0.9999518401372345,0.693147179400259,Binary entropy is monotone-equivalent to classifier margin.,null,null,null,null,null,null,null,null,null,null,null,null
branin,optimized_iso_gpc,classifier_entropy,classifier_entropy,2,36,41,42,1435,22.176090562262125,False,False,False,1397,0.49997488769418613,0.9999497753883723,0.6931471792986894,Binary entropy is monotone-equivalent to classifier margin.,null,null,null,null,null,null,null,null,null,null,null,null
branin,optimized_iso_gpc,classifier_entropy,classifier_entropy,2,37,42,43,1070,14.315610138420212,False,False,False,1043,0.5002558235408596,0.9994883529182808,0.6931470496685714,Binary entropy is monotone-equivalent to classifier margin.,null,null,null,null,null,null,null,null,null,null,null,null
branin,optimized_iso_gpc,classifier_entropy,classifier_entropy,2,38,43,44,1186,8.424020662274167,False,True,True,1153,0.502177174293454,0.995645651413092,0.693137700354179,Binary entropy is monotone-equivalent to classifier margin.,null,null,null,null,null,null,null,null,null,null,null,null
branin,optimized_iso_gpc,classifier_entropy,classifier_entropy,2,39,44,45,807,4.905017446050422,True,True,True,787,0.4993614633087591,0.9987229266175182,0.6931463651015115,Binary entropy is monotone-equivalent to classifier margin.,null,null,null,null,null,null,null,null,null,null,null,null
branin,optimized_iso_gpc,classifier_entropy,classifier_entropy,2,40,45,46,1454,0.6690783537536937,True,True,True,1411,0.4999091669176693,0.9998183338353386,0.6931471640586475,Binary entropy is monotone-equivalent to classifier margin.,null,null,null,null,null,null,null,null,null,null,null,null
branin,optimized_iso_gpc,classifier_entropy,classifier_entropy,2,41,46,47,561,2.380708121395042,True,True,True,545,0.49822454899385793,0.9964490979877159,0.6931408760941462,Binary entropy is monotone-equivalent to classifier margin.,null,null,null,null,null,null,null,null,null,null,null,null
branin,optimized_iso_gpc,classifier_entropy,classifier_entropy,2,42,47,48,1077,1.9306044713117458,True,True,True,1046,0.49864403342932473,0.9972880668586495,0.6931435032647562,Binary entropy is monotone-equivalent to classifier margin.,null,null,null,null,null,null,null,null,null,null,null,null
branin,optimized_iso_gpc,classifier_entropy,classifier_entropy,2,43,48,49,1463,0.4666065708920577,True,True,True,1417,0.5007348112775627,0.9985303774448746,0.6931461006643294,Binary entropy is monotone-equivalent to classifier margin.,null,null,null,null,null,null,null,null,null,null,null,null
branin,optimized_iso_gpc,classifier_entropy,classifier_entropy,2,44,49,50,1402,0.5162629711522904,True,True,True,1360,0.49850525547845725,0.9970105109569145,0.69314271203092,Binary entropy is monotone-equivalent to classifier margin.,null,null,null,null,null,null,null,null,null,null,null,null
branin,optimized_iso_gpc,classifier_gated_diversity,classifier_gated_diversity,2,1,6,7,315,141.56671189566478,False,False,False,315,0.49829333522650954,0.9965866704530191,0.6931413551393353,null,0.1,25,150,0.5,9,0.9666323743253508,0.5211936576283148,0.9658587023612168,0.9662455383432837,null,null,null
branin,optimized_iso_gpc,classifier_gated_diversity,classifier_gated_diversity,2,2,7,8,720,19.988102912238155,False,False,False,716,0.5002230327671537,0.9995539344656925,0.6931470810727116,null,0.1,25,150,0.5,0,1.0,0.44905094375494065,0.8770663554057715,0.9385331777028858,null,null,null
branin,optimized_iso_gpc,classifier_gated_diversity,classifier_gated_diversity,2,3,8,9,464,68.21767038106266,False,False,False,461,0.5010457341683252,0.9979085316633496,0.6931449934384493,null,0.1,25,150,0.5,1,0.9959189950764198,0.1806644354474994,0.3215408898971382,0.658729942486779,null,null,null
branin,optimized_iso_gpc,classifier_gated_diversity,classifier_gated_diversity,2,4,9,10,414,244.4638281273451,False,False,False,412,0.4942524356469544,0.9885048712939088,0.6930811101128463,null,0.1,25,150,0.5,14,0.8554879461918247,0.5109996280077108,1.0,0.9277439730959123,null,null,null
branin,optimized_iso_gpc,classifier_gated_diversity,classifier_gated_diversity,2,5,10,11,586,4.855952239349179,True,True,True,580,0.49884327268914186,0.9976865453782837,0.6931445045214149,null,0.1,25,149,0.5,6,0.9750507057056675,0.38106142922805525,0.9198627653467694,0.9474567355262185,null,null,null
branin,optimized_iso_gpc,classifier_gated_diversity,classifier_gated_diversity,2,6,11,12,1183,116.68350791372171,False,False,False,1174,0.5156241215245743,0.9687517569508515,0.6926588747270774,null,0.1,25,149,0.5,55,0.5898969864335507,0.40561042606851955,1.0,0.7949484932167754,null,null,null
branin,optimized_iso_gpc,classifier_gated_diversity,classifier_gated_diversity,2,7,12,13,1314,3.2703685191886507,True,True,True,1304,0.49485893227800304,0.9897178645560061,0.6930943184738277,null,0.1,25,149,0.5,10,0.8876006028116294,0.27279512416861584,0.9697721137850253,0.9286863582983274,null,null,null
branin,optimized_iso_gpc,classifier_gated_diversity,classifier_gated_diversity,2,8,13,14,605,43.56273543604814,False,False,False,598,0.504702301816403,0.9905953963671941,0.6931029566232776,null,0.1,25,149,0.5,14,0.9029262855310575,0.23006725510083395,0.9089530602305036,0.9059396728807805,null,null,null
branin,optimized_iso_gpc,classifier_gated_diversity,classifier_gated_diversity,2,9,14,15,962,17.58321042492141,False,False,False,953,0.49553227909785846,0.9910645581957169,0.6931072589685792,null,0.1,25,149,0.5,17,0.924605544427391,0.19470443414588656,0.8429419336088859,0.8837737390181384,null,null,null
branin,optimized_iso_gpc,classifier_gated_diversity,classifier_gated_diversity,2,10,15,16,467,21.225148315445246,False,False,False,462,0.500386405563907,0.999227188872186,0.693146881941396,null,0.1,25,149,0.5,1,0.9997967563407871,0.1955037824959887,0.8769658029859747,0.9383812796633809,null,null,null
branin,optimized_iso_gpc,classifier_gated_diversity,classifier_gated_diversity,2,11,16,17,927,96.49080341194399,False,False,False,917,0.4922419659336139,0.9844839318672278,0.6930268015443484,null,0.1,25,149,0.5,15,0.8706375201432499,0.18478582497395896,0.8219914677124143,0.8463144939278321,null,null,null
branin,optimized_iso_gpc,classifier_gated_diversity,classifier_gated_diversity,2,12,17,18,1460,31.23943404518205,False,False,False,1444,0.5037139967126052,0.9925720065747896,0.6931195927630864,null,0.1,25,149,0.5,16,0.9375606565132614,0.15209667811715236,0.7364802337017108,0.8370204451074861,null,null,null
branin,optimized_iso_gpc,classifier_gated_diversity,classifier_gated_diversity,2,13,18,19,1068,6.800197165835289,False,True,True,1055,0.5014169518989884,0.9971660962020232,0.6931431650492024,null,0.1,25,149,0.5,6,0.974619573456796,0.1874162613001833,0.8648293577688312,0.9197244656128136,null,null,null
branin,optimized_iso_gpc,classifier_gated_diversity,classifier_gated_diversity,2,14,19,20,500,13.67855067140841,False,False,False,494,0.5007842660613167,0.9984314678773667,0.693145950412931,null,0.1,25,149,0.5,1,0.9900413609282479,0.1441417737396998,0.8537640392736882,0.9219027001009681,null,null,null
branin,optimized_iso_gpc,classifier_gated_diversity,classifier_gated_diversity,2,15,20,21,105,22.051823079532298,False,False,False,105,0.5081907240793591,0.9836185518412819,0.6930129986363534,null,0.1,25,148,0.5,23,0.8855971982358178,0.16725189224777137,0.9979365898382607,0.9417668940370393,null,null,null
branin,optimized_iso_gpc,classifier_gated_diversity,classifier_gated_diversity,2,16,21,22,644,13.335420401051302,False,False,False,633,0.4990843606933941,0.9981687213867882,0.6931455037683285,null,0.1,25,148,0.5,3,0.9870431410462193,0.13436003328579452,0.9115860595381284,0.9493146002921738,null,null,null
branin,optimized_iso_gpc,classifier_gated_diversity,classifier_gated_diversity,2,17,22,23,1404,4.7238152960877855,True,True,True,1385,0.5130334717160814,0.9739330565678372,0.6928073993044865,null,0.1,25,148,0.5,33,0.8027095529435393,0.13232965127793644,0.9476020239969443,0.8751557884702418,null,null,null
branin,optimized_iso_gpc,classifier_gated_diversity,classifier_gated_diversity,2,18,23,24,48,22.517411259890213,False,False,False,48,0.5013929026452453,0.9972141947095094,0.693143300199368,null,0.1,25,148,0.5,5,0.9838088858473588,0.1210037017265994,0.7275643389164483,0.8556866123819036,null,null,null
branin,optimized_iso_gpc,classifier_gated_diversity,classifier_gated_diversity,2,19,24,25,779,0.2322674846948658,True,True,True,765,0.5244669767828398,0.9510660464343204,0.6919494363806995,null,0.1,25,148,0.5,37,0.7035549511426001,0.11873211000517572,0.9375042152130372,0.8205295831778187,null,null,null
branin,optimized_iso_gpc,classifier_gated_diversity,classifier_gated_diversity,2,20,25,26,621,14.112884359468381,False,False,False,609,0.4932839423035116,0.9865678846070232,0.6930569669851179,null,0.1,25,148,0.5,13,0.9110373021403962,0.09431414301316851,0.8792417509772007,0.8951395265587985,null,null,null
branin,optimized_iso_gpc,classifier_gated_diversity,classifier_gated_diversity,2,21,26,27,1364,19.41157450736233,False,False,False,1342,0.5018486708081231,0.9963026583837538,0.6931403453768584,null,0.1,25,148,0.5,2,0.9824134367101164,0.08308409563967241,0.7616786585022819,0.8720460476061991,null,null,null
branin,optimized_iso_gpc,classifier_gated_diversity,classifier_gated_diversity,2,22,27,28,793,69.64503523085426,False,False,False,777,0.48670914509395047,0.9734182901879009,0.6927938452944471,null,0.1,25,148,0.5,20,0.8529518291747744,0.11772246397950122,1.0,0.9264759145873872,null,null,null
branin,optimized_iso_gpc,classifier_gated_diversity,classifier_gated_diversity,2,23,28,29,549,12.937487832279565,False,False,False,539,0.49902017702289414,0.9980403540457883,0.6931452604525834,null,0.1,25,148,0.5,3,0.9934556642968205,0.07473134195697041,0.6934482263049434,0.843451945300882,null,null,null
branin,optimized_iso_gpc,classifier_gated_diversity,classifier_gated_diversity,2,24,29,30,1052,0.7470721628825316,True,True,True,1032,0.505079773355062,0.9898404532898759,0.6930955714774292,null,0.1,25,148,0.5,7,0.9390872474552963,0.10991518733646401,0.9612966203192083,0.9501919338872522,null,null,null
branin,optimized_iso_gpc,classifier_gated_diversity,classifier_gated_diversity,2,25,30,31,611,0.30453982769838106,True,True,True,598,0.4955225813129758,0.9910451626259515,0.6931070854678725,null,0.1,25,147,0.5,6,0.9529706801833501,0.09348166799596355,0.5697122168355497,0.7613414485094498,null,null,null
branin,optimized_iso_gpc,classifier_gated_diversity,classifier_gated_diversity,2,26,31,32,561,2.380708121395042,True,True,True,550,0.4901026843897931,0.9802053687795862,0.6929512540513026,null,0.1,25,147,0.5,13,0.8993977018787349,0.07897445827810544,0.7966196830529013,0.8480086924658181,null,null,null
branin,optimized_iso_gpc,classifier_gated_diversity,classifier_gated_diversity,2,27,32,33,313,8.128773149909044,False,True,True,311,0.5285891060652403,0.9428217878695193,0.6915116147021889,null,0.1,25,147,0.5,36,0.7186738563627734,0.08769858735421841,0.9300171616926137,0.8243455090276935,null,null,null
branin,optimized_iso_gpc,classifier_gated_diversity,classifier_gated_diversity,2,28,33,34,772,14.046783464577617,False,False,False,753,0.49375180024343557,0.9875036004868711,0.6930690985272604,null,0.1,25,147,0.5,8,0.9591303171243912,0.08892416045687708,1.0,0.9795651585621956,null,null,null
branin,optimized_iso_gpc,classifier_gated_diversity,classifier_gated_diversity,2,29,34,35,901,17.2967512740738,False,False,False,879,0.49071392985845463,0.9814278597169093,0.6929747084468265,null,0.1,25,147,0.5,10,0.9090313561463,0.06726429346447253,0.7477488735473798,0.82839011484684,null,null,null
branin,optimized_iso_gpc,classifier_gated_diversity,classifier_gated_diversity,2,30,35,36,1360,106.87910098987385,False,False,False,1330,0.5001635963697908,0.9996728072604184,0.6931471270323999,null,0.1,25,147,0.5,3,0.9604165236328354,0.2612510036026194,1.0,0.9802082618164176,null,null,null
branin,optimized_iso_gpc,classifier_gated_diversity,classifier_gated_diversity,2,31,36,37,528,19.344278903062154,False,False,False,517,0.49949253676889827,0.9989850735377965,0.6931466655219951,null,0.1,25,147,0.5,0,1.0,0.061172592139885164,0.5697250433752278,0.784862521687614,null,null,null
branin,optimized_iso_gpc,classifier_gated_diversity,classifier_gated_diversity,2,32,37,38,981,27.38263107830828,False,False,False,955,0.48973222403839856,0.9794644480767971,0.6929363112911837,null,0.1,25,147,0.5,14,0.9004297989177975,0.14458051302217026,0.7912861890029215,0.8458579939603594,null,null,null
branin,optimized_iso_gpc,classifier_gated_diversity,classifier_gated_diversity,2,33,38,39,244,12.126779055329372,False,False,True,242,0.5043822224860701,0.9912355550278598,0.6931087723203769,null,0.1,25,147,0.5,10,0.9518885161821676,0.12945573066647803,0.6800677488984482,0.8159781325403079,null,null,null
branin,optimized_iso_gpc,classifier_gated_diversity,classifier_gated_diversity,2,34,39,40,1410,3.6561563044778005,True,True,True,1374,0.50605524396771,0.9878895120645801,0.6930738468082978,null,0.1,25,147,0.5,10,0.9228697793086037,0.13548623162720091,0.9358361631739751,0.9293529712412893,null,null,null
branin,optimized_iso_gpc,classifier_gated_diversity,classifier_gated_diversity,2,35,40,41,168,21.341045245057437,False,False,False,166,0.4989090490600949,0.9978180981201898,0.69314480021015,null,0.1,25,146,0.5,1,0.9995706023344116,0.09390326562416416,0.7053623820764605,0.8524664922054361,null,null,null
branin,optimized_iso_gpc,classifier_gated_diversity,classifier_gated_diversity,2,36,41,42,293,12.95736715028891,False,False,False,289,0.48562504300722864,0.9712500860144573,0.6927338448309096,null,0.1,25,146,0.5,19,0.8571736060913746,0.09404643967327757,0.9416857431886705,0.8994296746400225,null,null,null
branin,optimized_iso_gpc,classifier_gated_diversity,classifier_gated_diversity,2,37,42,43,1326,4.668936945419105,True,True,True,1291,0.5013317301565836,0.9973365396868328,0.6931436335453316,null,0.1,25,146,0.5,0,1.0,0.05916962268465708,0.6593365255747918,0.8296682627873959,null,null,null
branin,optimized_iso_gpc,classifier_gated_diversity,classifier_gated_diversity,2,38,43,44,973,1.9209441973576489,True,True,True,944,0.5030405915186362,0.9939188169627275,0.6931286900524124,null,0.1,25,146,0.5,3,0.9753258717205441,0.053326756794010846,0.6708690162365956,0.8230974439785699,null,null,null
branin,optimized_iso_gpc,classifier_gated_diversity,classifier_gated_diversity,2,39,44,45,98,1.8274240759666966,True,True,True,97,0.4981962992899587,0.9963925985799174,0.6931406738733301,null,0.1,25,146,0.5,2,0.9871399478796946,0.05820060840829549,0.7628170172605737,0.8749784825701341,null,null,null
branin,optimized_iso_gpc,classifier_gated_diversity,classifier_gated_diversity,2,40,45,46,357,2.459410492360796,True,True,True,349,0.5044470456769936,0.9911059086460128,0.6931076276079573,null,0.1,25,146,0.5,7,0.9752133707667552,0.0551547244292207,0.7206481253497667,0.847930748058261,null,null,null
branin,optimized_iso_gpc,classifier_gated_diversity,classifier_gated_diversity,2,41,46,47,557,10.19207506258546,False,False,True,539,0.48386276343471124,0.9677255268694225,0.6926262692962182,null,0.1,25,146,0.5,19,0.8609784438930187,0.06065340618844702,0.8378563977654157,0.8494174208292171,null,null,null
branin,optimized_iso_gpc,classifier_gated_diversity,classifier_gated_diversity,2,42,47,48,534,8.684153080634829,False,True,True,517,0.5014435892447207,0.9971128215105587,0.6931430126543399,null,0.1,25,146,0.5,1,0.9902940717792579,0.05694957818238901,0.68731119371969,0.838802632749474,null,null,null
branin,optimized_iso_gpc,classifier_gated_diversity,classifier_gated_diversity,2,43,48,49,122,4.352005580938126,True,True,True,119,0.4893353794937312,0.9786707589874624,0.6929196950484506,null,0.1,25,146,0.5,16,0.8839870515267928,0.07604036753528781,1.0,0.9419935257633965,null,null,null
branin,optimized_iso_gpc,classifier_gated_diversity,classifier_gated_diversity,2,44,49,50,932,17.243556982614706,False,False,False,899,0.48776854812160764,0.9755370962432153,0.692847933879122,null,0.1,25,146,0.5,15,0.8576157760012102,0.07305420751673271,0.8431198537229622,0.8503678148620861,null,null,null
branin,optimized_iso_gpc,classifier_uncertainty_repulsion,classifier_uncertainty_repulsion,2,1,6,7,461,139.94670385749743,False,False,False,459,0.5006278812622977,0.9987442374754045,0.693146392089979,null,0.1,25,150,null,2,0.9933202416308603,null,null,0.9901795515491778,0.15,0.5089670671009134,0.9968381897901063
branin,optimized_iso_gpc,classifier_uncertainty_repulsion,classifier_uncertainty_repulsion,2,2,7,8,1163,20.734428815644577,False,False,False,1158,0.49900736427428183,0.9980147285485637,0.6931452099072828,null,0.1,25,150,null,4,0.9763393148052533,null,null,0.9693856539738235,0.15,0.4717037064160885,0.992877823594744
branin,optimized_iso_gpc,classifier_uncertainty_repulsion,classifier_uncertainty_repulsion,2,3,8,9,365,40.46804418499062,False,False,False,365,0.48934119617545235,0.9786823923509047,0.692919943149203,null,0.1,25,150,null,20,0.8747269973446985,null,null,0.6277328956259866,0.15,0.23854691783859186,0.7176329272236004
branin,optimized_iso_gpc,classifier_uncertainty_repulsion,classifier_uncertainty_repulsion,2,4,9,10,137,40.169166414666634,False,False,False,137,0.4895448479824118,0.9790896959648236,0.692928544218109,null,0.1,25,150,null,20,0.8668476140955058,null,null,0.6472762550989536,0.15,0.24858271554070813,0.7467013170179174
branin,optimized_iso_gpc,classifier_uncertainty_repulsion,classifier_uncertainty_repulsion,2,5,10,11,414,244.4638281273451,False,False,False,411,0.4817471666995843,0.9634943333991686,0.6924807006346333,null,0.1,25,149,null,43,0.6714461171098625,null,null,0.6694187188416746,0.15,0.5109996280077108,0.9969805495682743
branin,optimized_iso_gpc,classifier_uncertainty_repulsion,classifier_uncertainty_repulsion,2,6,11,12,1351,13.276864712033984,False,False,False,1342,0.5000173821753129,0.9999652356493742,0.6931471799556652,null,0.1,25,149,null,0,1.0,null,null,0.896717466905428,0.15,0.31962934046219327,0.896717466905428
branin,optimized_iso_gpc,classifier_uncertainty_repulsion,classifier_uncertainty_repulsion,2,7,12,13,1036,25.26461543459094,False,False,False,1029,0.49570421772322604,0.9914084354464521,0.6931102726151387,null,0.1,25,149,null,24,0.8548567135165083,null,null,0.616990417806587,0.15,0.23992734543801264,0.721747174761671
branin,optimized_iso_gpc,classifier_uncertainty_repulsion,classifier_uncertainty_repulsion,2,8,13,14,129,83.80983866256979,False,False,False,129,0.5003492608105459,0.9993014783789083,0.693146936593698,null,0.1,25,149,null,1,0.9997796956657025,null,null,0.6806092767366743,0.15,0.2266747433531711,0.6807592509502718
branin,optimized_iso_gpc,classifier_uncertainty_repulsion,classifier_uncertainty_repulsion,2,9,14,15,249,5.78088372576001,False,True,True,247,0.4988020749294577,0.9976041498589154,0.6931443105082503,null,0.1,25,149,null,12,0.9608014471452728,null,null,0.5656259842114283,0.15,0.19994925739667416,0.5887022609010557
branin,optimized_iso_gpc,classifier_uncertainty_repulsion,classifier_uncertainty_repulsion,2,10,15,16,757,31.96241885450071,False,False,False,748,0.5046350764643446,0.9907298470713108,0.6931042120768509,null,0.1,25,149,null,21,0.8693231922635637,null,null,0.4799559525397258,0.15,0.190114808570327,0.5521030116428913
branin,optimized_iso_gpc,classifier_uncertainty_repulsion,classifier_uncertainty_repulsion,2,11,16,17,1044,8.793682940383164,False,True,True,1033,0.4872258996920742,0.9744517993841484,0.69282078977073,null,0.1,25,149,null,24,0.8211212455474171,null,null,0.41179028780298527,0.15,0.1769932323821151,0.5014975437987321
branin,optimized_iso_gpc,classifier_uncertainty_repulsion,classifier_uncertainty_repulsion,2,12,17,18,1088,19.941768769559395,False,False,False,1075,0.5076659354477098,0.9846681291045805,0.6930296428222562,null,0.1,25,149,null,17,0.8425487973872803,null,null,0.4532886586943437,0.15,0.18640887195631473,0.5379969208904919
branin,optimized_iso_gpc,classifier_uncertainty_repulsion,classifier_uncertainty_repulsion,2,13,18,19,459,20.366570936715277,False,False,False,452,0.49198037536407213,0.9839607507281443,0.6930185462856562,null,0.1,25,149,null,14,0.909794250636944,null,null,0.34046829848608956,0.15,0.1452392542134129,0.3742255990821318
branin,optimized_iso_gpc,classifier_uncertainty_repulsion,classifier_uncertainty_repulsion,2,14,19,20,1221,20.919510979859062,False,False,False,1205,0.4921024144444086,0.9842048288888172,0.6930224316572137,null,0.1,25,149,null,14,0.8978195188117527,null,null,0.290385978481135,0.15,0.13259971089933276,0.323434690822333
branin,optimized_iso_gpc,classifier_uncertainty_repulsion,classifier_uncertainty_repulsion,2,15,20,21,125,7.685912435709724,False,True,True,125,0.500870321557277,0.9982593568854461,0.6931456656399542,null,0.1,25,148,null,3,0.9919430053550666,null,null,0.27791583734537423,0.15,0.1216285688852995,0.28017319124690443
branin,optimized_iso_gpc,classifier_uncertainty_repulsion,classifier_uncertainty_repulsion,2,16,21,22,1348,71.84446364238364,False,False,False,1330,0.5118321287145591,0.9763357425708818,0.6928671558811932,null,0.1,25,148,null,29,0.8475812823270554,null,null,0.30396227583213864,0.15,0.14137260829249523,0.3586231576487894
branin,optimized_iso_gpc,classifier_uncertainty_repulsion,classifier_uncertainty_repulsion,2,17,22,23,669,30.61838902451288,False,False,False,658,0.5017604832320472,0.9964790335359055,0.6931409819447171,null,0.1,25,148,null,3,0.9934713814413779,null,null,0.27234711626368774,0.15,0.12007381146300472,0.27413685119802134
branin,optimized_iso_gpc,classifier_uncertainty_repulsion,classifier_uncertainty_repulsion,2,18,23,24,1043,4.121096727300042,True,True,True,1029,0.49836390527856267,0.9967278105571253,0.6931418269385166,null,0.1,25,148,null,2,0.9856650597878397,null,null,0.2442193411830655,0.15,0.11319080841757846,0.24777112545273006
branin,optimized_iso_gpc,classifier_uncertainty_repulsion,classifier_uncertainty_repulsion,2,19,24,25,330,3.2011990658723306,True,True,True,326,0.4815570100038613,0.9631140200077226,0.6924667384521216,null,0.1,25,148,null,25,0.785313170248917,null,null,0.2106663400923769,0.15,0.11855257141852608,0.2682577449014423
branin,optimized_iso_gpc,classifier_uncertainty_repulsion,classifier_uncertainty_repulsion,2,20,25,26,786,4.508287361702866,True,True,True,772,0.5103214917095258,0.9793570165809484,0.692934099042718,null,0.1,25,148,null,17,0.8615143189737371,null,null,0.19655695141624382,0.15,0.10795181157240367,0.22815285490598536
branin,optimized_iso_gpc,classifier_uncertainty_repulsion,classifier_uncertainty_repulsion,2,21,26,27,586,4.855952239349179,True,True,True,574,0.5191295744477813,0.9617408511044374,0.6924151206681665,null,0.1,25,148,null,29,0.7468072776368804,null,null,0.1724519379135677,0.15,0.10869751696080868,0.23091893059646762
branin,optimized_iso_gpc,classifier_uncertainty_repulsion,classifier_uncertainty_repulsion,2,22,27,28,9,9.357906858834045,False,False,True,9,0.47347177704399,0.94694355408798,0.6917390262431413,null,0.1,25,148,null,45,0.6555459924018813,null,null,0.17218545107550212,0.15,0.11709719559651664,0.2626596044689785
branin,optimized_iso_gpc,classifier_uncertainty_repulsion,classifier_uncertainty_repulsion,2,23,28,29,1052,0.7470721628825316,True,True,True,1032,0.5069656694192375,0.986068661161525,0.6930501363197936,null,0.1,25,148,null,10,0.9292856068711266,null,null,0.15484907614068139,0.15,0.09056831031295766,0.1666323840547289
branin,optimized_iso_gpc,classifier_uncertainty_repulsion,classifier_uncertainty_repulsion,2,24,29,30,1183,116.68350791372171,False,False,False,1159,0.566626602487446,0.866746795025108,0.68424250963838,null,0.1,25,148,null,100,0.31199281515701105,null,null,0.30205495643012564,0.15,0.3938251974849713,0.9681471551776467
branin,optimized_iso_gpc,classifier_uncertainty_repulsion,classifier_uncertainty_repulsion,2,25,30,31,557,10.19207506258546,False,False,True,544,0.4793818411843205,0.958763682368641,0.6922967224937215,null,0.1,25,147,null,29,0.7820464545584258,null,null,0.16760936032452856,0.15,0.10418417105458798,0.21432148863735645
branin,optimized_iso_gpc,classifier_uncertainty_repulsion,classifier_uncertainty_repulsion,2,26,31,32,1355,38.704170705294075,False,False,False,1326,0.4759671319589103,0.9519342639178205,0.6919915778595496,null,0.1,25,147,null,40,0.7413363663686248,null,null,0.13401956741216386,0.15,0.09472684530081327,0.18078105094000407
branin,optimized_iso_gpc,classifier_uncertainty_repulsion,classifier_uncertainty_repulsion,2,27,32,33,1114,11.562881084907659,False,False,True,1090,0.5000070230392594,0.9999859539214813,0.6931471804612992,null,0.1,25,147,null,0,1.0,null,null,0.13964728403423077,0.15,0.08227136654957266,0.13964728403423077
branin,optimized_iso_gpc,classifier_uncertainty_repulsion,classifier_uncertainty_repulsion,2,28,33,34,981,27.38263107830828,False,False,False,963,0.4511168031042132,0.9022336062084264,0.6883604040506948,null,0.1,25,147,null,73,0.49106882864032514,null,null,0.1261059967220824,0.15,0.11556597735134658,0.256799025650326
branin,optimized_iso_gpc,classifier_uncertainty_repulsion,classifier_uncertainty_repulsion,2,29,34,35,460,84.82026619823641,False,False,False,449,0.5080924399523195,0.9838151200953611,0.6930161996724173,null,0.1,25,147,null,58,0.46031198193236506,null,null,0.3602965573728279,0.15,0.2620994139042285,0.7827225262751628
branin,optimized_iso_gpc,classifier_uncertainty_repulsion,classifier_uncertainty_repulsion,2,30,35,36,456,16.5184970075277,False,False,False,446,0.47505176394833626,0.9501035278966725,0.6919018345476329,null,0.1,25,147,null,55,0.6801349280494826,null,null,0.18041141520003245,0.15,0.11777364047809373,0.2652582712042496
branin,optimized_iso_gpc,classifier_uncertainty_repulsion,classifier_uncertainty_repulsion,2,31,36,37,789,0.24819204359436853,True,True,True,769,0.4951641274902858,0.9903282549805716,0.693100408504872,null,0.1,25,147,null,10,0.9229304041208294,null,null,0.22217245607569275,0.15,0.11132209302326261,0.2407250374282892
branin,optimized_iso_gpc,classifier_uncertainty_repulsion,classifier_uncertainty_repulsion,2,32,37,38,687,21.134979018192247,False,False,False,669,0.5114052230656476,0.9771895538687048,0.6928869997681266,null,0.1,25,147,null,17,0.8600556177969346,null,null,0.16504657605268938,0.15,0.09791960565957775,0.19190221264464558
branin,optimized_iso_gpc,classifier_uncertainty_repulsion,classifier_uncertainty_repulsion,2,33,38,39,293,12.95736715028891,False,False,False,288,0.4881828444508365,0.976365688901673,0.6928678642225583,null,0.1,25,147,null,20,0.8706762322865441,null,null,0.1561557044024347,0.15,0.09431134999529014,0.17934991057737182
branin,optimized_iso_gpc,classifier_uncertainty_repulsion,classifier_uncertainty_repulsion,2,34,39,40,1476,14.817226257049956,False,False,False,1438,0.48762100686793275,0.9752420137358655,0.6928406703005581,null,0.1,25,147,null,14,0.8746739533959536,null,null,0.1068717042129075,0.15,0.07657907098267237,0.12218461953505555
branin,optimized_iso_gpc,classifier_uncertainty_repulsion,classifier_uncertainty_repulsion,2,35,40,41,840,1.2101381472269281,True,True,True,817,0.5047877930465834,0.9904244139068332,0.6931013339347896,null,0.1,25,146,null,5,0.9742395555228545,null,null,0.10452254798110006,0.15,0.07146342044290632,0.10728629051096672
branin,optimized_iso_gpc,classifier_uncertainty_repulsion,classifier_uncertainty_repulsion,2,36,41,42,1314,3.2703685191886507,True,True,True,1279,0.5025491029512148,0.9949017940975704,0.6931341846519355,null,0.1,25,146,null,6,0.9752703243060667,null,null,0.1165194375163818,0.15,0.0756677708389969,0.11947399055670926
branin,optimized_iso_gpc,classifier_uncertainty_repulsion,classifier_uncertainty_repulsion,2,37,42,43,228,6.108156406748122,False,True,True,224,0.46873095337434023,0.9374619067486805,0.6911903973392761,null,0.1,25,146,null,44,0.6745360396058686,null,null,0.09424305450232369,0.15,0.0822930084441861,0.13971537318805072
branin,optimized_iso_gpc,classifier_uncertainty_repulsion,classifier_uncertainty_repulsion,2,38,43,44,395,5.099070056375169,False,True,True,386,0.4910420156707467,0.9820840313414934,0.692986681006573,null,0.1,25,146,null,11,0.9137092091410124,null,null,0.0880727173862909,0.15,0.067535915403748,0.09639031379478924
branin,optimized_iso_gpc,classifier_uncertainty_repulsion,classifier_uncertainty_repulsion,2,39,44,45,518,12.85973044964404,False,False,True,501,0.49545408267567304,0.9909081653513461,0.6931058492618776,null,0.1,25,146,null,4,0.9624926087046677,null,null,0.18127136031096497,0.15,0.09690231929543457,0.1883353271199888
branin,optimized_iso_gpc,classifier_uncertainty_repulsion,classifier_uncertainty_repulsion,2,40,45,46,98,1.8274240759666966,True,True,True,97,0.4883511552987905,0.976702310597581,0.6928757648378127,null,0.1,25,146,null,13,0.8938121082836882,null,null,0.08064081585567869,0.15,0.06522975694027064,0.09022121663861371
branin,optimized_iso_gpc,classifier_uncertainty_repulsion,classifier_uncertainty_repulsion,2,41,46,47,950,16.708298458150807,False,False,False,922,0.5339726045950712,0.9320547908098575,0.6908371255005733,null,0.1,25,146,null,42,0.6821081587514868,null,null,0.0721226647297397,0.15,0.07091465056731992,0.10573493925325739
branin,optimized_iso_gpc,classifier_uncertainty_repulsion,classifier_uncertainty_repulsion,2,42,47,48,462,10.77625589883241,False,False,True,444,0.46930476178661706,0.9386095235732341,0.6912615998254659,null,0.1,25,146,null,34,0.7381615968645969,null,null,0.07171871518169057,0.15,0.06781869085123837,0.09715855645474081
branin,optimized_iso_gpc,classifier_uncertainty_repulsion,classifier_uncertainty_repulsion,2,43,48,49,915,1.4098910382029999,True,True,True,886,0.4894816046719548,0.9789632093439096,0.69292589095588,null,0.1,25,146,null,10,0.9082563590645293,null,null,0.06560065712245568,0.15,0.05808243975285157,0.07222702760927757
branin,optimized_iso_gpc,classifier_uncertainty_repulsion,classifier_uncertainty_repulsion,2,44,49,50,788,172.73663600060323,False,False,False,761,0.502722136674989,0.994555726650022,0.6931323604305784,null,0.1,25,146,null,27,0.7425195840995049,null,null,0.42320217395346116,0.15,0.19486883535096416,0.5699542247989353
branin,optimized_ard_gpc,random,random,2,1,6,7,1259,14.691915870658462,False,False,False,1255,0.3688645913583741,0.7377291827167483,0.6583486307074058,null,null,null,null,null,null,null,null,null,null,null,null,null
branin,optimized_ard_gpc,random,random,2,2,7,8,922,32.28052786694077,False,False,False,919,0.5546586166619107,0.8906827666761785,0.6871600938343743,null,null,null,null,null,null,null,null,null,null,null,null,null
branin,optimized_ard_gpc,random,random,2,3,8,9,1423,24.7709624991165,False,False,False,1417,0.4516714814026983,0.9033429628053966,0.6884685881670889,null,null,null,null,null,null,null,null,null,null,null,null,null
branin,optimized_ard_gpc,random,random,2,4,9,10,1289,4.380933433463731,True,True,True,1283,0.23985792978021436,0.4797158595604287,0.550916111319378,null,null,null,null,null,null,null,null,null,null,null,null,null
branin,optimized_ard_gpc,random,random,2,5,10,11,1493,10.48263179760577,False,False,True,1483,0.3387086039894598,0.6774172079789196,0.6401751841699932,null,null,null,null,null,null,null,null,null,null,null,null,null
branin,optimized_ard_gpc,random,random,2,6,11,12,291,37.30661453182347,False,False,False,291,0.7062249331124804,0.5875501337750393,0.6054972984334004,null,null,null,null,null,null,null,null,null,null,null,null,null
branin,optimized_ard_gpc,random,random,2,7,12,13,1308,71.95509703009078,False,False,False,1300,0.6550989351900398,0.6898021296199204,0.6442329276646335,null,null,null,null,null,null,null,null,null,null,null,null,null
branin,optimized_ard_gpc,random,random,2,8,13,14,399,18.90473893486641,False,False,False,398,0.26696364281434626,0.5339272856286925,0.5802153673149234,null,null,null,null,null,null,null,null,null,null,null,null,null
branin,optimized_ard_gpc,random,random,2,9,14,15,472,5.867029370225062,False,True,True,468,0.5640866100625601,0.8718267798748798,0.6849103533141911,null,null,null,null,null,null,null,null,null,null,null,null,null
branin,optimized_ard_gpc,random,random,2,10,15,16,587,8.501933264559334,False,True,True,581,0.2534141072345619,0.5068282144691238,0.5660549353568617,null,null,null,null,null,null,null,null,null,null,null,null,null
branin,optimized_ard_gpc,random,random,2,11,16,17,1277,146.29516542633814,False,False,False,1267,0.6834024414164332,0.6331951171671335,0.6242781422221731,null,null,null,null,null,null,null,null,null,null,null,null,null
branin,optimized_ard_gpc,random,random,2,12,17,18,659,3.0312825074517207,True,True,True,652,0.37263671870803705,0.7452734374160741,0.6603440885692455,null,null,null,null,null,null,null,null,null,null,null,null,null
branin,optimized_ard_gpc,random,random,2,13,18,19,332,24.45731558391694,False,False,False,331,0.42264571035926224,0.8452914207185245,0.6811316059748098,null,null,null,null,null,null,null,null,null,null,null,null,null
branin,optimized_ard_gpc,random,random,2,14,19,20,1110,19.859085115567737,False,False,False,1099,0.26759791390742294,0.5351958278148459,0.580855006287406,null,null,null,null,null,null,null,null,null,null,null,null,null
branin,optimized_ard_gpc,random,random,2,15,20,21,154,22.95303880788001,False,False,False,154,0.384701251719207,0.769402503438414,0.6663187846897405,null,null,null,null,null,null,null,null,null,null,null,null,null
branin,optimized_ard_gpc,random,random,2,16,21,22,1260,4.055027585545254,True,True,True,1246,0.40656474584022817,0.8131294916804563,0.67558381989828,null,null,null,null,null,null,null,null,null,null,null,null,null
branin,optimized_ard_gpc,random,random,2,17,22,23,434,99.41626896515746,False,False,False,428,0.8501071186997251,0.2997857626005498,0.4225232345898624,null,null,null,null,null,null,null,null,null,null,null,null,null
branin,optimized_ard_gpc,random,random,2,18,23,24,483,1.5424866396327488,True,True,True,475,0.2760148748545248,0.5520297497090496,0.5891500165721001,null,null,null,null,null,null,null,null,null,null,null,null,null
branin,optimized_ard_gpc,random,random,2,19,24,25,793,69.64503523085426,False,False,False,781,0.5597475539095029,0.8805048921809941,0.6859905513558173,null,null,null,null,null,null,null,null,null,null,null,null,null
branin,optimized_ard_gpc,random,random,2,20,25,26,445,12.788653294509285,False,False,True,438,0.38702183658381273,0.7740436731676255,0.6673972595693796,null,null,null,null,null,null,null,null,null,null,null,null,null
branin,optimized_ard_gpc,random,random,2,21,26,27,146,10.078411772423728,False,False,True,146,0.2575184315310821,0.5150368630621642,0.5704452377389244,null,null,null,null,null,null,null,null,null,null,null,null,null
branin,optimized_ard_gpc,random,random,2,22,27,28,17,2.641325276087411,True,True,True,17,0.18528289940206832,0.37056579880413665,0.47931036612119515,null,null,null,null,null,null,null,null,null,null,null,null,null
branin,optimized_ard_gpc,random,random,2,23,28,29,194,25.644358239762298,False,False,False,191,0.30835737460319024,0.6167147492063805,0.6177800547898992,null,null,null,null,null,null,null,null,null,null,null,null,null
branin,optimized_ard_gpc,random,random,2,24,29,30,817,18.47258207177685,False,False,False,800,0.7320897612123645,0.5358204775752711,0.5811692199630318,null,null,null,null,null,null,null,null,null,null,null,null,null
branin,optimized_ard_gpc,random,random,2,25,30,31,882,6.674416779132727,False,True,True,864,0.4998070386139707,0.9996140772279414,0.6931471060917505,null,null,null,null,null,null,null,null,null,null,null,null,null
branin,optimized_ard_gpc,random,random,2,26,31,32,668,13.606145243693202,False,False,False,652,0.28872977923936105,0.5774595584787221,0.6010104257249809,null,null,null,null,null,null,null,null,null,null,null,null,null
branin,optimized_ard_gpc,random,random,2,27,32,33,360,116.11249929839934,False,False,False,354,0.7607231645671391,0.47855367086572187,0.5502449165494425,null,null,null,null,null,null,null,null,null,null,null,null,null
branin,optimized_ard_gpc,random,random,2,28,33,34,40,98.19976632471095,False,False,False,39,0.7863718000334075,0.4272563999331851,0.5187242571327452,null,null,null,null,null,null,null,null,null,null,null,null,null
branin,optimized_ard_gpc,random,random,2,29,34,35,1297,3.665944082938509,True,True,True,1268,0.36062891477843095,0.7212578295568619,0.653779191662488,null,null,null,null,null,null,null,null,null,null,null,null,null
branin,optimized_ard_gpc,random,random,2,30,35,36,1216,16.37245419173179,False,False,False,1191,0.6156364636453588,0.7687270727092823,0.666159938816441,null,null,null,null,null,null,null,null,null,null,null,null,null
branin,optimized_ard_gpc,random,random,2,31,36,37,1181,9.21393080959411,False,False,True,1156,0.4654534874637335,0.930906974927467,0.6907583547334442,null,null,null,null,null,null,null,null,null,null,null,null,null
branin,optimized_ard_gpc,random,random,2,32,37,38,1313,23.650130914020362,False,False,False,1280,0.2963957117671612,0.5927914235343223,0.6077793942992963,null,null,null,null,null,null,null,null,null,null,null,null,null
branin,optimized_ard_gpc,random,random,2,33,38,39,522,58.195101693024085,False,False,False,507,0.9145515701910654,0.17089685961786927,0.2918787033086443,null,null,null,null,null,null,null,null,null,null,null,null,null
branin,optimized_ard_gpc,random,random,2,34,39,40,836,15.742476589675206,False,False,False,814,0.7050429409413823,0.5899141181172354,0.6065306823340673,null,null,null,null,null,null,null,null,null,null,null,null,null
branin,optimized_ard_gpc,random,random,2,35,40,41,1436,7.6470870456065825,False,True,True,1399,0.3528926894570077,0.7057853789140154,0.6492189600086073,null,null,null,null,null,null,null,null,null,null,null,null,null
branin,optimized_ard_gpc,random,random,2,36,41,42,106,79.22399778304167,False,False,False,104,0.893684249353214,0.212631501293572,0.3387425110089135,null,null,null,null,null,null,null,null,null,null,null,null,null
branin,optimized_ard_gpc,random,random,2,37,42,43,142,12.058147922619227,False,False,True,139,0.6985441320360906,0.6029117359278189,0.6120928139643772,null,null,null,null,null,null,null,null,null,null,null,null,null
branin,optimized_ard_gpc,random,random,2,38,43,44,681,14.005758686245574,False,False,False,659,0.29253254214648905,0.5850650842929781,0.6044037321366048,null,null,null,null,null,null,null,null,null,null,null,null,null
branin,optimized_ard_gpc,random,random,2,39,44,45,78,7.220566421423193,False,True,True,76,0.6610399383986305,0.677920123202739,0.6403432818641958,null,null,null,null,null,null,null,null,null,null,null,null,null
branin,optimized_ard_gpc,random,random,2,40,45,46,883,36.49770666472867,False,False,False,855,0.9070211778621342,0.18595764427573158,0.30937608771498204,null,null,null,null,null,null,null,null,null,null,null,null,null
branin,optimized_ard_gpc,random,random,2,41,46,47,246,0.5099221551810409,True,True,True,238,0.2825931039392344,0.5651862078784688,0.5953857587928866,null,null,null,null,null,null,null,null,null,null,null,null,null
branin,optimized_ard_gpc,random,random,2,42,47,48,646,5.9231299680974985,False,True,True,624,0.12060551924923857,0.24121103849847714,0.3681297125564993,null,null,null,null,null,null,null,null,null,null,null,null,null
branin,optimized_ard_gpc,random,random,2,43,48,49,492,59.53539576492234,False,False,False,473,0.8586440623851104,0.28271187522977925,0.40741729030191565,null,null,null,null,null,null,null,null,null,null,null,null,null
branin,optimized_ard_gpc,random,random,2,44,49,50,858,62.7035817331146,False,False,False,828,0.9263545331124305,0.1472909337751389,0.26296816479120655,null,null,null,null,null,null,null,null,null,null,null,null,null
branin,optimized_ard_gpc,classifier_margin,classifier_margin,2,1,6,7,126,16.641882385840383,False,False,False,126,0.499952962339471,0.999905924678942,0.6931471761348622,null,null,null,null,null,null,null,null,null,null,null,null,null
branin,optimized_ard_gpc,classifier_margin,classifier_margin,2,2,7,8,943,134.4566863963415,False,False,False,939,0.49999833827195067,0.9999966765439013,0.6931471805544226,null,null,null,null,null,null,null,null,null,null,null,null,null
branin,optimized_ard_gpc,classifier_margin,classifier_margin,2,3,8,9,1102,28.490447530106053,False,False,False,1096,0.5000106645101366,0.9999786709797267,0.6931471803324818,null,null,null,null,null,null,null,null,null,null,null,null,null
branin,optimized_ard_gpc,classifier_margin,classifier_margin,2,4,9,10,1460,31.23943404518205,False,False,False,1452,0.5008906928843952,0.9982186142312095,0.6931455938914775,null,null,null,null,null,null,null,null,null,null,null,null,null
branin,optimized_ard_gpc,classifier_margin,classifier_margin,2,5,10,11,1298,36.479265122762484,False,False,False,1291,0.5001879140531178,0.9996241718937644,0.6931471099365609,null,null,null,null,null,null,null,null,null,null,null,null,null
branin,optimized_ard_gpc,classifier_margin,classifier_margin,2,6,11,12,276,7.6659009427228,False,True,True,275,0.49898444945166176,0.9979688989033235,0.6931451178726946,null,null,null,null,null,null,null,null,null,null,null,null,null
branin,optimized_ard_gpc,classifier_margin,classifier_margin,2,7,12,13,738,3.232091478986103,True,True,True,733,0.498379675544423,0.996759351088846,0.693141929648072,null,null,null,null,null,null,null,null,null,null,null,null,null
branin,optimized_ard_gpc,classifier_margin,classifier_margin,2,8,13,14,1281,21.24607750201084,False,False,False,1272,0.4993137422413745,0.998627484482749,0.693146238660227,null,null,null,null,null,null,null,null,null,null,null,null,null
branin,optimized_ard_gpc,classifier_margin,classifier_margin,2,9,14,15,1365,21.825594671282825,False,False,False,1354,0.5008940158395652,0.9982119683208697,0.6931455820304507,null,null,null,null,null,null,null,null,null,null,null,null,null
branin,optimized_ard_gpc,classifier_margin,classifier_margin,2,10,15,16,1141,11.619436088468575,False,False,True,1132,0.500577177566774,0.998845644866452,0.6931465142919102,null,null,null,null,null,null,null,null,null,null,null,null,null
branin,optimized_ard_gpc,classifier_margin,classifier_margin,2,11,16,17,974,20.5616811613598,False,False,False,967,0.49960240179766335,0.9992048035953267,0.6931468643912511,null,null,null,null,null,null,null,null,null,null,null,null,null
branin,optimized_ard_gpc,classifier_margin,classifier_margin,2,12,17,18,322,5.373622992521973,False,True,True,320,0.5005547932999919,0.9988904134000163,0.6931465649686075,null,null,null,null,null,null,null,null,null,null,null,null,null
branin,optimized_ard_gpc,classifier_margin,classifier_margin,2,13,18,19,323,6.4046145083793675,False,True,True,320,0.4998107687522253,0.9996215375044506,0.6931471089430132,null,null,null,null,null,null,null,null,null,null,null,null,null
branin,optimized_ard_gpc,classifier_margin,classifier_margin,2,14,19,20,637,11.728864504324768,False,False,True,630,0.4999153432160358,0.9998306864320716,0.693147166226403,null,null,null,null,null,null,null,null,null,null,null,null,null
branin,optimized_ard_gpc,classifier_margin,classifier_margin,2,15,20,21,1066,9.428196728082526,False,False,True,1054,0.5010638974008987,0.9978722051982025,0.6931449168028778,null,null,null,null,null,null,null,null,null,null,null,null,null
branin,optimized_ard_gpc,classifier_margin,classifier_margin,2,16,21,22,64,13.02802465623683,False,False,False,64,0.4994910371145036,0.9989820742290072,0.6931466624734182,null,null,null,null,null,null,null,null,null,null,null,null,null
branin,optimized_ard_gpc,classifier_margin,classifier_margin,2,17,22,23,237,14.449158069365506,False,False,False,235,0.49762265947575646,0.9952453189515129,0.6931358770214188,null,null,null,null,null,null,null,null,null,null,null,null,null
branin,optimized_ard_gpc,classifier_margin,classifier_margin,2,18,23,24,113,2.209873687523668,True,True,True,112,0.5000832422756653,0.9998335154486695,0.6931471667013924,null,null,null,null,null,null,null,null,null,null,null,null,null
branin,optimized_ard_gpc,classifier_margin,classifier_margin,2,19,24,25,1260,4.055027585545254,True,True,True,1242,0.49945036407825016,0.9989007281565003,0.6931465763605307,null,null,null,null,null,null,null,null,null,null,null,null,null
branin,optimized_ard_gpc,classifier_margin,classifier_margin,2,20,25,26,160,1.5050698531965878,True,True,True,157,0.499488001421609,0.998976002843218,0.6931466562747651,null,null,null,null,null,null,null,null,null,null,null,null,null
branin,optimized_ard_gpc,classifier_margin,classifier_margin,2,21,26,27,583,17.320449659158974,False,False,False,572,0.5001110477745694,0.9997779044508612,0.6931471558967286,null,null,null,null,null,null,null,null,null,null,null,null,null
branin,optimized_ard_gpc,classifier_margin,classifier_margin,2,22,27,28,489,5.007833900792768,False,True,True,479,0.49984476092728525,0.9996895218545705,0.6931471323616052,null,null,null,null,null,null,null,null,null,null,null,null,null
branin,optimized_ard_gpc,classifier_margin,classifier_margin,2,23,28,29,414,244.4638281273451,False,False,False,405,0.49739882351963693,0.9947976470392739,0.6931336482607402,null,null,null,null,null,null,null,null,null,null,null,null,null
branin,optimized_ard_gpc,classifier_margin,classifier_margin,2,24,29,30,193,18.247086167120806,False,False,False,189,0.5003252940213466,0.9993494119573068,0.6931469689275298,null,null,null,null,null,null,null,null,null,null,null,null,null
branin,optimized_ard_gpc,classifier_margin,classifier_margin,2,25,30,31,1165,43.545450198084836,False,False,False,1142,0.4995016551132593,0.9990033102265186,0.6931466838646108,null,null,null,null,null,null,null,null,null,null,null,null,null
branin,optimized_ard_gpc,classifier_margin,classifier_margin,2,26,31,32,1386,8.844238078038131,False,True,True,1358,0.5006406239396339,0.9987187521207321,0.6931463597616567,null,null,null,null,null,null,null,null,null,null,null,null,null
branin,optimized_ard_gpc,classifier_margin,classifier_margin,2,27,32,33,1388,9.14681050825915,False,True,True,1359,0.4998190798559305,0.999638159711861,0.6931471150957469,null,null,null,null,null,null,null,null,null,null,null,null,null
branin,optimized_ard_gpc,classifier_margin,classifier_margin,2,28,33,34,174,8.881157372450357,False,True,True,170,0.4988196391893096,0.9976392783786192,0.6931443940540702,null,null,null,null,null,null,null,null,null,null,null,null,null
branin,optimized_ard_gpc,classifier_margin,classifier_margin,2,29,34,35,1104,11.417831462267902,False,False,True,1081,0.49961804665760956,0.9992360933152191,0.6931468887832054,null,null,null,null,null,null,null,null,null,null,null,null,null
branin,optimized_ard_gpc,classifier_margin,classifier_margin,2,30,35,36,46,21.91468485979979,False,False,False,46,0.4991014153316409,0.9982028306632817,0.6931455656502636,null,null,null,null,null,null,null,null,null,null,null,null,null
branin,optimized_ard_gpc,classifier_margin,classifier_margin,2,31,36,37,770,8.132977310233585,False,True,True,751,0.4998121072285124,0.9996242144570248,0.6931471099525566,null,null,null,null,null,null,null,null,null,null,null,null,null
branin,optimized_ard_gpc,classifier_margin,classifier_margin,2,32,37,38,1307,11.048511913928493,False,False,True,1276,0.4989948802114712,0.9979897604229424,0.6931451600270059,null,null,null,null,null,null,null,null,null,null,null,null,null
branin,optimized_ard_gpc,classifier_margin,classifier_margin,2,33,38,39,965,6.351086494006928,False,True,True,944,0.49990783188189125,0.9998156637637825,0.6931471635700213,null,null,null,null,null,null,null,null,null,null,null,null,null
branin,optimized_ard_gpc,classifier_margin,classifier_margin,2,34,39,40,1463,0.4666065708920577,True,True,True,1425,0.4998415452647038,0.9996830905294076,0.6931471303441381,null,null,null,null,null,null,null,null,null,null,null,null,null
branin,optimized_ard_gpc,classifier_margin,classifier_margin,2,35,40,41,128,2.9232518894668758,True,True,True,124,0.5000259998120383,0.9999480003759234,0.6931471792079649,null,null,null,null,null,null,null,null,null,null,null,null,null
branin,optimized_ard_gpc,classifier_margin,classifier_margin,2,36,41,42,353,3.7877151335867865,True,True,True,341,0.5000095656481918,0.9999808687036165,0.6931471803769421,null,null,null,null,null,null,null,null,null,null,null,null,null
branin,optimized_ard_gpc,classifier_margin,classifier_margin,2,37,42,43,1183,116.68350791372171,False,False,False,1152,0.5000179127945057,0.9999641744109886,0.693147179918209,null,null,null,null,null,null,null,null,null,null,null,null,null
branin,optimized_ard_gpc,classifier_margin,classifier_margin,2,38,43,44,892,2.1434851781644184,True,True,True,870,0.5014160250069999,0.9971679499860002,0.6931431703009436,null,null,null,null,null,null,null,null,null,null,null,null,null
branin,optimized_ard_gpc,classifier_margin,classifier_margin,2,39,44,45,825,11.874248396850838,False,False,True,803,0.4988509589768828,0.9977019179537656,0.6931445399670755,null,null,null,null,null,null,null,null,null,null,null,null,null
branin,optimized_ard_gpc,classifier_margin,classifier_margin,2,40,45,46,1415,2.2876982208591805,True,True,True,1374,0.5027934643077394,0.9944130713845212,0.6931315735930754,null,null,null,null,null,null,null,null,null,null,null,null,null
branin,optimized_ard_gpc,classifier_margin,classifier_margin,2,41,46,47,915,1.4098910382029999,True,True,True,891,0.5026705887743361,0.9946588224513278,0.69313291640332,null,null,null,null,null,null,null,null,null,null,null,null,null
branin,optimized_ard_gpc,classifier_margin,classifier_margin,2,42,47,48,1184,3.889903432642633,True,True,True,1149,0.4995737610655592,0.9991475221311183,0.6931468172006429,null,null,null,null,null,null,null,null,null,null,null,null,null
branin,optimized_ard_gpc,classifier_margin,classifier_margin,2,43,48,49,880,4.083156216043392,True,True,True,857,0.49833490899340305,0.9966698179868061,0.6931416354935755,null,null,null,null,null,null,null,null,null,null,null,null,null
branin,optimized_ard_gpc,classifier_margin,classifier_margin,2,44,49,50,1283,0.5106496474422642,True,True,True,1244,0.49716817305688554,0.9943363461137711,0.6931311419865283,null,null,null,null,null,null,null,null,null,null,null,null,null
branin,optimized_ard_gpc,classifier_entropy,classifier_entropy,2,1,6,7,126,16.641882385840383,False,False,False,126,0.499952962339471,0.999905924678942,0.6931471761348622,Binary entropy is monotone-equivalent to classifier margin.,null,null,null,null,null,null,null,null,null,null,null,null
branin,optimized_ard_gpc,classifier_entropy,classifier_entropy,2,2,7,8,943,134.4566863963415,False,False,False,939,0.49999833827195067,0.9999966765439013,0.6931471805544226,Binary entropy is monotone-equivalent to classifier margin.,null,null,null,null,null,null,null,null,null,null,null,null
branin,optimized_ard_gpc,classifier_entropy,classifier_entropy,2,3,8,9,1102,28.490447530106053,False,False,False,1096,0.5000106645101366,0.9999786709797267,0.6931471803324818,Binary entropy is monotone-equivalent to classifier margin.,null,null,null,null,null,null,null,null,null,null,null,null
branin,optimized_ard_gpc,classifier_entropy,classifier_entropy,2,4,9,10,1460,31.23943404518205,False,False,False,1452,0.5008906928843952,0.9982186142312095,0.6931455938914775,Binary entropy is monotone-equivalent to classifier margin.,null,null,null,null,null,null,null,null,null,null,null,null
branin,optimized_ard_gpc,classifier_entropy,classifier_entropy,2,5,10,11,1298,36.479265122762484,False,False,False,1291,0.5001879140531178,0.9996241718937644,0.6931471099365609,Binary entropy is monotone-equivalent to classifier margin.,null,null,null,null,null,null,null,null,null,null,null,null
branin,optimized_ard_gpc,classifier_entropy,classifier_entropy,2,6,11,12,276,7.6659009427228,False,True,True,275,0.49898444945166176,0.9979688989033235,0.6931451178726946,Binary entropy is monotone-equivalent to classifier margin.,null,null,null,null,null,null,null,null,null,null,null,null
branin,optimized_ard_gpc,classifier_entropy,classifier_entropy,2,7,12,13,738,3.232091478986103,True,True,True,733,0.498379675544423,0.996759351088846,0.693141929648072,Binary entropy is monotone-equivalent to classifier margin.,null,null,null,null,null,null,null,null,null,null,null,null
branin,optimized_ard_gpc,classifier_entropy,classifier_entropy,2,8,13,14,1281,21.24607750201084,False,False,False,1272,0.4993137422413745,0.998627484482749,0.693146238660227,Binary entropy is monotone-equivalent to classifier margin.,null,null,null,null,null,null,null,null,null,null,null,null
branin,optimized_ard_gpc,classifier_entropy,classifier_entropy,2,9,14,15,1365,21.825594671282825,False,False,False,1354,0.5008940158395652,0.9982119683208697,0.6931455820304507,Binary entropy is monotone-equivalent to classifier margin.,null,null,null,null,null,null,null,null,null,null,null,null
branin,optimized_ard_gpc,classifier_entropy,classifier_entropy,2,10,15,16,1141,11.619436088468575,False,False,True,1132,0.500577177566774,0.998845644866452,0.6931465142919102,Binary entropy is monotone-equivalent to classifier margin.,null,null,null,null,null,null,null,null,null,null,null,null
branin,optimized_ard_gpc,classifier_entropy,classifier_entropy,2,11,16,17,974,20.5616811613598,False,False,False,967,0.49960240179766335,0.9992048035953267,0.6931468643912511,Binary entropy is monotone-equivalent to classifier margin.,null,null,null,null,null,null,null,null,null,null,null,null
branin,optimized_ard_gpc,classifier_entropy,classifier_entropy,2,12,17,18,322,5.373622992521973,False,True,True,320,0.5005547932999919,0.9988904134000163,0.6931465649686075,Binary entropy is monotone-equivalent to classifier margin.,null,null,null,null,null,null,null,null,null,null,null,null
branin,optimized_ard_gpc,classifier_entropy,classifier_entropy,2,13,18,19,323,6.4046145083793675,False,True,True,320,0.4998107687522253,0.9996215375044506,0.6931471089430132,Binary entropy is monotone-equivalent to classifier margin.,null,null,null,null,null,null,null,null,null,null,null,null
branin,optimized_ard_gpc,classifier_entropy,classifier_entropy,2,14,19,20,637,11.728864504324768,False,False,True,630,0.4999153432160358,0.9998306864320716,0.693147166226403,Binary entropy is monotone-equivalent to classifier margin.,null,null,null,null,null,null,null,null,null,null,null,null
branin,optimized_ard_gpc,classifier_entropy,classifier_entropy,2,15,20,21,1066,9.428196728082526,False,False,True,1054,0.5010638974008987,0.9978722051982025,0.6931449168028778,Binary entropy is monotone-equivalent to classifier margin.,null,null,null,null,null,null,null,null,null,null,null,null
branin,optimized_ard_gpc,classifier_entropy,classifier_entropy,2,16,21,22,64,13.02802465623683,False,False,False,64,0.4994910371145036,0.9989820742290072,0.6931466624734182,Binary entropy is monotone-equivalent to classifier margin.,null,null,null,null,null,null,null,null,null,null,null,null
branin,optimized_ard_gpc,classifier_entropy,classifier_entropy,2,17,22,23,237,14.449158069365506,False,False,False,235,0.49762265947575646,0.9952453189515129,0.6931358770214188,Binary entropy is monotone-equivalent to classifier margin.,null,null,null,null,null,null,null,null,null,null,null,null
branin,optimized_ard_gpc,classifier_entropy,classifier_entropy,2,18,23,24,113,2.209873687523668,True,True,True,112,0.5000832422756653,0.9998335154486695,0.6931471667013924,Binary entropy is monotone-equivalent to classifier margin.,null,null,null,null,null,null,null,null,null,null,null,null
branin,optimized_ard_gpc,classifier_entropy,classifier_entropy,2,19,24,25,1260,4.055027585545254,True,True,True,1242,0.49945036407825016,0.9989007281565003,0.6931465763605307,Binary entropy is monotone-equivalent to classifier margin.,null,null,null,null,null,null,null,null,null,null,null,null
branin,optimized_ard_gpc,classifier_entropy,classifier_entropy,2,20,25,26,160,1.5050698531965878,True,True,True,157,0.499488001421609,0.998976002843218,0.6931466562747651,Binary entropy is monotone-equivalent to classifier margin.,null,null,null,null,null,null,null,null,null,null,null,null
branin,optimized_ard_gpc,classifier_entropy,classifier_entropy,2,21,26,27,583,17.320449659158974,False,False,False,572,0.5001110477745694,0.9997779044508612,0.6931471558967286,Binary entropy is monotone-equivalent to classifier margin.,null,null,null,null,null,null,null,null,null,null,null,null
branin,optimized_ard_gpc,classifier_entropy,classifier_entropy,2,22,27,28,489,5.007833900792768,False,True,True,479,0.49984476092728525,0.9996895218545705,0.6931471323616052,Binary entropy is monotone-equivalent to classifier margin.,null,null,null,null,null,null,null,null,null,null,null,null
branin,optimized_ard_gpc,classifier_entropy,classifier_entropy,2,23,28,29,414,244.4638281273451,False,False,False,405,0.49739882351963693,0.9947976470392739,0.6931336482607402,Binary entropy is monotone-equivalent to classifier margin.,null,null,null,null,null,null,null,null,null,null,null,null
branin,optimized_ard_gpc,classifier_entropy,classifier_entropy,2,24,29,30,193,18.247086167120806,False,False,False,189,0.5003252940213466,0.9993494119573068,0.6931469689275298,Binary entropy is monotone-equivalent to classifier margin.,null,null,null,null,null,null,null,null,null,null,null,null
branin,optimized_ard_gpc,classifier_entropy,classifier_entropy,2,25,30,31,1165,43.545450198084836,False,False,False,1142,0.4995016551132593,0.9990033102265186,0.6931466838646108,Binary entropy is monotone-equivalent to classifier margin.,null,null,null,null,null,null,null,null,null,null,null,null
branin,optimized_ard_gpc,classifier_entropy,classifier_entropy,2,26,31,32,1386,8.844238078038131,False,True,True,1358,0.5006406239396339,0.9987187521207321,0.6931463597616567,Binary entropy is monotone-equivalent to classifier margin.,null,null,null,null,null,null,null,null,null,null,null,null
branin,optimized_ard_gpc,classifier_entropy,classifier_entropy,2,27,32,33,1388,9.14681050825915,False,True,True,1359,0.4998190798559305,0.999638159711861,0.6931471150957469,Binary entropy is monotone-equivalent to classifier margin.,null,null,null,null,null,null,null,null,null,null,null,null
branin,optimized_ard_gpc,classifier_entropy,classifier_entropy,2,28,33,34,174,8.881157372450357,False,True,True,170,0.4988196391893096,0.9976392783786192,0.6931443940540702,Binary entropy is monotone-equivalent to classifier margin.,null,null,null,null,null,null,null,null,null,null,null,null
branin,optimized_ard_gpc,classifier_entropy,classifier_entropy,2,29,34,35,1104,11.417831462267902,False,False,True,1081,0.49961804665760956,0.9992360933152191,0.6931468887832054,Binary entropy is monotone-equivalent to classifier margin.,null,null,null,null,null,null,null,null,null,null,null,null
branin,optimized_ard_gpc,classifier_entropy,classifier_entropy,2,30,35,36,46,21.91468485979979,False,False,False,46,0.4991014153316409,0.9982028306632817,0.6931455656502636,Binary entropy is monotone-equivalent to classifier margin.,null,null,null,null,null,null,null,null,null,null,null,null
branin,optimized_ard_gpc,classifier_entropy,classifier_entropy,2,31,36,37,770,8.132977310233585,False,True,True,751,0.4998121072285124,0.9996242144570248,0.6931471099525566,Binary entropy is monotone-equivalent to classifier margin.,null,null,null,null,null,null,null,null,null,null,null,null
branin,optimized_ard_gpc,classifier_entropy,classifier_entropy,2,32,37,38,1307,11.048511913928493,False,False,True,1276,0.4989948802114712,0.9979897604229424,0.6931451600270059,Binary entropy is monotone-equivalent to classifier margin.,null,null,null,null,null,null,null,null,null,null,null,null
branin,optimized_ard_gpc,classifier_entropy,classifier_entropy,2,33,38,39,965,6.351086494006928,False,True,True,944,0.49990783188189125,0.9998156637637825,0.6931471635700213,Binary entropy is monotone-equivalent to classifier margin.,null,null,null,null,null,null,null,null,null,null,null,null
branin,optimized_ard_gpc,classifier_entropy,classifier_entropy,2,34,39,40,1463,0.4666065708920577,True,True,True,1425,0.4998415452647038,0.9996830905294076,0.6931471303441381,Binary entropy is monotone-equivalent to classifier margin.,null,null,null,null,null,null,null,null,null,null,null,null
branin,optimized_ard_gpc,classifier_entropy,classifier_entropy,2,35,40,41,128,2.9232518894668758,True,True,True,124,0.5000259998120383,0.9999480003759234,0.6931471792079649,Binary entropy is monotone-equivalent to classifier margin.,null,null,null,null,null,null,null,null,null,null,null,null
branin,optimized_ard_gpc,classifier_entropy,classifier_entropy,2,36,41,42,353,3.7877151335867865,True,True,True,341,0.5000095656481918,0.9999808687036165,0.6931471803769421,Binary entropy is monotone-equivalent to classifier margin.,null,null,null,null,null,null,null,null,null,null,null,null
branin,optimized_ard_gpc,classifier_entropy,classifier_entropy,2,37,42,43,1183,116.68350791372171,False,False,False,1152,0.5000179127945057,0.9999641744109886,0.693147179918209,Binary entropy is monotone-equivalent to classifier margin.,null,null,null,null,null,null,null,null,null,null,null,null
branin,optimized_ard_gpc,classifier_entropy,classifier_entropy,2,38,43,44,892,2.1434851781644184,True,True,True,870,0.5014160250069999,0.9971679499860002,0.6931431703009436,Binary entropy is monotone-equivalent to classifier margin.,null,null,null,null,null,null,null,null,null,null,null,null
branin,optimized_ard_gpc,classifier_entropy,classifier_entropy,2,39,44,45,825,11.874248396850838,False,False,True,803,0.4988509589768828,0.9977019179537656,0.6931445399670755,Binary entropy is monotone-equivalent to classifier margin.,null,null,null,null,null,null,null,null,null,null,null,null
branin,optimized_ard_gpc,classifier_entropy,classifier_entropy,2,40,45,46,1415,2.2876982208591805,True,True,True,1374,0.5027934643077394,0.9944130713845212,0.6931315735930754,Binary entropy is monotone-equivalent to classifier margin.,null,null,null,null,null,null,null,null,null,null,null,null
branin,optimized_ard_gpc,classifier_entropy,classifier_entropy,2,41,46,47,915,1.4098910382029999,True,True,True,891,0.5026705887743361,0.9946588224513278,0.69313291640332,Binary entropy is monotone-equivalent to classifier margin.,null,null,null,null,null,null,null,null,null,null,null,null
branin,optimized_ard_gpc,classifier_entropy,classifier_entropy,2,42,47,48,1184,3.889903432642633,True,True,True,1149,0.4995737610655592,0.9991475221311183,0.6931468172006429,Binary entropy is monotone-equivalent to classifier margin.,null,null,null,null,null,null,null,null,null,null,null,null
branin,optimized_ard_gpc,classifier_entropy,classifier_entropy,2,43,48,49,880,4.083156216043392,True,True,True,857,0.49833490899340305,0.9966698179868061,0.6931416354935755,Binary entropy is monotone-equivalent to classifier margin.,null,null,null,null,null,null,null,null,null,null,null,null
branin,optimized_ard_gpc,classifier_entropy,classifier_entropy,2,44,49,50,1283,0.5106496474422642,True,True,True,1244,0.49716817305688554,0.9943363461137711,0.6931311419865283,Binary entropy is monotone-equivalent to classifier margin.,null,null,null,null,null,null,null,null,null,null,null,null
branin,optimized_ard_gpc,classifier_gated_diversity,classifier_gated_diversity,2,1,6,7,685,113.94338640265272,False,False,False,682,0.49985862956564064,0.9997172591312813,0.6931471405887453,null,0.1,25,150,0.5,4,0.983642125791318,0.5283786349586519,0.9805462427204912,0.9820941842559046,null,null,null
branin,optimized_ard_gpc,classifier_gated_diversity,classifier_gated_diversity,2,2,7,8,414,244.4638281273451,False,False,False,413,0.4811573386204344,0.9623146772408688,0.6924369206118861,null,0.1,25,150,0.5,55,0.5759416340657677,0.5109996280077108,1.0,0.7879708170328839,null,null,null
branin,optimized_ard_gpc,classifier_gated_diversity,classifier_gated_diversity,2,3,8,9,416,12.891342880939497,False,False,False,414,0.5001401103845472,0.9997197792309056,0.6931471412981051,null,0.1,25,150,0.5,1,0.9990626518297439,0.3069911329544132,0.7318047215970452,0.8654336867133945,null,null,null
branin,optimized_ard_gpc,classifier_gated_diversity,classifier_gated_diversity,2,4,9,10,307,10.354069234064482,False,False,True,307,0.5007015961466581,0.9985968077066838,0.6931461960853162,null,0.1,25,150,0.5,4,0.9784801265107678,0.30971382559155697,0.7000197263791544,0.8392499264449611,null,null,null
branin,optimized_ard_gpc,classifier_gated_diversity,classifier_gated_diversity,2,5,10,11,726,27.264515632582643,False,False,False,719,0.5008440304429096,0.9983119391141808,0.6931457557844916,null,0.1,25,149,0.5,2,0.9879035729930072,0.23899155925010904,0.35433091128456284,0.671117242138785,null,null,null
branin,optimized_ard_gpc,classifier_gated_diversity,classifier_gated_diversity,2,6,11,12,1147,3.649746837100473,True,True,True,1138,0.5013191911920356,0.9973616176159288,0.693143700025105,null,0.1,25,149,0.5,1,0.9942724842681124,0.22318364529351412,0.3337813757194979,0.6640269299938052,null,null,null
branin,optimized_ard_gpc,classifier_gated_diversity,classifier_gated_diversity,2,7,12,13,635,47.14910128855439,False,False,False,629,0.4985295607643243,0.9970591215286486,0.6931428561706202,null,0.1,25,149,0.5,5,0.9732179760388743,0.22587091371224396,0.35227732452040045,0.6627476502796373,null,null,null
branin,optimized_ard_gpc,classifier_gated_diversity,classifier_gated_diversity,2,8,13,14,155,31.47986526386228,False,False,False,155,0.5026710991734955,0.994657801653009,0.693132910950482,null,0.1,25,149,0.5,4,0.9587849970452179,0.25677294000532586,0.9959384849247339,0.977361740984976,null,null,null
branin,optimized_ard_gpc,classifier_gated_diversity,classifier_gated_diversity,2,9,14,15,145,66.72865613938716,False,False,False,145,0.5030935692821581,0.9938128614356838,0.6931280400960189,null,0.1,25,149,0.5,8,0.9541074907956052,0.20200832787914422,0.3285377946947096,0.6413226427451574,null,null,null
branin,optimized_ard_gpc,classifier_gated_diversity,classifier_gated_diversity,2,10,15,16,1221,20.919510979859062,False,False,False,1208,0.5012378583457604,0.9975242833084792,0.6931441159702463,null,0.1,25,149,0.5,3,0.9870508205554573,0.16525645778236914,0.7816316857163524,0.884341253135905,null,null,null
branin,optimized_ard_gpc,classifier_gated_diversity,classifier_gated_diversity,2,11,16,17,882,6.674416779132727,False,True,True,871,0.4977000375798566,0.9954000751597132,0.6931366008683671,null,0.1,25,149,0.5,3,0.9666422760471985,0.1682483425278587,0.27789529567856036,0.6222687858628795,null,null,null
branin,optimized_ard_gpc,classifier_gated_diversity,classifier_gated_diversity,2,12,17,18,1183,116.68350791372171,False,False,False,1169,0.556014589223139,0.8879708215537221,0.6868587194735087,null,0.1,25,149,0.5,92,0.3356309198318581,0.4935887478671619,1.0,0.667815459915929,null,null,null
branin,optimized_ard_gpc,classifier_gated_diversity,classifier_gated_diversity,2,13,18,19,985,22.1107156201535,False,False,False,973,0.5009386183403408,0.9981227633193184,0.6931454185501328,null,0.1,25,149,0.5,0,1.0,0.1671049379952021,0.9774313129980975,0.9887156564990487,null,null,null
branin,optimized_ard_gpc,classifier_gated_diversity,classifier_gated_diversity,2,14,19,20,1454,0.6690783537536937,True,True,True,1436,0.5019165173024289,0.9961669653951422,0.6931398344648159,null,0.1,25,149,0.5,3,0.9903631573332542,0.14765019625388992,0.860956946371262,0.9256600518522581,null,null,null
branin,optimized_ard_gpc,classifier_gated_diversity,classifier_gated_diversity,2,15,20,21,1422,44.187836254455604,False,False,False,1405,0.4992337499554531,0.9984674999109062,0.6931460062812241,null,0.1,25,148,0.5,2,0.9927517496924804,0.14422384742532193,0.8404417974757878,0.916596773584134,null,null,null
branin,optimized_ard_gpc,classifier_gated_diversity,classifier_gated_diversity,2,16,21,22,782,6.648016444936616,False,True,True,771,0.497779521576204,0.995559043152408,0.6931373194786705,null,0.1,25,148,0.5,4,0.9795455733225712,0.12796458745000128,0.8936396775772552,0.9365926254499132,null,null,null
branin,optimized_ard_gpc,classifier_gated_diversity,classifier_gated_diversity,2,17,22,23,1424,0.8315115988419564,True,True,True,1405,0.5047893096727893,0.9904213806544213,0.6931013048841315,null,0.1,25,148,0.5,8,0.9251897646260396,0.16623503477954435,0.8701951556308568,0.8976924601284482,null,null,null
branin,optimized_ard_gpc,classifier_gated_diversity,classifier_gated_diversity,2,18,23,24,1440,7.224304492876996,False,True,True,1420,0.4991399590571757,0.9982799181143514,0.6931457012183692,null,0.1,25,148,0.5,1,0.996562833592265,0.13343486304637606,0.9325635526980426,0.9645631931451538,null,null,null
branin,optimized_ard_gpc,classifier_gated_diversity,classifier_gated_diversity,2,19,24,25,571,9.901281350722435,False,False,True,563,0.4926287653201271,0.9852575306402542,0.6930385064217872,null,0.1,25,148,0.5,23,0.8634848069363696,0.13843560909044147,0.904970152588297,0.8842274797623333,null,null,null
branin,optimized_ard_gpc,classifier_gated_diversity,classifier_gated_diversity,2,20,25,26,1371,98.1552292660793,False,False,False,1352,0.49749833304622637,0.9949966660924527,0.6931346638326272,null,0.1,25,148,0.5,5,0.9792636234447633,0.09165339911484786,0.7180308366636746,0.8486472300542189,null,null,null
branin,optimized_ard_gpc,classifier_gated_diversity,classifier_gated_diversity,2,21,26,27,313,8.128773149909044,False,True,True,310,0.5092564830591861,0.9814870338816277,0.6929758058127036,null,0.1,25,148,0.5,16,0.888440667365068,0.1013028242652275,0.7909543619033036,0.8396975146341858,null,null,null
branin,optimized_ard_gpc,classifier_gated_diversity,classifier_gated_diversity,2,22,27,28,379,16.814884644778886,False,False,False,375,0.5015112151536205,0.996977569692759,0.6931426130105101,null,0.1,25,148,0.5,2,0.9866007217457625,0.08858683183245321,0.6899585725082933,0.838279647127028,null,null,null
branin,optimized_ard_gpc,classifier_gated_diversity,classifier_gated_diversity,2,23,28,29,1314,3.2703685191886507,True,True,True,1293,0.48330372120026155,0.9666074424005231,0.692589545448413,null,0.1,25,148,0.5,24,0.783036844283908,0.10713537498007286,0.9139047079362684,0.8484707761100883,null,null,null
branin,optimized_ard_gpc,classifier_gated_diversity,classifier_gated_diversity,2,24,29,30,533,2.7338124275017677,True,True,True,523,0.4902945484354255,0.980589096870851,0.6929587771475548,null,0.1,25,148,0.5,19,0.884789700007415,0.09746529866945816,0.9359781878944419,0.9103839439509285,null,null,null
branin,optimized_ard_gpc,classifier_gated_diversity,classifier_gated_diversity,2,25,30,31,872,4.779996498188169,True,True,True,856,0.5054532804022518,0.9890934391954964,0.6930877028464453,null,0.1,25,147,0.5,12,0.9309365408943024,0.09440801681469664,0.7573652919706324,0.8441509164324674,null,null,null
branin,optimized_ard_gpc,classifier_gated_diversity,classifier_gated_diversity,2,26,31,32,1484,3.219783350336101,True,True,True,1453,0.49932118712309403,0.9986423742461881,0.6931462589858186,null,0.1,25,147,0.5,0,1.0,0.08509549419611506,0.6998546805264313,0.8499273402632157,null,null,null
branin,optimized_ard_gpc,classifier_gated_diversity,classifier_gated_diversity,2,27,32,33,972,6.373928656128047,False,True,True,954,0.4853973481185463,0.9707946962370926,0.6927206450283672,null,0.1,25,147,0.5,13,0.8407947445218554,0.10365880812079889,0.800364744903981,0.8205797447129182,null,null,null
branin,optimized_ard_gpc,classifier_gated_diversity,classifier_gated_diversity,2,28,33,34,1469,10.971265017021523,False,False,True,1438,0.49673441958602726,0.9934688391720545,0.6931258523774342,null,0.1,25,147,0.5,4,0.9716440390128795,0.08133383462158689,0.6664918683151789,0.8190679536640293,null,null,null
branin,optimized_ard_gpc,classifier_gated_diversity,classifier_gated_diversity,2,29,34,35,1355,38.704170705294075,False,False,False,1330,0.4673359319558301,0.9346718639116602,0.6910117774621061,null,0.1,25,147,0.5,48,0.6792759897813481,0.1189369014371621,1.0,0.839637994890674,null,null,null
branin,optimized_ard_gpc,classifier_gated_diversity,classifier_gated_diversity,2,30,35,36,228,6.108156406748122,False,True,True,226,0.5058379513752591,0.9883240972494818,0.6930790156585935,null,0.1,25,147,0.5,9,0.9455671881648312,0.08214832756409426,0.6602667989039885,0.8029169935344098,null,null,null
branin,optimized_ard_gpc,classifier_gated_diversity,classifier_gated_diversity,2,31,36,37,1432,3.988064250258848,True,True,True,1402,0.49350153649460893,0.9870030729892179,0.6930627181260892,null,0.1,25,147,0.5,7,0.9492769257766003,0.08974514314542467,0.670978851074529,0.8101278884255647,null,null,null
branin,optimized_ard_gpc,classifier_gated_diversity,classifier_gated_diversity,2,32,37,38,1390,19.186402825857428,False,False,False,1362,0.5021662140544603,0.9956675718910795,0.6931377955639264,null,0.1,25,147,0.5,4,0.9871384613125238,0.07237178787022515,0.5744617601449239,0.7808001107287239,null,null,null
branin,optimized_ard_gpc,classifier_gated_diversity,classifier_gated_diversity,2,33,38,39,776,20.44153812784829,False,False,False,760,0.51070452610319,0.9785909477936201,0.6929179892916766,null,0.1,25,147,0.5,11,0.8976924772796422,0.07123721252502056,0.5919956831090263,0.7448440801943342,null,null,null
branin,optimized_ard_gpc,classifier_gated_diversity,classifier_gated_diversity,2,34,39,40,4,7.356864762667094,False,True,True,4,0.5165207359697632,0.9669585280604736,0.6926012117581004,null,0.1,25,147,0.5,19,0.8348726358267505,0.07410109721921872,0.6183550306543225,0.7266138332405365,null,null,null
branin,optimized_ard_gpc,classifier_gated_diversity,classifier_gated_diversity,2,35,40,41,839,2.3643629424375483,True,True,True,820,0.496644326716253,0.993288653432506,0.6931246593045013,null,0.1,25,146,0.5,4,0.9763455741532289,0.05789897333962868,0.46922981790422136,0.7227876960287252,null,null,null
branin,optimized_ard_gpc,classifier_gated_diversity,classifier_gated_diversity,2,36,41,42,495,1.8110384373222175,True,True,True,484,0.5039752733264855,0.992049453347029,0.6931155746309251,null,0.1,25,146,0.5,3,0.9717282755121076,0.0566478639551456,0.4577145403689277,0.7147214079405176,null,null,null
branin,optimized_ard_gpc,classifier_gated_diversity,classifier_gated_diversity,2,37,42,43,1391,0.6110126273900391,True,True,True,1358,0.49371517904127415,0.9874303580825483,0.693068180530622,null,0.1,25,146,0.5,4,0.9710720815727151,0.0628378957908902,0.49078634890457695,0.730929215238646,null,null,null
branin,optimized_ard_gpc,classifier_gated_diversity,classifier_gated_diversity,2,38,43,44,981,27.38263107830828,False,False,False,957,0.4290226011589766,0.8580452023179532,0.683037483406951,null,0.1,25,146,0.5,86,0.3855516911604317,0.11556597735134658,0.9545304644180399,0.6700410777892358,null,null,null
branin,optimized_ard_gpc,classifier_gated_diversity,classifier_gated_diversity,2,39,44,45,610,5.604242409541008,False,True,True,595,0.49773162321203834,0.9954632464240767,0.6931368894581387,null,0.1,25,146,0.5,2,0.9955674255809268,0.06777164813764715,0.6706614692983174,0.8331144474396222,null,null,null
branin,optimized_ard_gpc,classifier_gated_diversity,classifier_gated_diversity,2,40,45,46,395,5.099070056375169,False,True,True,388,0.5045678445252744,0.9908643109494513,0.6931054495722362,null,0.1,25,146,0.5,5,0.9685923796195296,0.05365949452816184,0.5737756551616695,0.7711840173905995,null,null,null
branin,optimized_ard_gpc,classifier_gated_diversity,classifier_gated_diversity,2,41,46,47,915,1.4098910382029999,True,True,True,890,0.49674754018106615,0.9934950803621323,0.6931260234209892,null,0.1,25,146,0.5,4,0.9733745912387327,0.05808243975285157,0.20437376407225724,0.588874177655495,null,null,null
branin,optimized_ard_gpc,classifier_gated_diversity,classifier_gated_diversity,2,42,47,48,659,3.0312825074517207,True,True,True,641,0.49735071207109094,0.9947014241421819,0.6931331430412007,null,0.1,25,146,0.5,1,0.9873129671645443,0.04702822043935023,0.16084036555336556,0.5740766663589549,null,null,null
branin,optimized_ard_gpc,classifier_gated_diversity,classifier_gated_diversity,2,43,48,49,1251,1.4240628571249871,True,True,True,1217,0.5049518655059408,0.9900962689881183,0.693098137814232,null,0.1,25,146,0.5,5,0.9645042539145899,0.05394486646423155,0.18573400804869594,0.5751191309816429,null,null,null
branin,optimized_ard_gpc,classifier_gated_diversity,classifier_gated_diversity,2,44,49,50,163,83.90893989462188,False,False,False,160,0.499982096247828,0.999964192495656,0.6931471799188567,null,0.1,25,146,0.5,0,1.0,0.23603513755906586,0.9275951144922424,0.9637975572461213,null,null,null
branin,optimized_ard_gpc,classifier_uncertainty_repulsion,classifier_uncertainty_repulsion,2,1,6,7,1125,111.00615961311524,False,False,False,1121,0.4999036372389844,0.9998072744779688,0.6931471619883818,null,0.1,25,150,null,2,0.9914467288904122,null,null,0.9884323802260544,0.15,0.5106957655668166,0.9969596463667479
branin,optimized_ard_gpc,classifier_uncertainty_repulsion,classifier_uncertainty_repulsion,2,2,7,8,557,10.19207506258546,False,False,True,554,0.5013483377404411,0.9973033245191179,0.6931435445262137,null,0.1,25,150,null,5,0.9705408004895567,null,null,0.8151309065676053,0.15,0.2871070014113152,0.8398728895853116
branin,optimized_ard_gpc,classifier_uncertainty_repulsion,classifier_uncertainty_repulsion,2,3,8,9,1331,35.96058117864439,False,False,False,1325,0.49106120444945134,0.9821224088989027,0.6929873679146143,null,0.1,25,150,null,10,0.9217769069366164,null,null,0.5446018003351359,0.15,0.20052858986249186,0.5908173618115864
branin,optimized_ard_gpc,classifier_uncertainty_repulsion,classifier_uncertainty_repulsion,2,4,9,10,981,27.38263107830828,False,False,False,977,0.5049200264653297,0.9901599470693405,0.6930987664577928,null,0.1,25,150,null,4,0.9618431042861841,null,null,0.5511332325622795,0.15,0.1956869768792803,0.5729970201026642
branin,optimized_ard_gpc,classifier_uncertainty_repulsion,classifier_uncertainty_repulsion,2,5,10,11,298,6.645695363540696,False,True,True,298,0.48976693050259,0.97953386100518,0.6929377345143105,null,0.1,25,149,null,8,0.9409385554871722,null,null,0.4027698330572761,0.15,0.158561525451524,0.4280511524461249
branin,optimized_ard_gpc,classifier_uncertainty_repulsion,classifier_uncertainty_repulsion,2,6,11,12,414,244.4638281273451,False,False,False,412,0.4924537262830775,0.984907452566155,0.6930332837416965,null,0.1,25,149,null,9,0.8872091914059883,null,null,0.8845303072299665,0.15,0.5109996280077108,0.9969805495682743
branin,optimized_ard_gpc,classifier_uncertainty_repulsion,classifier_uncertainty_repulsion,2,7,12,13,1008,9.153734584165555,False,True,True,1001,0.49281979745652116,0.9856395949130423,0.6930440663985891,null,0.1,25,149,null,15,0.8495171870671686,null,null,0.772296163182376,0.15,0.32849633031315284,0.9091001040821944
branin,optimized_ard_gpc,classifier_uncertainty_repulsion,classifier_uncertainty_repulsion,2,8,13,14,1494,53.141462674292114,False,False,False,1481,0.49777796783985284,0.9955559356797057,0.6931373056735994,null,0.1,25,149,null,8,0.9631897061830788,null,null,0.6659455401385792,0.15,0.23001378552417526,0.6913960311905568
branin,optimized_ard_gpc,classifier_uncertainty_repulsion,classifier_uncertainty_repulsion,2,9,14,15,264,28.196494968253294,False,False,False,264,0.5029803662897656,0.9940392674204688,0.6931294152883012,null,0.1,25,149,null,4,0.9592857793234263,null,null,0.555928470094504,0.15,0.19744994450173436,0.5795233100261261
branin,optimized_ard_gpc,classifier_uncertainty_repulsion,classifier_uncertainty_repulsion,2,10,15,16,249,5.78088372576001,False,True,True,249,0.4961695411053233,0.9923390822106466,0.6931178354422113,null,0.1,25,149,null,8,0.9309222513922261,null,null,0.4314459816773332,0.15,0.16738490174721635,0.46346081107427717
branin,optimized_ard_gpc,classifier_uncertainty_repulsion,classifier_uncertainty_repulsion,2,11,16,17,459,20.366570936715277,False,False,False,453,0.4898103353209109,0.9796206706418218,0.6929395076509903,null,0.1,25,149,null,17,0.8619523872665595,null,null,0.3225646485051019,0.15,0.1452392542134129,0.3742255990821318
branin,optimized_ard_gpc,classifier_uncertainty_repulsion,classifier_uncertainty_repulsion,2,12,17,18,864,17.109730456242033,False,False,False,855,0.470880845537863,0.941761691075726,0.69145037030774,null,0.1,25,149,null,51,0.6575920530849875,null,null,0.395368417451743,0.15,0.2034021070874173,0.6012366110523015
branin,optimized_ard_gpc,classifier_uncertainty_repulsion,classifier_uncertainty_repulsion,2,13,18,19,1183,116.68350791372171,False,False,False,1169,0.557166096133912,0.885667807732176,0.6865969410466245,null,0.1,25,149,null,85,0.34153212905500513,null,null,0.3400110118848181,0.15,0.4935887478671619,0.9955461959775326
branin,optimized_ard_gpc,classifier_uncertainty_repulsion,classifier_uncertainty_repulsion,2,14,19,20,299,15.730079550898687,False,False,False,296,0.5031642030382386,0.9936715939235228,0.6931271560645504,null,0.1,25,149,null,5,0.9701526912408706,null,null,0.33556788673299964,0.15,0.13820895141217102,0.3458918268873662
branin,optimized_ard_gpc,classifier_uncertainty_repulsion,classifier_uncertainty_repulsion,2,15,20,21,7,12.22607095642661,False,False,True,7,0.4982530859462968,0.9965061718925936,0.693141077130106,null,0.1,25,148,null,2,0.9937312901768605,null,null,0.3902064691200238,0.15,0.1498018195973339,0.3926679908112548
branin,optimized_ard_gpc,classifier_uncertainty_repulsion,classifier_uncertainty_repulsion,2,16,21,22,358,12.839494025208225,False,False,True,353,0.5137205262778579,0.9725589474442842,0.6927706276108478,null,0.1,25,148,null,25,0.8738614813533764,null,null,0.2182169967435567,0.15,0.11370419064185026,0.2497157746392452
branin,optimized_ard_gpc,classifier_uncertainty_repulsion,classifier_uncertainty_repulsion,2,17,22,23,818,10.179803316556452,False,False,True,806,0.5075638045584725,0.984872390883055,0.6930327539165957,null,0.1,25,148,null,12,0.9320818412519777,null,null,0.2589030765497546,0.15,0.12101006875545457,0.27776860903329526
branin,optimized_ard_gpc,classifier_uncertainty_repulsion,classifier_uncertainty_repulsion,2,18,23,24,1371,98.1552292660793,False,False,False,1351,0.47471741628120867,0.9494348325624173,0.6918682171387543,null,0.1,25,148,null,32,0.7846011250897064,null,null,0.2838085043752344,0.15,0.14214166256965344,0.3617232951874566
branin,optimized_ard_gpc,classifier_uncertainty_repulsion,classifier_uncertainty_repulsion,2,19,24,25,836,15.742476589675206,False,False,False,823,0.4948236295939079,0.9896472591878158,0.6930935899814596,null,0.1,25,148,null,6,0.9458249660743786,null,null,0.2143258644007031,0.15,0.10753264174735522,0.22660203746815533
branin,optimized_ard_gpc,classifier_uncertainty_repulsion,classifier_uncertainty_repulsion,2,20,25,26,1454,0.6690783537536937,True,True,True,1431,0.5174593792284838,0.9650812415430323,0.692537396758348,null,0.1,25,148,null,25,0.8190594353204077,null,null,0.2281051704595732,0.15,0.12119740531318353,0.27849648099144453
branin,optimized_ard_gpc,classifier_uncertainty_repulsion,classifier_uncertainty_repulsion,2,21,26,27,1302,9.115124363354084,False,True,True,1282,0.47620669046570896,0.9524133809314179,0.6920145096903616,null,0.1,25,148,null,38,0.74375774897142,null,null,0.2263183694482561,0.15,0.1277772864215139,0.3042904356441908
branin,optimized_ard_gpc,classifier_uncertainty_repulsion,classifier_uncertainty_repulsion,2,22,27,28,332,24.45731558391694,False,False,False,327,0.51138803011672,0.9772239397665601,0.6928877836703754,null,0.1,25,148,null,13,0.8829877070098904,null,null,0.1874356310556413,0.15,0.10362066760262438,0.2122743380996377
branin,optimized_ard_gpc,classifier_uncertainty_repulsion,classifier_uncertainty_repulsion,2,23,28,29,322,5.373622992521973,False,True,True,317,0.49513816761820095,0.9902763352364019,0.6930999049867299,null,0.1,25,148,null,7,0.9404113448996436,null,null,0.1440984240434323,0.15,0.08651376761298374,0.1532291425714455
branin,optimized_ard_gpc,classifier_uncertainty_repulsion,classifier_uncertainty_repulsion,2,24,29,30,133,9.44333185554514,False,False,True,132,0.5078645031580784,0.9842709936838432,0.6930234746389627,null,0.1,25,148,null,8,0.9146530393805532,null,null,0.14904045161773397,0.15,0.08946554302097041,0.16294752786113442
branin,optimized_ard_gpc,classifier_uncertainty_repulsion,classifier_uncertainty_repulsion,2,25,30,31,1145,25.21578551934444,False,False,False,1123,0.5713891834753042,0.8572216330493916,0.6829194327410576,null,0.1,25,147,null,110,0.17004567283429156,null,null,0.1597611289833873,0.15,0.3553084859803267,0.9395189322992858
branin,optimized_ard_gpc,classifier_uncertainty_repulsion,classifier_uncertainty_repulsion,2,26,31,32,277,22.190334058880936,False,False,False,273,0.5049563249173001,0.9900873501653997,0.6930980494419461,null,0.1,25,147,null,9,0.9332036917434762,null,null,0.4423460066769055,0.15,0.17003269270103008,0.47400799052828846
branin,optimized_ard_gpc,classifier_uncertainty_repulsion,classifier_uncertainty_repulsion,2,27,32,33,450,23.448824255163778,False,False,False,437,0.5059071566467601,0.9881856867064798,0.6930773899370545,null,0.1,25,147,null,7,0.9482965241265785,null,null,0.2939234773099475,0.15,0.1292073297329871,0.3099489134800568
branin,optimized_ard_gpc,classifier_uncertainty_repulsion,classifier_uncertainty_repulsion,2,28,33,34,456,16.5184970075277,False,False,False,442,0.4719812348142085,0.943962469628417,0.6915762553804383,null,0.1,25,147,null,36,0.6892932865901286,null,null,0.18284074555359286,0.15,0.11777364047809373,0.2652582712042496
branin,optimized_ard_gpc,classifier_uncertainty_repulsion,classifier_uncertainty_repulsion,2,29,34,35,1200,5.211942062847331,False,True,True,1173,0.4890737803530456,0.9781475607060912,0.6929083970019306,null,0.1,25,147,null,13,0.8765311460208689,null,null,0.23533991827247738,0.15,0.11861282577364839,0.2684900808611703
branin,optimized_ard_gpc,classifier_uncertainty_repulsion,classifier_uncertainty_repulsion,2,30,35,36,1432,3.988064250258848,True,True,True,1401,0.4787046092991716,0.9574092185983432,0.6922399188219144,null,0.1,25,147,null,28,0.7791285287347018,null,null,0.15219471905148993,0.15,0.0988942744223877,0.195339682014536
branin,optimized_ard_gpc,classifier_uncertainty_repulsion,classifier_uncertainty_repulsion,2,31,36,37,1014,8.531028849869905,False,True,True,991,0.48492355375487506,0.9698471075097501,0.6926925131855288,null,0.1,25,147,null,13,0.8340451719195815,null,null,0.13641613468436709,0.15,0.08964933376694566,0.16355964793897315
branin,optimized_ard_gpc,classifier_uncertainty_repulsion,classifier_uncertainty_repulsion,2,32,37,38,588,1.7245921938157238,True,True,True,570,0.503033544347752,0.9939329113044959,0.693128775664412,null,0.1,25,147,null,3,0.97302068536347,null,null,0.11082518937913635,0.15,0.07376685319452411,0.11389808155798642
branin,optimized_ard_gpc,classifier_uncertainty_repulsion,classifier_uncertainty_repulsion,2,33,38,39,495,1.8110384373222175,True,True,True,479,0.49748908210821075,0.9949781642164215,0.6931345710896271,null,0.1,25,147,null,4,0.9693137511972973,null,null,0.11844230243459705,0.15,0.0765815124560297,0.12219191390640749
branin,optimized_ard_gpc,classifier_uncertainty_repulsion,classifier_uncertainty_repulsion,2,34,39,40,735,5.975397628615781,False,True,True,715,0.47443957660430414,0.9488791532086083,0.69183994034659,null,0.1,25,147,null,49,0.6920309975620758,null,null,0.1629813347183917,0.15,0.10993034081849958,0.23551161045177338
branin,optimized_ard_gpc,classifier_uncertainty_repulsion,classifier_uncertainty_repulsion,2,35,40,41,1225,15.175985079949992,False,False,False,1193,0.500461860581151,0.9990762788376979,0.6931467539294918,null,0.1,25,146,null,0,1.0,null,null,0.1400018352123248,0.15,0.08238401584568107,0.1400018352123248
branin,optimized_ard_gpc,classifier_uncertainty_repulsion,classifier_uncertainty_repulsion,2,36,41,42,417,8.271868647145038,False,True,True,405,0.5098519224803901,0.9802961550392197,0.6929530472439194,null,0.1,25,146,null,16,0.9126996472951833,null,null,0.12175061994000377,0.15,0.08026705281196092,0.13339615096906843
branin,optimized_ard_gpc,classifier_uncertainty_repulsion,classifier_uncertainty_repulsion,2,37,42,43,1251,1.4240628571249871,True,True,True,1217,0.4971304045298073,0.9942608090596146,0.6931307113132079,null,0.1,25,146,null,4,0.9781845509158613,null,null,0.11787369779571763,0.15,0.07601451052085886,0.12050251426006886
branin,optimized_ard_gpc,classifier_uncertainty_repulsion,classifier_uncertainty_repulsion,2,38,43,44,394,182.04453284310824,False,False,False,384,0.5804190749110205,0.839161850177959,0.6801563734526479,null,0.1,25,146,null,121,0.16757486707380898,null,null,0.12483460763492521,0.15,0.24795765859331265,0.7449482718666955
branin,optimized_ard_gpc,classifier_uncertainty_repulsion,classifier_uncertainty_repulsion,2,39,44,45,1289,4.380933433463731,True,True,True,1253,0.5133654799076481,0.9732690401847037,0.6927898658936702,null,0.1,25,146,null,25,0.8598645757922753,null,null,0.08697093395113373,0.15,0.06927124699906005,0.10114492025793609
branin,optimized_ard_gpc,classifier_uncertainty_repulsion,classifier_uncertainty_repulsion,2,40,45,46,561,2.380708121395042,True,True,True,540,0.511888412868025,0.97622317426395,0.6928644851990108,null,0.1,25,146,null,16,0.8858111255605562,null,null,0.11428994216289907,0.15,0.07884340816569951,0.1290229247127309
branin,optimized_ard_gpc,classifier_uncertainty_repulsion,classifier_uncertainty_repulsion,2,41,46,47,997,4.510374205880019,True,True,True,969,0.5090232777853458,0.9819534444293083,0.6929843326359548,null,0.1,25,146,null,11,0.9235681539872043,null,null,0.12437138707357455,0.15,0.08067641327927001,0.13466400561414082
branin,optimized_ard_gpc,classifier_uncertainty_repulsion,classifier_uncertainty_repulsion,2,42,47,48,33,13.084779355842414,False,False,False,32,0.5144082152148606,0.9711835695702788,0.692731929747661,null,0.1,25,146,null,18,0.8579856240838607,null,null,0.08718755778862755,0.15,0.06944235909295995,0.10161890285950259
branin,optimized_ard_gpc,classifier_uncertainty_repulsion,classifier_uncertainty_repulsion,2,43,48,49,1384,0.9763186353576145,True,True,True,1341,0.5024391703954008,0.9951216592091985,0.693135281408313,null,0.1,25,146,null,2,0.9873119681814525,null,null,0.08584601491275909,0.15,0.06397945465328694,0.08694922950329509
branin,optimized_ard_gpc,classifier_uncertainty_repulsion,classifier_uncertainty_repulsion,2,44,49,50,98,1.8274240759666966,True,True,True,96,0.48958353162689505,0.9791670632537901,0.6929301592333363,null,0.1,25,146,null,15,0.9108953945488559,null,null,0.08218209072670785,0.15,0.06522975694027064,0.09022121663861371
branin,fixed_iso_gpc,random,random,3,1,6,7,82,6.543887859919742,False,True,True,81,0.6043512320862021,0.7912975358275958,0.6712079017285218,null,null,null,null,null,null,null,null,null,null,null,null,null
branin,fixed_iso_gpc,random,random,3,2,7,8,352,51.39809064973572,False,False,False,350,0.6638696778231861,0.6722606443536279,0.6384353156080401,null,null,null,null,null,null,null,null,null,null,null,null,null
branin,fixed_iso_gpc,random,random,3,3,8,9,1471,93.27619706016094,False,False,False,1463,0.6674577205261016,0.6650845589477967,0.6359644430106213,null,null,null,null,null,null,null,null,null,null,null,null,null
branin,fixed_iso_gpc,random,random,3,4,9,10,287,21.9339452412234,False,False,False,285,0.48287980456019497,0.9657596091203899,0.6925608637780669,null,null,null,null,null,null,null,null,null,null,null,null,null
branin,fixed_iso_gpc,random,random,3,5,10,11,525,94.35747103002778,False,False,False,520,0.6692086182131902,0.6615827635736196,0.6347376647484131,null,null,null,null,null,null,null,null,null,null,null,null,null
branin,fixed_iso_gpc,random,random,3,6,11,12,1389,22.848074112756805,False,False,False,1379,0.6856903784390624,0.6286192431218751,0.6225055707963627,null,null,null,null,null,null,null,null,null,null,null,null,null
branin,fixed_iso_gpc,random,random,3,7,12,13,577,23.536868347284965,False,False,False,571,0.5593968172518515,0.8812063654962969,0.6860745268264188,null,null,null,null,null,null,null,null,null,null,null,null,null
branin,fixed_iso_gpc,random,random,3,8,13,14,291,35.31058713553085,False,False,False,288,0.7464582759944847,0.5070834480110307,0.566192780421656,null,null,null,null,null,null,null,null,null,null,null,null,null
branin,fixed_iso_gpc,random,random,3,9,14,15,1235,2.3349128307772062,True,True,True,1224,0.6592905231228201,0.6814189537543598,0.6415049486058839,null,null,null,null,null,null,null,null,null,null,null,null,null
branin,fixed_iso_gpc,random,random,3,10,15,16,1480,98.92317116581557,False,False,False,1465,0.7628225480561355,0.47435490388772905,0.547804537048399,null,null,null,null,null,null,null,null,null,null,null,null,null
branin,fixed_iso_gpc,random,random,3,11,16,17,243,10.86724480219165,False,False,True,241,0.6287622729720113,0.7424754540559775,0.6596111352506955,null,null,null,null,null,null,null,null,null,null,null,null,null
branin,fixed_iso_gpc,random,random,3,12,17,18,949,21.206909435785178,False,False,False,939,0.5581683806978504,0.8836632386042993,0.6863647116491931,null,null,null,null,null,null,null,null,null,null,null,null,null
branin,fixed_iso_gpc,random,random,3,13,18,19,307,24.307924452225564,False,False,False,302,0.558979172470444,0.8820416550591119,0.6861738708395744,null,null,null,null,null,null,null,null,null,null,null,null,null
branin,fixed_iso_gpc,random,random,3,14,19,20,330,18.85211297251,False,False,False,324,0.515102474036194,0.969795051927612,0.6926909417270714,null,null,null,null,null,null,null,null,null,null,null,null,null
branin,fixed_iso_gpc,random,random,3,15,20,21,1272,6.982622401694929,False,True,True,1255,0.5930791972773477,0.8138416054453046,0.6757182125397705,null,null,null,null,null,null,null,null,null,null,null,null,null
branin,fixed_iso_gpc,random,random,3,16,21,22,1178,49.12103348826952,False,False,False,1163,0.7862386146912286,0.42752277061754285,0.5188977704960493,null,null,null,null,null,null,null,null,null,null,null,null,null
branin,fixed_iso_gpc,random,random,3,17,22,23,656,152.7601851856345,False,False,False,645,0.6632103434783971,0.6735793130432057,0.6388830761770807,null,null,null,null,null,null,null,null,null,null,null,null,null
branin,fixed_iso_gpc,random,random,3,18,23,24,401,2.910037167859162,True,True,True,393,0.5781963469112554,0.8436073061774891,0.6808674967714841,null,null,null,null,null,null,null,null,null,null,null,null,null
branin,fixed_iso_gpc,random,random,3,19,24,25,7,165.68498840984952,False,False,False,7,0.7397536291574056,0.5204927416851888,0.5733144555773642,null,null,null,null,null,null,null,null,null,null,null,null,null
branin,fixed_iso_gpc,random,random,3,20,25,26,1203,13.613715792176976,False,False,False,1184,0.4965622000323622,0.9931244000647244,0.6931235434364719,null,null,null,null,null,null,null,null,null,null,null,null,null
branin,fixed_iso_gpc,random,random,3,21,26,27,838,141.06024954859342,False,False,False,824,0.6238255822280223,0.7523488355439554,0.662160219658777,null,null,null,null,null,null,null,null,null,null,null,null,null
branin,fixed_iso_gpc,random,random,3,22,27,28,1287,13.864614396319759,False,False,False,1263,0.3815880807032954,0.7631761614065908,0.6648362192357111,null,null,null,null,null,null,null,null,null,null,null,null,null
branin,fixed_iso_gpc,random,random,3,23,28,29,1012,102.37428286643234,False,False,False,995,0.8276782697062117,0.34464346058757656,0.459548579075857,null,null,null,null,null,null,null,null,null,null,null,null,null
branin,fixed_iso_gpc,random,random,3,24,29,30,101,43.538535500373044,False,False,False,98,0.46663822067142746,0.9332764413428549,0.690919509254881,null,null,null,null,null,null,null,null,null,null,null,null,null
branin,fixed_iso_gpc,random,random,3,25,30,31,252,102.21082835268857,False,False,False,247,0.8305536750114015,0.3388926499771969,0.4550072035869842,null,null,null,null,null,null,null,null,null,null,null,null,null
branin,fixed_iso_gpc,random,random,3,26,31,32,452,27.456075169196193,False,False,False,440,0.44606215438632546,0.8921243087726509,0.6873172600193143,null,null,null,null,null,null,null,null,null,null,null,null,null
branin,fixed_iso_gpc,random,random,3,27,32,33,1255,0.9245025270449361,True,True,True,1228,0.576963277825854,0.846073444348292,0.6812532578444754,null,null,null,null,null,null,null,null,null,null,null,null,null
branin,fixed_iso_gpc,random,random,3,28,33,34,450,23.112910634092806,False,False,False,438,0.5553050298399,0.8893899403201999,0.6870173527046339,null,null,null,null,null,null,null,null,null,null,null,null,null
branin,fixed_iso_gpc,random,random,3,29,34,35,1202,7.632908358342668,False,True,True,1177,0.35614753817668543,0.7122950763533709,0.6511693676271653,null,null,null,null,null,null,null,null,null,null,null,null,null
branin,fixed_iso_gpc,random,random,3,30,35,36,505,15.395538638687224,False,False,False,490,0.5462298521032238,0.9075402957935523,0.688866671026964,null,null,null,null,null,null,null,null,null,null,null,null,null
branin,fixed_iso_gpc,random,random,3,31,36,37,109,9.938941461387735,False,False,True,105,0.5085636354299137,0.9828727291401727,0.693000501684688,null,null,null,null,null,null,null,null,null,null,null,null,null
branin,fixed_iso_gpc,random,random,3,32,37,38,894,129.01571167122398,False,False,False,872,0.6614788007679522,0.6770423984640956,0.6400497217821106,null,null,null,null,null,null,null,null,null,null,null,null,null
branin,fixed_iso_gpc,random,random,3,33,38,39,773,6.78891812769244,False,True,True,753,0.3738755610978899,0.7477511221957798,0.6609861475655625,null,null,null,null,null,null,null,null,null,null,null,null,null
branin,fixed_iso_gpc,random,random,3,34,39,40,960,58.16151897005669,False,False,False,935,0.8292561813221937,0.3414876373556126,0.45706367392416836,null,null,null,null,null,null,null,null,null,null,null,null,null
branin,fixed_iso_gpc,random,random,3,35,40,41,966,11.745420146144312,False,False,True,940,0.5561249900476071,0.8877500199047859,0.6868338542886177,null,null,null,null,null,null,null,null,null,null,null,null,null
branin,fixed_iso_gpc,random,random,3,36,41,42,359,25.382622716313406,False,False,False,347,0.423299853749171,0.846599707498342,0.6813347709088631,null,null,null,null,null,null,null,null,null,null,null,null,null
branin,fixed_iso_gpc,random,random,3,37,42,43,570,153.0729039253852,False,False,False,551,0.7904083016589993,0.41918339668200133,0.5134151986910418,null,null,null,null,null,null,null,null,null,null,null,null,null
branin,fixed_iso_gpc,random,random,3,38,43,44,1402,21.331983552693135,False,False,False,1361,0.3962515180840569,0.7925030361681138,0.6714624844092827,null,null,null,null,null,null,null,null,null,null,null,null,null
branin,fixed_iso_gpc,random,random,3,39,44,45,1426,90.3204709990842,False,False,False,1384,0.8665317782306374,0.26693644353872514,0.392926872990313,null,null,null,null,null,null,null,null,null,null,null,null,null
branin,fixed_iso_gpc,random,random,3,40,45,46,169,50.56088246854597,False,False,False,164,0.8190826809266127,0.3618346381467745,0.47278161453049505,null,null,null,null,null,null,null,null,null,null,null,null,null
branin,fixed_iso_gpc,random,random,3,41,46,47,447,19.487094835272657,False,False,False,432,0.4352444653830503,0.8704889307661006,0.6847370185197178,null,null,null,null,null,null,null,null,null,null,null,null,null
branin,fixed_iso_gpc,random,random,3,42,47,48,604,19.47533527086391,False,False,False,581,0.37196815700286834,0.7439363140057367,0.6599948640122776,null,null,null,null,null,null,null,null,null,null,null,null,null
branin,fixed_iso_gpc,random,random,3,43,48,49,250,15.131710410082036,False,False,False,243,0.5406761047027686,0.9186477905944628,0.6898344298476236,null,null,null,null,null,null,null,null,null,null,null,null,null
branin,fixed_iso_gpc,random,random,3,44,49,50,558,14.615781840916789,False,False,False,536,0.7401822223266663,0.5196355553466674,0.572866232003075,null,null,null,null,null,null,null,null,null,null,null,null,null
branin,fixed_iso_gpc,classifier_margin,classifier_margin,3,1,6,7,1141,15.839696221243049,False,False,False,1136,0.4999144860500784,0.9998289721001568,0.693147165934674,null,null,null,null,null,null,null,null,null,null,null,null,null
branin,fixed_iso_gpc,classifier_margin,classifier_margin,3,2,7,8,359,25.382622716313406,False,False,False,358,0.5002557848910347,0.9994884302179305,0.6931470497081187,null,null,null,null,null,null,null,null,null,null,null,null,null
branin,fixed_iso_gpc,classifier_margin,classifier_margin,3,3,8,9,1488,9.095154990791464,False,True,True,1480,0.49977356603318734,0.9995471320663747,0.6931470780152591,null,null,null,null,null,null,null,null,null,null,null,null,null
branin,fixed_iso_gpc,classifier_margin,classifier_margin,3,4,9,10,1443,56.288281476902455,False,False,False,1435,0.49928321003967513,0.9985664200793503,0.6931461529838989,null,null,null,null,null,null,null,null,null,null,null,null,null
branin,fixed_iso_gpc,classifier_margin,classifier_margin,3,5,10,11,437,10.485275298002293,False,False,True,435,0.5001558652990596,0.9996882694018807,0.6931471319719615,null,null,null,null,null,null,null,null,null,null,null,null,null
branin,fixed_iso_gpc,classifier_margin,classifier_margin,3,6,11,12,157,25.742104521846002,False,False,False,156,0.5000753572023289,0.9998492855953423,0.6931471692025294,null,null,null,null,null,null,null,null,null,null,null,null,null
branin,fixed_iso_gpc,classifier_margin,classifier_margin,3,7,12,13,53,19.91214579932967,False,False,False,52,0.501302263304086,0.997395473391828,0.6931437887766843,null,null,null,null,null,null,null,null,null,null,null,null,null
branin,fixed_iso_gpc,classifier_margin,classifier_margin,3,8,13,14,218,3.0923402067575907,True,True,True,215,0.5000456646124808,0.9999086707750384,0.6931471763894317,null,null,null,null,null,null,null,null,null,null,null,null,null
branin,fixed_iso_gpc,classifier_margin,classifier_margin,3,9,14,15,875,19.136487499224646,False,False,False,868,0.5004257583669331,0.9991484832661337,0.6931468180195275,null,null,null,null,null,null,null,null,null,null,null,null,null
branin,fixed_iso_gpc,classifier_margin,classifier_margin,3,10,15,16,320,31.091906345815545,False,False,False,316,0.5002491991684404,0.9995016016631193,0.693147056359489,null,null,null,null,null,null,null,null,null,null,null,null,null
branin,fixed_iso_gpc,classifier_margin,classifier_margin,3,11,16,17,1423,2.4149571605871074,True,True,True,1409,0.5002932263991756,0.9994135472016488,0.6931470085964931,null,null,null,null,null,null,null,null,null,null,null,null,null
branin,fixed_iso_gpc,classifier_margin,classifier_margin,3,12,17,18,116,20.079121842520344,False,False,False,114,0.4998561473986581,0.9997122947973162,0.693147139172803,null,null,null,null,null,null,null,null,null,null,null,null,null
branin,fixed_iso_gpc,classifier_margin,classifier_margin,3,13,18,19,1162,6.3174331025862,False,True,True,1148,0.49973875084062647,0.9994775016812529,0.6931470440576926,null,null,null,null,null,null,null,null,null,null,null,null,null
branin,fixed_iso_gpc,classifier_margin,classifier_margin,3,14,19,20,531,13.416696965288223,False,False,False,522,0.49995234929460075,0.9999046985892015,0.6931471760187659,null,null,null,null,null,null,null,null,null,null,null,null,null
branin,fixed_iso_gpc,classifier_margin,classifier_margin,3,15,20,21,909,24.069524430016962,False,False,False,897,0.5000197879953385,0.999960424009323,0.6931471797768158,null,null,null,null,null,null,null,null,null,null,null,null,null
branin,fixed_iso_gpc,classifier_margin,classifier_margin,3,16,21,22,1048,10.486066695061602,False,False,True,1035,0.5000196343722074,0.9999607312555852,0.6931471797889281,null,null,null,null,null,null,null,null,null,null,null,null,null
branin,fixed_iso_gpc,classifier_margin,classifier_margin,3,17,22,23,877,9.849367509874575,False,False,True,866,0.49995889432623364,0.9999177886524673,0.6931471771805924,null,null,null,null,null,null,null,null,null,null,null,null,null
branin,fixed_iso_gpc,classifier_margin,classifier_margin,3,18,23,24,1472,17.760596923169643,False,False,False,1450,0.5000012312485311,0.9999975375029377,0.6931471805569134,null,null,null,null,null,null,null,null,null,null,null,null,null
branin,fixed_iso_gpc,classifier_margin,classifier_margin,3,19,24,25,1168,33.524301258730354,False,False,False,1149,0.500209699654661,0.999580600690678,0.6931470926120524,null,null,null,null,null,null,null,null,null,null,null,null,null
branin,fixed_iso_gpc,classifier_margin,classifier_margin,3,20,25,26,1117,5.004233370997994,True,True,True,1100,0.5001726247103117,0.9996547505793767,0.6931471209613629,null,null,null,null,null,null,null,null,null,null,null,null,null
branin,fixed_iso_gpc,classifier_margin,classifier_margin,3,21,26,27,1431,8.81022790436279,False,True,True,1408,0.5001208522040999,0.9997582955918003,0.6931471513494345,null,null,null,null,null,null,null,null,null,null,null,null,null
branin,fixed_iso_gpc,classifier_margin,classifier_margin,3,22,27,28,114,2.1470032729000046,True,True,True,112,0.500023837013253,0.9999523259734939,0.6931471794235389,null,null,null,null,null,null,null,null,null,null,null,null,null
branin,fixed_iso_gpc,classifier_margin,classifier_margin,3,23,28,29,426,15.061954149242723,False,False,False,418,0.5001020530216618,0.9997958939566765,0.6931471597303067,null,null,null,null,null,null,null,null,null,null,null,null,null
branin,fixed_iso_gpc,classifier_margin,classifier_margin,3,24,29,30,185,13.035184689996512,False,False,False,180,0.499892568438274,0.999785136876548,0.6931471574768642,null,null,null,null,null,null,null,null,null,null,null,null,null
branin,fixed_iso_gpc,classifier_margin,classifier_margin,3,25,30,31,1114,7.566027888854926,False,True,True,1094,0.4998326813754652,0.9996653627509304,0.6931471245689,null,null,null,null,null,null,null,null,null,null,null,null,null
branin,fixed_iso_gpc,classifier_margin,classifier_margin,3,26,31,32,1465,11.791509421193908,False,False,True,1436,0.5000837716927932,0.9998324566144137,0.6931471665245522,null,null,null,null,null,null,null,null,null,null,null,null,null
branin,fixed_iso_gpc,classifier_margin,classifier_margin,3,27,32,33,702,1.8281174091073495,True,True,True,689,0.49995210738482887,0.9999042147696577,0.69314717597254,null,null,null,null,null,null,null,null,null,null,null,null,null
branin,fixed_iso_gpc,classifier_margin,classifier_margin,3,28,33,34,970,10.067664349366915,False,False,True,952,0.4996260262409663,0.9992520524819326,0.6931469008471743,null,null,null,null,null,null,null,null,null,null,null,null,null
branin,fixed_iso_gpc,classifier_margin,classifier_margin,3,29,34,35,124,8.056816858791755,False,True,True,120,0.5007324786693943,0.9985350426612114,0.6931461075095593,null,null,null,null,null,null,null,null,null,null,null,null,null
branin,fixed_iso_gpc,classifier_margin,classifier_margin,3,30,35,36,972,15.197326824361419,False,False,False,952,0.5000250700323016,0.9999498599353969,0.6931471793029322,null,null,null,null,null,null,null,null,null,null,null,null,null
branin,fixed_iso_gpc,classifier_margin,classifier_margin,3,31,36,37,309,0.734721950682907,True,True,True,301,0.5000528250477821,0.9998943499044357,0.6931471749789739,null,null,null,null,null,null,null,null,null,null,null,null,null
branin,fixed_iso_gpc,classifier_margin,classifier_margin,3,32,37,38,350,48.654997474034474,False,False,False,340,0.4997055771242038,0.9994111542484077,0.6931470071902758,null,null,null,null,null,null,null,null,null,null,null,null,null
branin,fixed_iso_gpc,classifier_margin,classifier_margin,3,33,38,39,475,1.8259044140240448,True,True,True,461,0.5000942851160717,0.9998114297678566,0.693147162780579,null,null,null,null,null,null,null,null,null,null,null,null,null
branin,fixed_iso_gpc,classifier_margin,classifier_margin,3,34,39,40,424,1.3179154898537853,True,True,True,412,0.4991088705493516,0.9982177410987032,0.6931455923357088,null,null,null,null,null,null,null,null,null,null,null,null,null
branin,fixed_iso_gpc,classifier_margin,classifier_margin,3,35,40,41,527,9.619753874774382,False,False,True,510,0.5003818863677741,0.9992362272644517,0.6931468888855211,null,null,null,null,null,null,null,null,null,null,null,null,null
branin,fixed_iso_gpc,classifier_margin,classifier_margin,3,36,41,42,966,11.745420146144312,False,False,True,942,0.5000467208870937,0.9999065582258126,0.6931471761942627,null,null,null,null,null,null,null,null,null,null,null,null,null
branin,fixed_iso_gpc,classifier_margin,classifier_margin,3,37,42,43,1075,7.7828580481928356,False,True,True,1047,0.5000104138575154,0.9999791722849691,0.6931471803430485,null,null,null,null,null,null,null,null,null,null,null,null,null
branin,fixed_iso_gpc,classifier_margin,classifier_margin,3,38,43,44,396,5.043377187453473,False,True,True,384,0.5000641135589851,0.9998717728820299,0.6931471723388485,null,null,null,null,null,null,null,null,null,null,null,null,null
branin,fixed_iso_gpc,classifier_margin,classifier_margin,3,39,44,45,769,11.712362299610554,False,False,True,748,0.49971501675066,0.99943003350132,0.6931470181290317,null,null,null,null,null,null,null,null,null,null,null,null,null
branin,fixed_iso_gpc,classifier_margin,classifier_margin,3,40,45,46,713,16.064513176566614,False,False,False,692,0.5007391924344247,0.9985216151311507,0.6931460877486371,null,null,null,null,null,null,null,null,null,null,null,null,null
branin,fixed_iso_gpc,classifier_margin,classifier_margin,3,41,46,47,1033,1.5451739897853827,True,True,True,1003,0.5001487613765597,0.9997024772468805,0.6931471363000503,null,null,null,null,null,null,null,null,null,null,null,null,null
branin,fixed_iso_gpc,classifier_margin,classifier_margin,3,42,47,48,622,5.161628955547542,False,True,True,602,0.5000880674149528,0.9998238651700944,0.6931471650482062,null,null,null,null,null,null,null,null,null,null,null,null,null
branin,fixed_iso_gpc,classifier_margin,classifier_margin,3,43,48,49,1308,15.24821630495218,False,False,False,1266,0.5000632796278058,0.9998734407443883,0.6931471725513227,null,null,null,null,null,null,null,null,null,null,null,null,null
branin,fixed_iso_gpc,classifier_margin,classifier_margin,3,44,49,50,267,5.615660809045977,False,True,True,259,0.4997771976545296,0.9995543953090592,0.6931470812781717,null,null,null,null,null,null,null,null,null,null,null,null,null
branin,fixed_iso_gpc,classifier_entropy,classifier_entropy,3,1,6,7,1141,15.839696221243049,False,False,False,1136,0.4999144860500784,0.9998289721001568,0.693147165934674,Binary entropy is monotone-equivalent to classifier margin.,null,null,null,null,null,null,null,null,null,null,null,null
branin,fixed_iso_gpc,classifier_entropy,classifier_entropy,3,2,7,8,359,25.382622716313406,False,False,False,358,0.5002557848910347,0.9994884302179305,0.6931470497081187,Binary entropy is monotone-equivalent to classifier margin.,null,null,null,null,null,null,null,null,null,null,null,null
branin,fixed_iso_gpc,classifier_entropy,classifier_entropy,3,3,8,9,1488,9.095154990791464,False,True,True,1480,0.49977356603318734,0.9995471320663747,0.6931470780152591,Binary entropy is monotone-equivalent to classifier margin.,null,null,null,null,null,null,null,null,null,null,null,null
branin,fixed_iso_gpc,classifier_entropy,classifier_entropy,3,4,9,10,1443,56.288281476902455,False,False,False,1435,0.49928321003967513,0.9985664200793503,0.6931461529838989,Binary entropy is monotone-equivalent to classifier margin.,null,null,null,null,null,null,null,null,null,null,null,null
branin,fixed_iso_gpc,classifier_entropy,classifier_entropy,3,5,10,11,437,10.485275298002293,False,False,True,435,0.5001558652990596,0.9996882694018807,0.6931471319719615,Binary entropy is monotone-equivalent to classifier margin.,null,null,null,null,null,null,null,null,null,null,null,null
branin,fixed_iso_gpc,classifier_entropy,classifier_entropy,3,6,11,12,157,25.742104521846002,False,False,False,156,0.5000753572023289,0.9998492855953423,0.6931471692025294,Binary entropy is monotone-equivalent to classifier margin.,null,null,null,null,null,null,null,null,null,null,null,null
branin,fixed_iso_gpc,classifier_entropy,classifier_entropy,3,7,12,13,53,19.91214579932967,False,False,False,52,0.501302263304086,0.997395473391828,0.6931437887766843,Binary entropy is monotone-equivalent to classifier margin.,null,null,null,null,null,null,null,null,null,null,null,null
branin,fixed_iso_gpc,classifier_entropy,classifier_entropy,3,8,13,14,218,3.0923402067575907,True,True,True,215,0.5000456646124808,0.9999086707750384,0.6931471763894317,Binary entropy is monotone-equivalent to classifier margin.,null,null,null,null,null,null,null,null,null,null,null,null
branin,fixed_iso_gpc,classifier_entropy,classifier_entropy,3,9,14,15,875,19.136487499224646,False,False,False,868,0.5004257583669331,0.9991484832661337,0.6931468180195275,Binary entropy is monotone-equivalent to classifier margin.,null,null,null,null,null,null,null,null,null,null,null,null
branin,fixed_iso_gpc,classifier_entropy,classifier_entropy,3,10,15,16,320,31.091906345815545,False,False,False,316,0.5002491991684404,0.9995016016631193,0.693147056359489,Binary entropy is monotone-equivalent to classifier margin.,null,null,null,null,null,null,null,null,null,null,null,null
branin,fixed_iso_gpc,classifier_entropy,classifier_entropy,3,11,16,17,1423,2.4149571605871074,True,True,True,1409,0.5002932263991756,0.9994135472016488,0.6931470085964931,Binary entropy is monotone-equivalent to classifier margin.,null,null,null,null,null,null,null,null,null,null,null,null
branin,fixed_iso_gpc,classifier_entropy,classifier_entropy,3,12,17,18,116,20.079121842520344,False,False,False,114,0.4998561473986581,0.9997122947973162,0.693147139172803,Binary entropy is monotone-equivalent to classifier margin.,null,null,null,null,null,null,null,null,null,null,null,null
branin,fixed_iso_gpc,classifier_entropy,classifier_entropy,3,13,18,19,1162,6.3174331025862,False,True,True,1148,0.49973875084062647,0.9994775016812529,0.6931470440576926,Binary entropy is monotone-equivalent to classifier margin.,null,null,null,null,null,null,null,null,null,null,null,null
branin,fixed_iso_gpc,classifier_entropy,classifier_entropy,3,14,19,20,531,13.416696965288223,False,False,False,522,0.49995234929460075,0.9999046985892015,0.6931471760187659,Binary entropy is monotone-equivalent to classifier margin.,null,null,null,null,null,null,null,null,null,null,null,null
branin,fixed_iso_gpc,classifier_entropy,classifier_entropy,3,15,20,21,909,24.069524430016962,False,False,False,897,0.5000197879953385,0.999960424009323,0.6931471797768158,Binary entropy is monotone-equivalent to classifier margin.,null,null,null,null,null,null,null,null,null,null,null,null
branin,fixed_iso_gpc,classifier_entropy,classifier_entropy,3,16,21,22,1048,10.486066695061602,False,False,True,1035,0.5000196343722074,0.9999607312555852,0.6931471797889281,Binary entropy is monotone-equivalent to classifier margin.,null,null,null,null,null,null,null,null,null,null,null,null
branin,fixed_iso_gpc,classifier_entropy,classifier_entropy,3,17,22,23,877,9.849367509874575,False,False,True,866,0.49995889432623364,0.9999177886524673,0.6931471771805924,Binary entropy is monotone-equivalent to classifier margin.,null,null,null,null,null,null,null,null,null,null,null,null
branin,fixed_iso_gpc,classifier_entropy,classifier_entropy,3,18,23,24,1472,17.760596923169643,False,False,False,1450,0.5000012312485311,0.9999975375029377,0.6931471805569134,Binary entropy is monotone-equivalent to classifier margin.,null,null,null,null,null,null,null,null,null,null,null,null
branin,fixed_iso_gpc,classifier_entropy,classifier_entropy,3,19,24,25,1168,33.524301258730354,False,False,False,1149,0.500209699654661,0.999580600690678,0.6931470926120524,Binary entropy is monotone-equivalent to classifier margin.,null,null,null,null,null,null,null,null,null,null,null,null
branin,fixed_iso_gpc,classifier_entropy,classifier_entropy,3,20,25,26,1117,5.004233370997994,True,True,True,1100,0.5001726247103117,0.9996547505793767,0.6931471209613629,Binary entropy is monotone-equivalent to classifier margin.,null,null,null,null,null,null,null,null,null,null,null,null
branin,fixed_iso_gpc,classifier_entropy,classifier_entropy,3,21,26,27,1431,8.81022790436279,False,True,True,1408,0.5001208522040999,0.9997582955918003,0.6931471513494345,Binary entropy is monotone-equivalent to classifier margin.,null,null,null,null,null,null,null,null,null,null,null,null
branin,fixed_iso_gpc,classifier_entropy,classifier_entropy,3,22,27,28,114,2.1470032729000046,True,True,True,112,0.500023837013253,0.9999523259734939,0.6931471794235389,Binary entropy is monotone-equivalent to classifier margin.,null,null,null,null,null,null,null,null,null,null,null,null
branin,fixed_iso_gpc,classifier_entropy,classifier_entropy,3,23,28,29,426,15.061954149242723,False,False,False,418,0.5001020530216618,0.9997958939566765,0.6931471597303067,Binary entropy is monotone-equivalent to classifier margin.,null,null,null,null,null,null,null,null,null,null,null,null
branin,fixed_iso_gpc,classifier_entropy,classifier_entropy,3,24,29,30,185,13.035184689996512,False,False,False,180,0.499892568438274,0.999785136876548,0.6931471574768642,Binary entropy is monotone-equivalent to classifier margin.,null,null,null,null,null,null,null,null,null,null,null,null
branin,fixed_iso_gpc,classifier_entropy,classifier_entropy,3,25,30,31,1114,7.566027888854926,False,True,True,1094,0.4998326813754652,0.9996653627509304,0.6931471245689,Binary entropy is monotone-equivalent to classifier margin.,null,null,null,null,null,null,null,null,null,null,null,null
branin,fixed_iso_gpc,classifier_entropy,classifier_entropy,3,26,31,32,1465,11.791509421193908,False,False,True,1436,0.5000837716927932,0.9998324566144137,0.6931471665245522,Binary entropy is monotone-equivalent to classifier margin.,null,null,null,null,null,null,null,null,null,null,null,null
branin,fixed_iso_gpc,classifier_entropy,classifier_entropy,3,27,32,33,702,1.8281174091073495,True,True,True,689,0.49995210738482887,0.9999042147696577,0.69314717597254,Binary entropy is monotone-equivalent to classifier margin.,null,null,null,null,null,null,null,null,null,null,null,null
branin,fixed_iso_gpc,classifier_entropy,classifier_entropy,3,28,33,34,970,10.067664349366915,False,False,True,952,0.4996260262409663,0.9992520524819326,0.6931469008471743,Binary entropy is monotone-equivalent to classifier margin.,null,null,null,null,null,null,null,null,null,null,null,null
branin,fixed_iso_gpc,classifier_entropy,classifier_entropy,3,29,34,35,124,8.056816858791755,False,True,True,120,0.5007324786693943,0.9985350426612114,0.6931461075095593,Binary entropy is monotone-equivalent to classifier margin.,null,null,null,null,null,null,null,null,null,null,null,null
branin,fixed_iso_gpc,classifier_entropy,classifier_entropy,3,30,35,36,972,15.197326824361419,False,False,False,952,0.5000250700323016,0.9999498599353969,0.6931471793029322,Binary entropy is monotone-equivalent to classifier margin.,null,null,null,null,null,null,null,null,null,null,null,null
branin,fixed_iso_gpc,classifier_entropy,classifier_entropy,3,31,36,37,309,0.734721950682907,True,True,True,301,0.5000528250477821,0.9998943499044357,0.6931471749789739,Binary entropy is monotone-equivalent to classifier margin.,null,null,null,null,null,null,null,null,null,null,null,null
branin,fixed_iso_gpc,classifier_entropy,classifier_entropy,3,32,37,38,350,48.654997474034474,False,False,False,340,0.4997055771242038,0.9994111542484077,0.6931470071902758,Binary entropy is monotone-equivalent to classifier margin.,null,null,null,null,null,null,null,null,null,null,null,null
branin,fixed_iso_gpc,classifier_entropy,classifier_entropy,3,33,38,39,475,1.8259044140240448,True,True,True,461,0.5000942851160717,0.9998114297678566,0.693147162780579,Binary entropy is monotone-equivalent to classifier margin.,null,null,null,null,null,null,null,null,null,null,null,null
branin,fixed_iso_gpc,classifier_entropy,classifier_entropy,3,34,39,40,424,1.3179154898537853,True,True,True,412,0.4991088705493516,0.9982177410987032,0.6931455923357088,Binary entropy is monotone-equivalent to classifier margin.,null,null,null,null,null,null,null,null,null,null,null,null
branin,fixed_iso_gpc,classifier_entropy,classifier_entropy,3,35,40,41,527,9.619753874774382,False,False,True,510,0.5003818863677741,0.9992362272644517,0.6931468888855211,Binary entropy is monotone-equivalent to classifier margin.,null,null,null,null,null,null,null,null,null,null,null,null
branin,fixed_iso_gpc,classifier_entropy,classifier_entropy,3,36,41,42,966,11.745420146144312,False,False,True,942,0.5000467208870937,0.9999065582258126,0.6931471761942627,Binary entropy is monotone-equivalent to classifier margin.,null,null,null,null,null,null,null,null,null,null,null,null
branin,fixed_iso_gpc,classifier_entropy,classifier_entropy,3,37,42,43,1075,7.7828580481928356,False,True,True,1047,0.5000104138575154,0.9999791722849691,0.6931471803430485,Binary entropy is monotone-equivalent to classifier margin.,null,null,null,null,null,null,null,null,null,null,null,null
branin,fixed_iso_gpc,classifier_entropy,classifier_entropy,3,38,43,44,396,5.043377187453473,False,True,True,384,0.5000641135589851,0.9998717728820299,0.6931471723388485,Binary entropy is monotone-equivalent to classifier margin.,null,null,null,null,null,null,null,null,null,null,null,null
branin,fixed_iso_gpc,classifier_entropy,classifier_entropy,3,39,44,45,769,11.712362299610554,False,False,True,748,0.49971501675066,0.99943003350132,0.6931470181290317,Binary entropy is monotone-equivalent to classifier margin.,null,null,null,null,null,null,null,null,null,null,null,null
branin,fixed_iso_gpc,classifier_entropy,classifier_entropy,3,40,45,46,713,16.064513176566614,False,False,False,692,0.5007391924344247,0.9985216151311507,0.6931460877486371,Binary entropy is monotone-equivalent to classifier margin.,null,null,null,null,null,null,null,null,null,null,null,null
branin,fixed_iso_gpc,classifier_entropy,classifier_entropy,3,41,46,47,1033,1.5451739897853827,True,True,True,1003,0.5001487613765597,0.9997024772468805,0.6931471363000503,Binary entropy is monotone-equivalent to classifier margin.,null,null,null,null,null,null,null,null,null,null,null,null
branin,fixed_iso_gpc,classifier_entropy,classifier_entropy,3,42,47,48,622,5.161628955547542,False,True,True,602,0.5000880674149528,0.9998238651700944,0.6931471650482062,Binary entropy is monotone-equivalent to classifier margin.,null,null,null,null,null,null,null,null,null,null,null,null
branin,fixed_iso_gpc,classifier_entropy,classifier_entropy,3,43,48,49,1308,15.24821630495218,False,False,False,1266,0.5000632796278058,0.9998734407443883,0.6931471725513227,Binary entropy is monotone-equivalent to classifier margin.,null,null,null,null,null,null,null,null,null,null,null,null
branin,fixed_iso_gpc,classifier_entropy,classifier_entropy,3,44,49,50,267,5.615660809045977,False,True,True,259,0.4997771976545296,0.9995543953090592,0.6931470812781717,Binary entropy is monotone-equivalent to classifier margin.,null,null,null,null,null,null,null,null,null,null,null,null
branin,fixed_iso_gpc,classifier_gated_diversity,classifier_gated_diversity,3,1,6,7,1105,22.281638550511406,False,False,False,1101,0.5055395147731669,0.9889209704536661,0.6930858068565136,null,0.1,25,150,0.5,26,0.7089026302722062,0.6166311424746308,1.0,0.8544513151361031,null,null,null
branin,fixed_iso_gpc,classifier_gated_diversity,classifier_gated_diversity,3,2,7,8,839,25.527152226259297,False,False,False,837,0.5000112266463799,0.9999775467072403,0.6931471803078701,null,0.1,25,150,0.5,0,1.0,0.4172041888419337,0.9147408275051601,0.95737041375258,null,null,null
branin,fixed_iso_gpc,classifier_gated_diversity,classifier_gated_diversity,3,3,8,9,842,6.641184463270605,False,True,True,839,0.49935666425035263,0.9987133285007053,0.6931463527979433,null,0.1,25,150,0.5,5,0.9707236465641889,0.3230068490788085,0.9482211563537173,0.9594724014589531,null,null,null
branin,fixed_iso_gpc,classifier_gated_diversity,classifier_gated_diversity,3,4,9,10,1477,29.681213414853396,False,False,False,1468,0.4999822896500923,0.9999645793001846,0.6931471799326323,null,0.1,25,150,0.5,0,1.0,0.2724825020855568,0.9433043138979815,0.9716521569489908,null,null,null
branin,fixed_iso_gpc,classifier_gated_diversity,classifier_gated_diversity,3,5,10,11,779,14.795104549538408,False,False,False,777,0.5013046755027624,0.9973906489944753,0.693143776199747,null,0.1,25,149,0.5,13,0.9374574138522993,0.22669906208553686,0.8664634961725902,0.9019604550124447,null,null,null
branin,fixed_iso_gpc,classifier_gated_diversity,classifier_gated_diversity,3,6,11,12,878,21.952804172154917,False,False,False,873,0.5048885545390274,0.9902228909219453,0.6930993838674704,null,0.1,25,149,0.5,14,0.8619218877623366,0.2381089706962536,0.9667249203383305,0.9143234040503335,null,null,null
branin,fixed_iso_gpc,classifier_gated_diversity,classifier_gated_diversity,3,7,12,13,1211,23.731701078942777,False,False,False,1201,0.49802366757128347,0.9960473351425669,0.6931393687598664,null,0.1,25,149,0.5,6,0.9556100202497076,0.19438982995081094,0.8077591930106176,0.8816846066301627,null,null,null
branin,fixed_iso_gpc,classifier_gated_diversity,classifier_gated_diversity,3,8,13,14,449,18.82373236101593,False,False,False,448,0.49840273517668354,0.9968054703533671,0.6931420780414351,null,0.1,25,149,0.5,10,0.9592259447267545,0.18230304124070817,0.7797117089673051,0.8694688268470299,null,null,null
branin,fixed_iso_gpc,classifier_gated_diversity,classifier_gated_diversity,3,9,14,15,549,18.88160774297493,False,False,False,546,0.49986555888957485,0.9997311177791497,0.6931471444111206,null,0.1,25,149,0.5,0,1.0,0.1527105002626879,0.6505784830174092,0.8252892415087045,null,null,null
branin,fixed_iso_gpc,classifier_gated_diversity,classifier_gated_diversity,3,10,15,16,544,17.26136539156513,False,False,False,541,0.5008430423310837,0.9983139153378326,0.6931457591185277,null,0.1,25,149,0.5,6,0.9763654593271018,0.14009265818565544,0.5951368158436904,0.785751137585396,null,null,null
branin,fixed_iso_gpc,classifier_gated_diversity,classifier_gated_diversity,3,11,16,17,171,6.66017828776695,False,True,True,170,0.50233008552771,0.9953398289445801,0.693136321923509,null,0.1,25,149,0.5,10,0.9166578011819017,0.15345036252906624,0.6570789381411033,0.7868683696615024,null,null,null
branin,fixed_iso_gpc,classifier_gated_diversity,classifier_gated_diversity,3,12,17,18,332,23.819480444732385,False,False,False,330,0.49911696113600845,0.9982339222720169,0.693145621043864,null,0.1,25,149,0.5,4,0.976822756085078,0.14131339351819788,0.6007975892308792,0.7888101726579786,null,null,null
branin,fixed_iso_gpc,classifier_gated_diversity,classifier_gated_diversity,3,13,18,19,423,7.198138779994984,False,True,True,420,0.4998719069909575,0.999743813981915,0.693147147744307,null,0.1,25,149,0.5,0,1.0,0.14118717976216233,0.6016355829516782,0.8008177914758391,null,null,null
branin,fixed_iso_gpc,classifier_gated_diversity,classifier_gated_diversity,3,14,19,20,482,6.959094021300725,False,True,True,477,0.5025457921969272,0.9949084156061456,0.6931342183881194,null,0.1,25,149,0.5,6,0.9247639717368833,0.1319097298185522,0.558767506227426,0.7417657389821546,null,null,null
branin,fixed_iso_gpc,classifier_gated_diversity,classifier_gated_diversity,3,15,20,21,1332,13.470584913941167,False,False,False,1313,0.5011570039563398,0.9976859920873205,0.693144503241246,null,0.1,25,148,0.5,2,0.966849936483388,0.13751686630861815,0.5831923970005805,0.7750211667419842,null,null,null
branin,fixed_iso_gpc,classifier_gated_diversity,classifier_gated_diversity,3,16,21,22,771,7.541750539971652,False,True,True,762,0.5007314356157389,0.9985371287685223,0.6931461105634438,null,0.1,25,148,0.5,2,0.9657920842007734,0.1558462180623698,0.80490073976825,0.8853464119845118,null,null,null
branin,fixed_iso_gpc,classifier_gated_diversity,classifier_gated_diversity,3,17,22,23,308,99.94795403682446,False,False,False,306,0.4989145434404114,0.9978290868808228,0.6931448241262088,null,0.1,25,148,0.5,8,0.9275064367487087,0.16221109124568503,0.9580843535293231,0.9427953951390159,null,null,null
branin,fixed_iso_gpc,classifier_gated_diversity,classifier_gated_diversity,3,18,23,24,300,15.123611143093719,False,False,False,298,0.5032604126862381,0.9934791746275238,0.6931259198275028,null,0.1,25,148,0.5,27,0.7857701118373848,0.16921158866795177,1.0,0.8928850559186924,null,null,null
branin,fixed_iso_gpc,classifier_gated_diversity,classifier_gated_diversity,3,19,24,25,804,22.154312820840627,False,False,False,791,0.4995262247102572,0.9990524494205144,0.6931467316338278,null,0.1,25,148,0.5,0,1.0,0.11137552789475148,0.4619702214365178,0.7309851107182589,null,null,null
branin,fixed_iso_gpc,classifier_gated_diversity,classifier_gated_diversity,3,20,25,26,1306,26.642302453185703,False,False,False,1283,0.5008993925835332,0.9982012148329336,0.6931455627450342,null,0.1,25,148,0.5,15,0.9214507867216793,0.15914576734301544,0.6922258309448529,0.8068383088332661,null,null,null
branin,fixed_iso_gpc,classifier_gated_diversity,classifier_gated_diversity,3,21,26,27,978,65.0005569735293,False,False,False,960,0.5006791829122821,0.9986416341754358,0.693146257980805,null,0.1,25,148,0.5,1,0.9796890866653551,0.17207783885112826,0.7649651449340044,0.8723271157996797,null,null,null
branin,fixed_iso_gpc,classifier_gated_diversity,classifier_gated_diversity,3,22,27,28,1449,9.09966523180205,False,True,True,1423,0.5040148899592767,0.9919702200814466,0.6931149415307218,null,0.1,25,148,0.5,20,0.8702169873505479,0.11758908565694866,1.0,0.9351084936752739,null,null,null
branin,fixed_iso_gpc,classifier_gated_diversity,classifier_gated_diversity,3,23,28,29,758,18.932753640121433,False,False,False,747,0.4999267630848201,0.9998535261696402,0.6931471698326538,null,0.1,25,148,0.5,0,1.0,0.10493961895080577,0.881755566929586,0.940877783464793,null,null,null
branin,fixed_iso_gpc,classifier_gated_diversity,classifier_gated_diversity,3,24,29,30,824,27.104109217872324,False,False,False,809,0.4992823360562977,0.9985646721125954,0.6931461504765194,null,0.1,25,148,0.5,8,0.9323776083871579,0.11703575155261166,0.9678710717687335,0.9501243400779458,null,null,null
branin,fixed_iso_gpc,classifier_gated_diversity,classifier_gated_diversity,3,25,30,31,729,4.894852839318666,True,True,True,718,0.5014924570493879,0.9970150859012241,0.6931427256972416,null,0.1,25,147,0.5,7,0.9443939947095159,0.08427828181886624,0.7041747454736315,0.8242843700915736,null,null,null
branin,fixed_iso_gpc,classifier_gated_diversity,classifier_gated_diversity,3,26,31,32,52,51.95882098605725,False,False,False,51,0.5025629252341606,0.9948741495316789,0.6931340433309046,null,0.1,25,147,0.5,15,0.9138115332287096,0.09376788452901512,0.9451875594969879,0.9294995463628487,null,null,null
branin,fixed_iso_gpc,classifier_gated_diversity,classifier_gated_diversity,3,27,32,33,1226,12.40977181590204,False,False,False,1199,0.4972468637382379,0.9944937274764758,0.6931320209647891,null,0.1,25,147,0.5,19,0.8746184062368315,0.10519440310824482,0.9070265418738774,0.8908224740553545,null,null,null
branin,fixed_iso_gpc,classifier_gated_diversity,classifier_gated_diversity,3,28,33,34,81,25.198962732736145,False,False,False,79,0.5006626355830963,0.9986747288338074,0.6931463023878564,null,0.1,25,147,0.5,11,0.9617911354157235,0.09406287010992188,0.9271203209712471,0.9444557281934853,null,null,null
branin,fixed_iso_gpc,classifier_gated_diversity,classifier_gated_diversity,3,29,34,35,1194,16.74674432715549,False,False,False,1167,0.4990749640651664,0.9981499281303328,0.6931454691760076,null,0.1,25,147,0.5,6,0.9645123139906105,0.07797995778974466,0.8727496384968526,0.9186309762437316,null,null,null
branin,fixed_iso_gpc,classifier_gated_diversity,classifier_gated_diversity,3,30,35,36,224,7.163001437743894,False,True,True,220,0.4981957929601539,0.9963915859203079,0.6931406702197318,null,0.1,25,147,0.5,13,0.9213926014030474,0.09574890132980104,0.8612619336406536,0.8913272675218504,null,null,null
branin,fixed_iso_gpc,classifier_gated_diversity,classifier_gated_diversity,3,31,36,37,1051,0.05476100698519559,True,True,True,1026,0.4981987654473836,0.9963975308947672,0.693140691654083,null,0.1,25,147,0.5,12,0.9208054629614362,0.09959688391106968,1.0,0.9604027314807181,null,null,null
branin,fixed_iso_gpc,classifier_gated_diversity,classifier_gated_diversity,3,32,37,38,926,12.260621432479617,False,False,False,902,0.5018043634362717,0.9963912731274567,0.6931406690909918,null,0.1,25,147,0.5,13,0.9219126574726549,0.08208594157390288,0.9213630368332958,0.9216378471529754,null,null,null
branin,fixed_iso_gpc,classifier_gated_diversity,classifier_gated_diversity,3,33,38,39,114,2.1470032729000046,True,True,True,111,0.4991405120569219,0.9982810241138438,0.6931457031201691,null,0.1,25,147,0.5,4,0.9568386157031002,0.09304225578958847,1.0,0.9784193078515502,null,null,null
branin,fixed_iso_gpc,classifier_gated_diversity,classifier_gated_diversity,3,34,39,40,1042,3.9140542998399113,True,True,True,1015,0.49887281177889253,0.9977456235577851,0.6931446394512213,null,0.1,25,147,0.5,8,0.9374283468195564,0.08342768310905706,0.7318650412288027,0.8346466940241796,null,null,null
branin,fixed_iso_gpc,classifier_gated_diversity,classifier_gated_diversity,3,35,40,41,510,4.373050672227485,True,True,True,497,0.49848836438172395,0.9969767287634479,0.6931426104684985,null,0.1,25,146,0.5,11,0.9155649944484822,0.12517244121864865,1.0,0.957782497224241,null,null,null
branin,fixed_iso_gpc,classifier_gated_diversity,classifier_gated_diversity,3,36,41,42,208,0.4386479587619121,True,True,True,203,0.501999651646313,0.996000696707374,0.6931391833252135,null,0.1,25,146,0.5,14,0.8945088291564454,0.09054414121879087,0.9894071874610202,0.9419580083087328,null,null,null
branin,fixed_iso_gpc,classifier_gated_diversity,classifier_gated_diversity,3,37,42,43,1395,20.798675846203828,False,False,False,1355,0.49973277518986303,0.9994655503797261,0.6931470377417401,null,0.1,25,146,0.5,1,0.9866093383524935,0.0862463182698594,0.968079527029033,0.9773444326907632,null,null,null
branin,fixed_iso_gpc,classifier_gated_diversity,classifier_gated_diversity,3,38,43,44,358,2.008594345605605,True,True,True,348,0.4998382086648271,0.9996764173296542,0.6931471282070721,null,0.1,25,146,0.5,0,1.0,0.07587557339962035,0.8478344702965284,0.9239172351482642,null,null,null
branin,fixed_iso_gpc,classifier_gated_diversity,classifier_gated_diversity,3,39,44,45,138,18.158248223655058,False,False,False,134,0.4989842791171395,0.997968558234279,0.6931451171807024,null,0.1,25,146,0.5,5,0.9505070385269712,0.0867301081497121,0.9358480725428566,0.9431775555349139,null,null,null
branin,fixed_iso_gpc,classifier_gated_diversity,classifier_gated_diversity,3,40,45,46,80,14.045641517741139,False,False,False,78,0.5007187461567029,0.9985625076865943,0.6931461473675139,null,0.1,25,146,0.5,9,0.9764766892632499,0.06915921475219536,0.7956230171235682,0.8860498531934091,null,null,null
branin,fixed_iso_gpc,classifier_gated_diversity,classifier_gated_diversity,3,41,46,47,503,13.854730327875508,False,False,False,486,0.4993313712671088,0.9986627425342176,0.6931462864309139,null,0.1,25,146,0.5,3,0.9747257247214619,0.06446504529183655,0.7380703500551887,0.8563980373883253,null,null,null
branin,fixed_iso_gpc,classifier_gated_diversity,classifier_gated_diversity,3,42,47,48,1231,9.42563274644364,False,False,True,1190,0.5024302331100516,0.9951395337798967,0.6931353684474981,null,0.1,25,146,0.5,16,0.8704434312901511,0.07485894621603134,0.8687727949340174,0.8696081131120843,null,null,null
branin,fixed_iso_gpc,classifier_gated_diversity,classifier_gated_diversity,3,43,48,49,472,0.9012624746888882,True,True,True,457,0.4954985030210999,0.9909970060421998,0.6931066530623475,null,0.1,25,146,0.5,20,0.8293877224479644,0.08552196619924794,1.0,0.9146938612239822,null,null,null
branin,fixed_iso_gpc,classifier_gated_diversity,classifier_gated_diversity,3,44,49,50,1064,0.6547667213690431,True,True,True,1028,0.49936154752319295,0.9987230950463859,0.6931463653165935,null,0.1,25,146,0.5,1,0.9989749713245774,0.05699177883973094,0.6801879999519815,0.8395814856382795,null,null,null
branin,fixed_iso_gpc,classifier_uncertainty_repulsion,classifier_uncertainty_repulsion,3,1,6,7,1105,22.281638550511406,False,False,False,1101,0.5055395147731669,0.9889209704536661,0.6930858068565136,null,0.1,25,150,null,26,0.7089026302722062,null,null,0.7087509416659599,0.15,0.6166311424746308,0.9997860233552975
branin,fixed_iso_gpc,classifier_uncertainty_repulsion,classifier_uncertainty_repulsion,3,2,7,8,839,25.527152226259297,False,False,False,837,0.5000112266463799,0.9999775467072403,0.6931471803078701,null,0.1,25,150,null,0,1.0,null,null,0.9790995633168184,0.15,0.4172041888419337,0.9790995633168184
branin,fixed_iso_gpc,classifier_uncertainty_repulsion,classifier_uncertainty_repulsion,3,3,8,9,842,6.641184463270605,False,True,True,839,0.49935666425035263,0.9987133285007053,0.6931463527979433,null,0.1,25,150,null,5,0.9707236465641889,null,null,0.8751859139654802,0.15,0.3230068490788085,0.9015809154985993
branin,fixed_iso_gpc,classifier_uncertainty_repulsion,classifier_uncertainty_repulsion,3,4,9,10,1477,29.681213414853396,False,False,False,1468,0.4999822896500923,0.9999645793001846,0.6931471799326323,null,0.1,25,150,null,0,1.0,null,null,0.8079360667049464,0.15,0.2724825020855568,0.8079360667049464
branin,fixed_iso_gpc,classifier_uncertainty_repulsion,classifier_uncertainty_repulsion,3,5,10,11,779,14.795104549538408,False,False,False,777,0.5013046755027624,0.9973906489944753,0.693143776199747,null,0.1,25,149,null,13,0.9374574138522993,null,null,0.6382561233157927,0.15,0.22669906208553686,0.6808374587310618
branin,fixed_iso_gpc,classifier_uncertainty_repulsion,classifier_uncertainty_repulsion,3,6,11,12,878,21.952804172154917,False,False,False,873,0.5048885545390274,0.9902228909219453,0.6930993838674704,null,0.1,25,149,null,14,0.8619218877623366,null,null,0.6174118990045525,0.15,0.2381089706962536,0.7163200143431043
branin,fixed_iso_gpc,classifier_uncertainty_repulsion,classifier_uncertainty_repulsion,3,7,12,13,1211,23.731701078942777,False,False,False,1201,0.49802366757128347,0.9960473351425669,0.6931393687598664,null,0.1,25,149,null,6,0.9556100202497076,null,null,0.5429476438144236,0.15,0.19438982995081094,0.5681686381569624
branin,fixed_iso_gpc,classifier_uncertainty_repulsion,classifier_uncertainty_repulsion,3,8,13,14,449,18.82373236101593,False,False,False,448,0.49840273517668354,0.9968054703533671,0.6931420780414351,null,0.1,25,149,null,10,0.9592259447267545,null,null,0.5008982334316701,0.15,0.18230304124070817,0.5221900389426561
branin,fixed_iso_gpc,classifier_uncertainty_repulsion,classifier_uncertainty_repulsion,3,9,14,15,549,18.88160774297493,False,False,False,546,0.49986555888957485,0.9997311177791497,0.6931471444111206,null,0.1,25,149,null,0,1.0,null,null,0.4044281629049815,0.15,0.1527105002626879,0.4044281629049815
branin,fixed_iso_gpc,classifier_uncertainty_repulsion,classifier_uncertainty_repulsion,3,10,15,16,544,17.26136539156513,False,False,False,541,0.5008430423310837,0.9983139153378326,0.6931457591185277,null,0.1,25,149,null,6,0.9763654593271018,null,null,0.3451137577206891,0.15,0.14009265818565544,0.35346780698134994
branin,fixed_iso_gpc,classifier_uncertainty_repulsion,classifier_uncertainty_repulsion,3,11,16,17,171,6.66017828776695,False,True,True,170,0.50233008552771,0.9953398289445801,0.693136321923509,null,0.1,25,149,null,10,0.9166578011819017,null,null,0.37346340598629635,0.15,0.15345036252906624,0.40741856503568474
branin,fixed_iso_gpc,classifier_uncertainty_repulsion,classifier_uncertainty_repulsion,3,12,17,18,332,23.819480444732385,False,False,False,330,0.49911696113600845,0.9982339222720169,0.693145621043864,null,0.1,25,149,null,4,0.976822756085078,null,null,0.3500781669315151,0.15,0.14131339351819788,0.35838453266031867
branin,fixed_iso_gpc,classifier_uncertainty_repulsion,classifier_uncertainty_repulsion,3,13,18,19,423,7.198138779994984,False,True,True,420,0.4998719069909575,0.999743813981915,0.693147147744307,null,0.1,25,149,null,0,1.0,null,null,0.3578759513429913,0.15,0.14118717976216233,0.3578759513429913
branin,fixed_iso_gpc,classifier_uncertainty_repulsion,classifier_uncertainty_repulsion,3,14,19,20,155,8.82089014479525,False,True,True,154,0.5046701451721205,0.990659709655759,0.6931035594138162,null,0.1,25,149,null,14,0.8556694805091707,null,null,0.30857387437862266,0.15,0.14186869805645827,0.3606227420837823
branin,fixed_iso_gpc,classifier_uncertainty_repulsion,classifier_uncertainty_repulsion,3,15,20,21,505,15.395538638687224,False,False,False,498,0.5004786385756428,0.9990427228487144,0.6931467223701031,null,0.1,25,148,null,0,1.0,null,null,0.3349998767359871,0.15,0.135493772491276,0.3349998767359871
branin,fixed_iso_gpc,classifier_uncertainty_repulsion,classifier_uncertainty_repulsion,3,16,21,22,119,22.265104583568867,False,False,False,118,0.49809289278931823,0.9961857855786365,0.6931399064264816,null,0.1,25,148,null,8,0.9121062865201163,null,null,0.43551230207378644,0.15,0.17090676178582806,0.47747977237977446
branin,fixed_iso_gpc,classifier_uncertainty_repulsion,classifier_uncertainty_repulsion,3,17,22,23,322,13.163091293760736,False,False,False,318,0.5006176504295967,0.9987646991408066,0.6931464175756449,null,0.1,25,148,null,4,0.9524277768010925,null,null,0.32005050785877215,0.15,0.1357525887066478,0.33603651180115923
branin,fixed_iso_gpc,classifier_uncertainty_repulsion,classifier_uncertainty_repulsion,3,18,23,24,308,99.94795403682446,False,False,False,304,0.49259449134215494,0.9851889826843099,0.6930374934325019,null,0.1,25,148,null,51,0.5589277085654124,null,null,0.2754349129990345,0.15,0.17477844381974927,0.4927916594186882
branin,fixed_iso_gpc,classifier_uncertainty_repulsion,classifier_uncertainty_repulsion,3,19,24,25,210,15.598083691630318,False,False,False,206,0.49910361098208256,0.9982072219641651,0.6931455735325416,null,0.1,25,148,null,3,0.9565903538371792,null,null,0.22331531005302183,0.15,0.10937754501453775,0.2334492598187251
branin,fixed_iso_gpc,classifier_uncertainty_repulsion,classifier_uncertainty_repulsion,3,20,25,26,1301,23.752374825574698,False,False,False,1277,0.5047360825504299,0.9905278348991402,0.6931023189332371,null,0.1,25,148,null,77,0.5438672749122282,null,null,0.32310325848511623,0.15,0.2014261421232124,0.5940847581558573
branin,fixed_iso_gpc,classifier_uncertainty_repulsion,classifier_uncertainty_repulsion,3,21,26,27,297,68.89431171936002,False,False,False,292,0.5064247398259596,0.9871505203480808,0.6930646237243807,null,0.1,25,148,null,38,0.7302050080733236,null,null,0.3854477975236698,0.15,0.1837711084963981,0.5278624403586192
branin,fixed_iso_gpc,classifier_uncertainty_repulsion,classifier_uncertainty_repulsion,3,22,27,28,151,1.7755378492451968,True,True,True,149,0.49848303995052046,0.9969660799010409,0.6931425782173013,null,0.1,25,148,null,6,0.9405388228374941,null,null,0.3110628985333396,0.15,0.13442633444396204,0.3307283984247452
branin,fixed_iso_gpc,classifier_uncertainty_repulsion,classifier_uncertainty_repulsion,3,23,28,29,101,43.538535500373044,False,False,False,100,0.4955436807632676,0.9910873615265352,0.693107462471821,null,0.1,25,148,null,26,0.834744466898037,null,null,0.22200742846210567,0.15,0.11795567030587664,0.26595855050959394
branin,fixed_iso_gpc,classifier_uncertainty_repulsion,classifier_uncertainty_repulsion,3,24,29,30,114,2.1470032729000046,True,True,True,112,0.49691292557123834,0.9938258511424767,0.6931281203817907,null,0.1,25,148,null,23,0.8562632879366754,null,null,0.17761934651901687,0.15,0.10228225027510703,0.20743543372859474
branin,fixed_iso_gpc,classifier_uncertainty_repulsion,classifier_uncertainty_repulsion,3,25,30,31,395,4.232377925189567,True,True,True,383,0.4985452281434677,0.9970904562869354,0.6931429478316642,null,0.1,25,147,null,14,0.9216489621432215,null,null,0.2043114680377204,0.15,0.10619703024064717,0.22168035383299334
branin,fixed_iso_gpc,classifier_uncertainty_repulsion,classifier_uncertainty_repulsion,3,26,31,32,1109,1.432554689037822,True,True,True,1083,0.5025924240586077,0.9948151518827846,0.6931337391747223,null,0.1,25,147,null,21,0.8613148840493478,null,null,0.15511346644522234,0.15,0.09452610727479473,0.1800891512706465
branin,fixed_iso_gpc,classifier_uncertainty_repulsion,classifier_uncertainty_repulsion,3,27,32,33,1315,2.2873328009594474,True,True,True,1284,0.5025824388306663,0.9948351223386673,0.6931338425200158,null,0.1,25,147,null,10,0.9168261653229878,null,null,0.14041955356336266,0.15,0.08649201304021535,0.15315831820080572
branin,fixed_iso_gpc,classifier_uncertainty_repulsion,classifier_uncertainty_repulsion,3,28,33,34,318,10.860532463110914,False,False,True,308,0.4999064897734252,0.9998129795468504,0.6931471630716203,null,0.1,25,147,null,0,1.0,null,null,0.14605412434603526,0.15,0.08429078187853545,0.14605412434603526
branin,fixed_iso_gpc,classifier_uncertainty_repulsion,classifier_uncertainty_repulsion,3,29,34,35,224,7.163001437743894,False,True,True,216,0.4974421745391151,0.9948843490782302,0.6931340955606962,null,0.1,25,147,null,13,0.8877261607229925,null,null,0.1636234332629787,0.15,0.09574890132980104,0.18431746241399327
branin,fixed_iso_gpc,classifier_uncertainty_repulsion,classifier_uncertainty_repulsion,3,30,35,36,74,3.453084272574614,True,True,True,73,0.4995694722098346,0.9991389444196692,0.6931468098515433,null,0.1,25,147,null,2,0.9814193977623322,null,null,0.1396053478787944,0.15,0.0830953272274256,0.1422484089850874
branin,fixed_iso_gpc,classifier_uncertainty_repulsion,classifier_uncertainty_repulsion,3,31,36,37,1497,10.775943672285926,False,False,True,1461,0.5003819347800248,0.9992361304399504,0.6931468888115646,null,0.1,25,147,null,0,1.0,null,null,0.16388989165738843,0.15,0.08974838979819784,0.16388989165738843
branin,fixed_iso_gpc,classifier_uncertainty_repulsion,classifier_uncertainty_repulsion,3,32,37,38,115,22.96799248840974,False,False,False,111,0.4990486590079597,0.9980973180159194,0.693145370459487,null,0.1,25,147,null,2,0.9643573096595895,null,null,0.11986990572049602,0.15,0.07728481498463982,0.12430030292694016
branin,fixed_iso_gpc,classifier_uncertainty_repulsion,classifier_uncertainty_repulsion,3,33,38,39,514,13.280771516038683,False,False,False,493,0.5020011835644063,0.9959976328711875,0.6931391710672444,null,0.1,25,147,null,9,0.9293308645684472,null,null,0.12043190843133188,0.15,0.07902902487492404,0.12958991573712209
branin,fixed_iso_gpc,classifier_uncertainty_repulsion,classifier_uncertainty_repulsion,3,34,39,40,829,4.498799455325312,True,True,True,804,0.49251491518343116,0.9850298303668623,0.6930351233848568,null,0.1,25,147,null,37,0.7327904743814754,null,null,0.0912178731342374,0.15,0.0773445913579114,0.12448015677500646
branin,fixed_iso_gpc,classifier_uncertainty_repulsion,classifier_uncertainty_repulsion,3,35,40,41,2,19.50882599247874,False,False,False,2,0.5009220810246706,0.9981558379506588,0.6931454800921493,null,0.1,25,146,null,2,0.9714875215782629,null,null,0.09949531328233605,0.15,0.0697291697344782,0.102415431050208
branin,fixed_iso_gpc,classifier_uncertainty_repulsion,classifier_uncertainty_repulsion,3,36,41,42,358,2.008594345605605,True,True,True,341,0.5009535349936598,0.9980929300126804,0.6931453621008747,null,0.1,25,146,null,5,0.9794626813786385,null,null,0.11762364300417502,0.15,0.07587557339962035,0.12008996895993462
branin,fixed_iso_gpc,classifier_uncertainty_repulsion,classifier_uncertainty_repulsion,3,37,42,43,472,0.9012624746888882,True,True,True,451,0.49534673154620457,0.9906934630924091,0.6931038741201863,null,0.1,25,146,null,25,0.8355290781546127,null,null,0.12533969702700054,0.15,0.08552196619924794,0.1500123697715362
branin,fixed_iso_gpc,classifier_uncertainty_repulsion,classifier_uncertainty_repulsion,3,38,43,44,703,0.7034498132611375,True,True,True,676,0.49455161228727285,0.9891032245745457,0.6930878095276265,null,0.1,25,146,null,34,0.8098486137066973,null,null,0.10115130176432177,0.15,0.07748449477428958,0.1249014939981804
branin,fixed_iso_gpc,classifier_uncertainty_repulsion,classifier_uncertainty_repulsion,3,39,44,45,1129,29.986098634558275,False,False,False,1091,0.4990701952482619,0.9981403904965238,0.693145451485196,null,0.1,25,146,null,5,0.9573988484832564,null,null,0.10870666108126449,0.15,0.07364481019707035,0.11354375582703202
branin,fixed_iso_gpc,classifier_uncertainty_repulsion,classifier_uncertainty_repulsion,3,40,45,46,954,26.226031106022138,False,False,False,920,0.5002804598034142,0.9994390803931716,0.6931470232445345,null,0.1,25,146,null,1,0.9976956000690091,null,null,0.20802959662730414,0.15,0.10258029289466053,0.20851008725799236
branin,fixed_iso_gpc,classifier_uncertainty_repulsion,classifier_uncertainty_repulsion,3,41,46,47,670,7.890699426165668,False,True,True,643,0.4963427239835161,0.9926854479670322,0.693120428985674,null,0.1,25,146,null,19,0.8456424009277391,null,null,0.09772108513035262,0.15,0.0743367059357229,0.11555840272808526
branin,fixed_iso_gpc,classifier_uncertainty_repulsion,classifier_uncertainty_repulsion,3,42,47,48,1241,9.651168800972961,False,False,True,1198,0.5022367291492582,0.9955265417014836,0.6931371746119981,null,0.1,25,146,null,9,0.8951545965196075,null,null,0.16349323936398813,0.15,0.0952656263144651,0.18264246198327705
branin,fixed_iso_gpc,classifier_uncertainty_repulsion,classifier_uncertainty_repulsion,3,43,48,49,214,11.470301499913333,False,False,True,203,0.49967608023630206,0.9993521604726041,0.693146970711904,null,0.1,25,146,null,1,0.9946823863364344,null,null,0.16180638074618958,0.15,0.08938255657958202,0.16267140442905292
branin,fixed_iso_gpc,classifier_uncertainty_repulsion,classifier_uncertainty_repulsion,3,44,49,50,593,23.42127609779196,False,False,False,565,0.4902885003472548,0.9805770006945096,0.6929585422471654,null,0.1,25,146,null,64,0.6069296395129706,null,null,0.0838247530926557,0.15,0.08178257450155257,0.13811280193849274
branin,optimized_iso_gpc,random,random,3,1,6,7,82,6.543887859919742,False,True,True,81,0.7201149788201633,0.5597700423596734,0.5928446915752384,null,null,null,null,null,null,null,null,null,null,null,null,null
branin,optimized_iso_gpc,random,random,3,2,7,8,352,51.39809064973572,False,False,False,350,0.7661864082338639,0.4676271835322723,0.5438434447550946,null,null,null,null,null,null,null,null,null,null,null,null,null
branin,optimized_iso_gpc,random,random,3,3,8,9,1471,93.27619706016094,False,False,False,1463,0.8216104948792236,0.3567790102415529,0.4689426101683039,null,null,null,null,null,null,null,null,null,null,null,null,null
branin,optimized_iso_gpc,random,random,3,4,9,10,287,21.9339452412234,False,False,False,285,0.46945954848731475,0.9389190969746295,0.6912805805148012,null,null,null,null,null,null,null,null,null,null,null,null,null
branin,optimized_iso_gpc,random,random,3,5,10,11,525,94.35747103002778,False,False,False,520,0.8211838445657804,0.35763231086843916,0.469593611335129,null,null,null,null,null,null,null,null,null,null,null,null,null
branin,optimized_iso_gpc,random,random,3,6,11,12,1389,22.848074112756805,False,False,False,1379,0.8809605208505218,0.23807895829895642,0.3650068420763591,null,null,null,null,null,null,null,null,null,null,null,null,null
branin,optimized_iso_gpc,random,random,3,7,12,13,577,23.536868347284965,False,False,False,571,0.6574079243999904,0.6851841512000192,0.6427398342622499,null,null,null,null,null,null,null,null,null,null,null,null,null
branin,optimized_iso_gpc,random,random,3,8,13,14,291,35.31058713553085,False,False,False,288,0.9092587995723989,0.18148240085520229,0.30424934460209085,null,null,null,null,null,null,null,null,null,null,null,null,null
branin,optimized_iso_gpc,random,random,3,9,14,15,1235,2.3349128307772062,True,True,True,1224,0.8540679343866486,0.29186413122670274,0.41558746003136476,null,null,null,null,null,null,null,null,null,null,null,null,null
branin,optimized_iso_gpc,random,random,3,10,15,16,1480,98.92317116581557,False,False,False,1465,0.9034200788291855,0.19315984234162897,0.3175026389698885,null,null,null,null,null,null,null,null,null,null,null,null,null
branin,optimized_iso_gpc,random,random,3,11,16,17,243,10.86724480219165,False,False,True,241,0.6098062202922279,0.7803875594155443,0.6688346879664935,null,null,null,null,null,null,null,null,null,null,null,null,null
branin,optimized_iso_gpc,random,random,3,12,17,18,949,21.206909435785178,False,False,False,939,0.6221674365838794,0.7556651268322412,0.6629930846275522,null,null,null,null,null,null,null,null,null,null,null,null,null
branin,optimized_iso_gpc,random,random,3,13,18,19,307,24.307924452225564,False,False,False,302,0.5122323555017054,0.9755352889965891,0.6928478896581655,null,null,null,null,null,null,null,null,null,null,null,null,null
branin,optimized_iso_gpc,random,random,3,14,19,20,330,18.85211297251,False,False,False,324,0.5094871564247754,0.9810256871504492,0.6929671574828602,null,null,null,null,null,null,null,null,null,null,null,null,null
branin,optimized_iso_gpc,random,random,3,15,20,21,1272,6.982622401694929,False,True,True,1255,0.6080350850504885,0.7839298298990229,0.6696189076801677,null,null,null,null,null,null,null,null,null,null,null,null,null
branin,optimized_iso_gpc,random,random,3,16,21,22,1178,49.12103348826952,False,False,False,1163,0.9298182883793515,0.14036342324129691,0.2541087250341619,null,null,null,null,null,null,null,null,null,null,null,null,null
branin,optimized_iso_gpc,random,random,3,17,22,23,656,152.7601851856345,False,False,False,645,0.6939234127958116,0.6121531744083768,0.6159253996384236,null,null,null,null,null,null,null,null,null,null,null,null,null
branin,optimized_iso_gpc,random,random,3,18,23,24,401,2.910037167859162,True,True,True,393,0.4560702466016977,0.9121404932033954,0.6892825530729043,null,null,null,null,null,null,null,null,null,null,null,null,null
branin,optimized_iso_gpc,random,random,3,19,24,25,7,165.68498840984952,False,False,False,7,0.8428751336364257,0.3142497327271485,0.43487134859560783,null,null,null,null,null,null,null,null,null,null,null,null,null
branin,optimized_iso_gpc,random,random,3,20,25,26,1203,13.613715792176976,False,False,False,1184,0.41999880718231,0.83999761436462,0.6802916151794209,null,null,null,null,null,null,null,null,null,null,null,null,null
branin,optimized_iso_gpc,random,random,3,21,26,27,838,141.06024954859342,False,False,False,824,0.8191935668565975,0.361612866286805,0.47261411921428387,null,null,null,null,null,null,null,null,null,null,null,null,null
branin,optimized_iso_gpc,random,random,3,22,27,28,1287,13.864614396319759,False,False,False,1263,0.16677221743555037,0.33354443487110075,0.45073104617473053,null,null,null,null,null,null,null,null,null,null,null,null,null
branin,optimized_iso_gpc,random,random,3,23,28,29,1012,102.37428286643234,False,False,False,995,0.9432657775287225,0.11346844494255492,0.21788541841162096,null,null,null,null,null,null,null,null,null,null,null,null,null
branin,optimized_iso_gpc,random,random,3,24,29,30,101,43.538535500373044,False,False,False,98,0.3886729292410962,0.7773458584821924,0.6681507689870942,null,null,null,null,null,null,null,null,null,null,null,null,null
branin,optimized_iso_gpc,random,random,3,25,30,31,252,102.21082835268857,False,False,False,247,0.9493947856852856,0.10121042862942886,0.2002934189889073,null,null,null,null,null,null,null,null,null,null,null,null,null
branin,optimized_iso_gpc,random,random,3,26,31,32,452,27.456075169196193,False,False,False,440,0.34171778983312606,0.6834355796662521,0.6421683084213187,null,null,null,null,null,null,null,null,null,null,null,null,null
branin,optimized_iso_gpc,random,random,3,27,32,33,1255,0.9245025270449361,True,True,True,1228,0.5943629712279233,0.8112740575441535,0.6752311872587113,null,null,null,null,null,null,null,null,null,null,null,null,null
branin,optimized_iso_gpc,random,random,3,28,33,34,450,23.112910634092806,False,False,False,438,0.5949883392335948,0.8100233215328103,0.6749914658198106,null,null,null,null,null,null,null,null,null,null,null,null,null
branin,optimized_iso_gpc,random,random,3,29,34,35,1202,7.632908358342668,False,True,True,1177,0.16444968428754692,0.32889936857509383,0.4469753561294181,null,null,null,null,null,null,null,null,null,null,null,null,null
branin,optimized_iso_gpc,random,random,3,30,35,36,505,15.395538638687224,False,False,False,490,0.5389729485357151,0.9220541029285698,0.6901063155862379,null,null,null,null,null,null,null,null,null,null,null,null,null
branin,optimized_iso_gpc,random,random,3,31,36,37,109,9.938941461387735,False,False,True,105,0.39341513877405987,0.7868302775481197,0.6702512329533303,null,null,null,null,null,null,null,null,null,null,null,null,null
branin,optimized_iso_gpc,random,random,3,32,37,38,894,129.01571167122398,False,False,False,872,0.853241502156834,0.29351699568633194,0.4170449222906272,null,null,null,null,null,null,null,null,null,null,null,null,null
branin,optimized_iso_gpc,random,random,3,33,38,39,773,6.78891812769244,False,True,True,753,0.2672666765991494,0.5345333531982988,0.5805212219665296,null,null,null,null,null,null,null,null,null,null,null,null,null
branin,optimized_iso_gpc,random,random,3,34,39,40,960,58.16151897005669,False,False,False,935,0.9603065057456206,0.0793869885087588,0.1669688297172297,null,null,null,null,null,null,null,null,null,null,null,null,null
branin,optimized_iso_gpc,random,random,3,35,40,41,966,11.745420146144312,False,False,True,940,0.6606933727489377,0.6786132545021246,0.6405744961676785,null,null,null,null,null,null,null,null,null,null,null,null,null
branin,optimized_iso_gpc,random,random,3,36,41,42,359,25.382622716313406,False,False,False,347,0.35693714994670245,0.7138742998934049,0.6516355570643637,null,null,null,null,null,null,null,null,null,null,null,null,null
branin,optimized_iso_gpc,random,random,3,37,42,43,570,153.0729039253852,False,False,False,551,0.874701875302776,0.250596249394448,0.37734987910601586,null,null,null,null,null,null,null,null,null,null,null,null,null
branin,optimized_iso_gpc,random,random,3,38,43,44,1402,21.331983552693135,False,False,False,1361,0.284531495905469,0.569062991810938,0.5971823788706498,null,null,null,null,null,null,null,null,null,null,null,null,null
branin,optimized_iso_gpc,random,random,3,39,44,45,1426,90.3204709990842,False,False,False,1384,0.9659715992985412,0.0680568014029177,0.14847779658157267,null,null,null,null,null,null,null,null,null,null,null,null,null
branin,optimized_iso_gpc,random,random,3,40,45,46,169,50.56088246854597,False,False,False,164,0.9602030052520831,0.07959398949583374,0.16729844863975163,null,null,null,null,null,null,null,null,null,null,null,null,null
branin,optimized_iso_gpc,random,random,3,41,46,47,447,19.487094835272657,False,False,False,432,0.2372312197737756,0.4744624395475512,0.5478673415431322,null,null,null,null,null,null,null,null,null,null,null,null,null
branin,optimized_iso_gpc,random,random,3,42,47,48,604,19.47533527086391,False,False,False,581,0.20939545624651146,0.4187909124930229,0.5131545929703811,null,null,null,null,null,null,null,null,null,null,null,null,null
branin,optimized_iso_gpc,random,random,3,43,48,49,250,15.131710410082036,False,False,False,243,0.5075753215539311,0.9848493568921377,0.6930324051754575,null,null,null,null,null,null,null,null,null,null,null,null,null
branin,optimized_iso_gpc,random,random,3,44,49,50,558,14.615781840916789,False,False,False,536,0.8582844092240975,0.2834311815518049,0.40806559851722224,null,null,null,null,null,null,null,null,null,null,null,null,null
branin,optimized_iso_gpc,classifier_margin,classifier_margin,3,1,6,7,10,10.248163493797602,False,False,True,10,0.7080511420934954,0.5838977158130092,0.6038874480030025,null,null,null,null,null,null,null,null,null,null,null,null,null
branin,optimized_iso_gpc,classifier_margin,classifier_margin,3,2,7,8,1076,83.17415720211092,False,False,False,1072,0.5001585626097791,0.9996828747804418,0.6931471302757422,null,null,null,null,null,null,null,null,null,null,null,null,null
branin,optimized_iso_gpc,classifier_margin,classifier_margin,3,3,8,9,403,6.79706923894183,False,True,True,401,0.5025385727044318,0.9949228545911364,0.6931342918018205,null,null,null,null,null,null,null,null,null,null,null,null,null
branin,optimized_iso_gpc,classifier_margin,classifier_margin,3,4,9,10,1447,23.949141445472378,False,False,False,1438,0.5002550302701475,0.999489939459705,0.6931470504790622,null,null,null,null,null,null,null,null,null,null,null,null,null
branin,optimized_iso_gpc,classifier_margin,classifier_margin,3,5,10,11,1162,6.3174331025862,False,True,True,1154,0.49825881877602196,0.9965176375520439,0.6931411171235807,null,null,null,null,null,null,null,null,null,null,null,null,null
branin,optimized_iso_gpc,classifier_margin,classifier_margin,3,6,11,12,804,22.154312820840627,False,False,False,800,0.4996697401005472,0.9993394802010944,0.693146962416727,null,null,null,null,null,null,null,null,null,null,null,null,null
branin,optimized_iso_gpc,classifier_margin,classifier_margin,3,7,12,13,1062,7.434682903410707,False,True,True,1056,0.49901229846843154,0.9980245969368631,0.6931452294500455,null,null,null,null,null,null,null,null,null,null,null,null,null
branin,optimized_iso_gpc,classifier_margin,classifier_margin,3,8,13,14,1036,1.0342821962749262,True,True,True,1030,0.5027176555821535,0.9945646888356929,0.6931324091834876,null,null,null,null,null,null,null,null,null,null,null,null,null
branin,optimized_iso_gpc,classifier_margin,classifier_margin,3,9,14,15,749,47.95344763479335,False,False,False,745,0.5041475290578568,0.9917049418842865,0.693112776170818,null,null,null,null,null,null,null,null,null,null,null,null,null
branin,optimized_iso_gpc,classifier_margin,classifier_margin,3,10,15,16,1105,22.281638550511406,False,False,False,1094,0.5023590363539254,0.9952819272921491,0.6931360504136136,null,null,null,null,null,null,null,null,null,null,null,null,null
branin,optimized_iso_gpc,classifier_margin,classifier_margin,3,11,16,17,645,2.5072699025521636,True,True,True,641,0.49980037991041537,0.9996007598208307,0.6931471008635828,null,null,null,null,null,null,null,null,null,null,null,null,null
branin,optimized_iso_gpc,classifier_margin,classifier_margin,3,12,17,18,1000,21.721864348578187,False,False,False,992,0.5010516527619848,0.9978966944760304,0.6931449686112507,null,null,null,null,null,null,null,null,null,null,null,null,null
branin,optimized_iso_gpc,classifier_margin,classifier_margin,3,13,18,19,1294,15.024496234759525,False,False,False,1277,0.49980727598264096,0.9996145519652819,0.6931471062748498,null,null,null,null,null,null,null,null,null,null,null,null,null
branin,optimized_iso_gpc,classifier_margin,classifier_margin,3,14,19,20,1378,18.97972706996126,False,False,False,1360,0.5001547516545228,0.9996904966909543,0.6931471326637955,null,null,null,null,null,null,null,null,null,null,null,null,null
branin,optimized_iso_gpc,classifier_margin,classifier_margin,3,15,20,21,1144,11.617069557894649,False,False,True,1129,0.5001598725303837,0.9996802549392325,0.6931471294414925,null,null,null,null,null,null,null,null,null,null,null,null,null
branin,optimized_iso_gpc,classifier_margin,classifier_margin,3,16,21,22,385,1.6808862540859302,True,True,True,383,0.49988976946605723,0.9997795389321145,0.693147156258404,null,null,null,null,null,null,null,null,null,null,null,null,null
branin,optimized_iso_gpc,classifier_margin,classifier_margin,3,17,22,23,635,26.345388425784442,False,False,False,630,0.5001356947299052,0.9997286105401897,0.6931471437338254,null,null,null,null,null,null,null,null,null,null,null,null,null
branin,optimized_iso_gpc,classifier_margin,classifier_margin,3,18,23,24,582,19.528587938251867,False,False,False,577,0.5001521103667086,0.9996957792665828,0.6931471342848172,null,null,null,null,null,null,null,null,null,null,null,null,null
branin,optimized_iso_gpc,classifier_margin,classifier_margin,3,19,24,25,114,2.1470032729000046,True,True,True,112,0.4999046655157448,0.9998093310314896,0.6931471623826174,null,null,null,null,null,null,null,null,null,null,null,null,null
branin,optimized_iso_gpc,classifier_margin,classifier_margin,3,20,25,26,1205,10.288798604408832,False,False,True,1184,0.50060334675905,0.9987933064818999,0.6931464525051454,null,null,null,null,null,null,null,null,null,null,null,null,null
branin,optimized_iso_gpc,classifier_margin,classifier_margin,3,21,26,27,1241,9.651168800972961,False,False,True,1218,0.5004408330581201,0.9991183338837597,0.6931467918923246,null,null,null,null,null,null,null,null,null,null,null,null,null
branin,optimized_iso_gpc,classifier_margin,classifier_margin,3,22,27,28,1474,26.148549618575757,False,False,False,1447,0.5000440044548685,0.999911991090263,0.6931471766871612,null,null,null,null,null,null,null,null,null,null,null,null,null
branin,optimized_iso_gpc,classifier_margin,classifier_margin,3,23,28,29,1465,11.791509421193908,False,False,True,1438,0.4994602349889088,0.9989204699778176,0.6931465978672977,null,null,null,null,null,null,null,null,null,null,null,null,null
branin,optimized_iso_gpc,classifier_margin,classifier_margin,3,24,29,30,941,18.784858097059825,False,False,False,929,0.49990578699425003,0.9998115739885001,0.6931471628077643,null,null,null,null,null,null,null,null,null,null,null,null,null
branin,optimized_iso_gpc,classifier_margin,classifier_margin,3,25,30,31,71,0.19794891481249266,True,True,True,69,0.49998889310397504,0.9999777862079501,0.693147180313219,null,null,null,null,null,null,null,null,null,null,null,null,null
branin,optimized_iso_gpc,classifier_margin,classifier_margin,3,26,31,32,803,5.368740172728685,False,True,True,792,0.5001156232834514,0.9997687534330972,0.6931471538224576,null,null,null,null,null,null,null,null,null,null,null,null,null
branin,optimized_iso_gpc,classifier_margin,classifier_margin,3,27,32,33,1449,9.09966523180205,False,True,True,1419,0.5028204268240293,0.9943591463519414,0.6931312708606329,null,null,null,null,null,null,null,null,null,null,null,null,null
branin,optimized_iso_gpc,classifier_margin,classifier_margin,3,28,33,34,5,3.701823556359333,True,True,True,5,0.5009485509956002,0.9981028980087996,0.6931453810608834,null,null,null,null,null,null,null,null,null,null,null,null,null
branin,optimized_iso_gpc,classifier_margin,classifier_margin,3,29,34,35,39,8.176091348141298,False,True,True,36,0.5000124250023036,0.9999751499953928,0.6931471802511839,null,null,null,null,null,null,null,null,null,null,null,null,null
branin,optimized_iso_gpc,classifier_margin,classifier_margin,3,30,35,36,1218,52.87348100794101,False,False,False,1191,0.500000000111859,0.9999999997762821,0.6931471805599453,null,null,null,null,null,null,null,null,null,null,null,null,null
branin,optimized_iso_gpc,classifier_margin,classifier_margin,3,31,36,37,401,2.910037167859162,True,True,True,394,0.5007631040491949,0.9984737919016102,0.6931460159039133,null,null,null,null,null,null,null,null,null,null,null,null,null
branin,optimized_iso_gpc,classifier_margin,classifier_margin,3,32,37,38,370,0.14592122464425472,True,True,True,364,0.49422310919221957,0.9884462183844391,0.6930804341400938,null,null,null,null,null,null,null,null,null,null,null,null,null
branin,optimized_iso_gpc,classifier_margin,classifier_margin,3,33,38,39,1423,2.4149571605871074,True,True,True,1389,0.49743511690260256,0.9948702338052051,0.6931340232516336,null,null,null,null,null,null,null,null,null,null,null,null,null
branin,optimized_iso_gpc,classifier_margin,classifier_margin,3,34,39,40,792,1.4960191596663073,True,True,True,777,0.4999933017212493,0.9999866034424986,0.6931471804702114,null,null,null,null,null,null,null,null,null,null,null,null,null
branin,optimized_iso_gpc,classifier_margin,classifier_margin,3,35,40,41,889,19.764654003277823,False,False,False,871,0.49782305164581864,0.9956461032916373,0.693137702321726,null,null,null,null,null,null,null,null,null,null,null,null,null
branin,optimized_iso_gpc,classifier_margin,classifier_margin,3,36,41,42,1497,10.775943672285926,False,False,True,1456,0.4963204799657701,0.9926409599315402,0.6931201025801741,null,null,null,null,null,null,null,null,null,null,null,null,null
branin,optimized_iso_gpc,classifier_margin,classifier_margin,3,37,42,43,310,5.9360418568896165,False,True,True,304,0.5000530175485073,0.9998939649029854,0.6931471749382243,null,null,null,null,null,null,null,null,null,null,null,null,null
branin,optimized_iso_gpc,classifier_margin,classifier_margin,3,38,43,44,1331,5.817183131098673,False,True,True,1295,0.4986565896115027,0.9973131792230054,0.6931435710526586,null,null,null,null,null,null,null,null,null,null,null,null,null
branin,optimized_iso_gpc,classifier_margin,classifier_margin,3,39,44,45,1230,18.459766803562687,False,False,False,1197,0.5001657464392428,0.9996685071215143,0.6931471256161801,null,null,null,null,null,null,null,null,null,null,null,null,null
branin,optimized_iso_gpc,classifier_margin,classifier_margin,3,40,45,46,331,5.224297084513832,False,True,True,324,0.5003567739823341,0.9992864520353317,0.6931469259845748,null,null,null,null,null,null,null,null,null,null,null,null,null
branin,optimized_iso_gpc,classifier_margin,classifier_margin,3,41,46,47,208,0.4386479587619121,True,True,True,202,0.5005964203617104,0.9988071592765793,0.6931464691252809,null,null,null,null,null,null,null,null,null,null,null,null,null
branin,optimized_iso_gpc,classifier_margin,classifier_margin,3,42,47,48,1422,3.2716205099218882,True,True,True,1381,0.49965609670200906,0.9993121934040181,0.6931469440209699,null,null,null,null,null,null,null,null,null,null,null,null,null
branin,optimized_iso_gpc,classifier_margin,classifier_margin,3,43,48,49,465,11.684410339903032,False,False,True,452,0.499414627016852,0.998829254033704,0.6931464952367299,null,null,null,null,null,null,null,null,null,null,null,null,null
branin,optimized_iso_gpc,classifier_margin,classifier_margin,3,44,49,50,1114,7.566027888854926,False,True,True,1082,0.5020903440081388,0.9958193119837224,0.6931384414583432,null,null,null,null,null,null,null,null,null,null,null,null,null
branin,optimized_iso_gpc,classifier_entropy,classifier_entropy,3,1,6,7,10,10.248163493797602,False,False,True,10,0.7080511420934954,0.5838977158130092,0.6038874480030025,Binary entropy is monotone-equivalent to classifier margin.,null,null,null,null,null,null,null,null,null,null,null,null
branin,optimized_iso_gpc,classifier_entropy,classifier_entropy,3,2,7,8,1076,83.17415720211092,False,False,False,1072,0.5001585626097791,0.9996828747804418,0.6931471302757422,Binary entropy is monotone-equivalent to classifier margin.,null,null,null,null,null,null,null,null,null,null,null,null
branin,optimized_iso_gpc,classifier_entropy,classifier_entropy,3,3,8,9,403,6.79706923894183,False,True,True,401,0.5025385727044318,0.9949228545911364,0.6931342918018205,Binary entropy is monotone-equivalent to classifier margin.,null,null,null,null,null,null,null,null,null,null,null,null
branin,optimized_iso_gpc,classifier_entropy,classifier_entropy,3,4,9,10,1447,23.949141445472378,False,False,False,1438,0.5002550302701475,0.999489939459705,0.6931470504790622,Binary entropy is monotone-equivalent to classifier margin.,null,null,null,null,null,null,null,null,null,null,null,null
branin,optimized_iso_gpc,classifier_entropy,classifier_entropy,3,5,10,11,1162,6.3174331025862,False,True,True,1154,0.49825881877602196,0.9965176375520439,0.6931411171235807,Binary entropy is monotone-equivalent to classifier margin.,null,null,null,null,null,null,null,null,null,null,null,null
branin,optimized_iso_gpc,classifier_entropy,classifier_entropy,3,6,11,12,804,22.154312820840627,False,False,False,800,0.4996697401005472,0.9993394802010944,0.693146962416727,Binary entropy is monotone-equivalent to classifier margin.,null,null,null,null,null,null,null,null,null,null,null,null
branin,optimized_iso_gpc,classifier_entropy,classifier_entropy,3,7,12,13,1062,7.434682903410707,False,True,True,1056,0.49901229846843154,0.9980245969368631,0.6931452294500455,Binary entropy is monotone-equivalent to classifier margin.,null,null,null,null,null,null,null,null,null,null,null,null
branin,optimized_iso_gpc,classifier_entropy,classifier_entropy,3,8,13,14,1036,1.0342821962749262,True,True,True,1030,0.5027176555821535,0.9945646888356929,0.6931324091834876,Binary entropy is monotone-equivalent to classifier margin.,null,null,null,null,null,null,null,null,null,null,null,null
branin,optimized_iso_gpc,classifier_entropy,classifier_entropy,3,9,14,15,749,47.95344763479335,False,False,False,745,0.5041475290578568,0.9917049418842865,0.693112776170818,Binary entropy is monotone-equivalent to classifier margin.,null,null,null,null,null,null,null,null,null,null,null,null
branin,optimized_iso_gpc,classifier_entropy,classifier_entropy,3,10,15,16,1105,22.281638550511406,False,False,False,1094,0.5023590363539254,0.9952819272921491,0.6931360504136136,Binary entropy is monotone-equivalent to classifier margin.,null,null,null,null,null,null,null,null,null,null,null,null
branin,optimized_iso_gpc,classifier_entropy,classifier_entropy,3,11,16,17,645,2.5072699025521636,True,True,True,641,0.49980037991041537,0.9996007598208307,0.6931471008635828,Binary entropy is monotone-equivalent to classifier margin.,null,null,null,null,null,null,null,null,null,null,null,null
branin,optimized_iso_gpc,classifier_entropy,classifier_entropy,3,12,17,18,1000,21.721864348578187,False,False,False,992,0.5010516527619848,0.9978966944760304,0.6931449686112507,Binary entropy is monotone-equivalent to classifier margin.,null,null,null,null,null,null,null,null,null,null,null,null
branin,optimized_iso_gpc,classifier_entropy,classifier_entropy,3,13,18,19,1294,15.024496234759525,False,False,False,1277,0.49980727598264096,0.9996145519652819,0.6931471062748498,Binary entropy is monotone-equivalent to classifier margin.,null,null,null,null,null,null,null,null,null,null,null,null
branin,optimized_iso_gpc,classifier_entropy,classifier_entropy,3,14,19,20,1378,18.97972706996126,False,False,False,1360,0.5001547516545228,0.9996904966909543,0.6931471326637955,Binary entropy is monotone-equivalent to classifier margin.,null,null,null,null,null,null,null,null,null,null,null,null
branin,optimized_iso_gpc,classifier_entropy,classifier_entropy,3,15,20,21,1144,11.617069557894649,False,False,True,1129,0.5001598725303837,0.9996802549392325,0.6931471294414925,Binary entropy is monotone-equivalent to classifier margin.,null,null,null,null,null,null,null,null,null,null,null,null
branin,optimized_iso_gpc,classifier_entropy,classifier_entropy,3,16,21,22,385,1.6808862540859302,True,True,True,383,0.49988976946605723,0.9997795389321145,0.693147156258404,Binary entropy is monotone-equivalent to classifier margin.,null,null,null,null,null,null,null,null,null,null,null,null
branin,optimized_iso_gpc,classifier_entropy,classifier_entropy,3,17,22,23,635,26.345388425784442,False,False,False,630,0.5001356947299052,0.9997286105401897,0.6931471437338254,Binary entropy is monotone-equivalent to classifier margin.,null,null,null,null,null,null,null,null,null,null,null,null
branin,optimized_iso_gpc,classifier_entropy,classifier_entropy,3,18,23,24,582,19.528587938251867,False,False,False,577,0.5001521103667086,0.9996957792665828,0.6931471342848172,Binary entropy is monotone-equivalent to classifier margin.,null,null,null,null,null,null,null,null,null,null,null,null
branin,optimized_iso_gpc,classifier_entropy,classifier_entropy,3,19,24,25,114,2.1470032729000046,True,True,True,112,0.4999046655157448,0.9998093310314896,0.6931471623826174,Binary entropy is monotone-equivalent to classifier margin.,null,null,null,null,null,null,null,null,null,null,null,null
branin,optimized_iso_gpc,classifier_entropy,classifier_entropy,3,20,25,26,1205,10.288798604408832,False,False,True,1184,0.50060334675905,0.9987933064818999,0.6931464525051454,Binary entropy is monotone-equivalent to classifier margin.,null,null,null,null,null,null,null,null,null,null,null,null
branin,optimized_iso_gpc,classifier_entropy,classifier_entropy,3,21,26,27,1241,9.651168800972961,False,False,True,1218,0.5004408330581201,0.9991183338837597,0.6931467918923246,Binary entropy is monotone-equivalent to classifier margin.,null,null,null,null,null,null,null,null,null,null,null,null
branin,optimized_iso_gpc,classifier_entropy,classifier_entropy,3,22,27,28,1474,26.148549618575757,False,False,False,1447,0.5000440044548685,0.999911991090263,0.6931471766871612,Binary entropy is monotone-equivalent to classifier margin.,null,null,null,null,null,null,null,null,null,null,null,null
branin,optimized_iso_gpc,classifier_entropy,classifier_entropy,3,23,28,29,1465,11.791509421193908,False,False,True,1438,0.4994602349889088,0.9989204699778176,0.6931465978672977,Binary entropy is monotone-equivalent to classifier margin.,null,null,null,null,null,null,null,null,null,null,null,null
branin,optimized_iso_gpc,classifier_entropy,classifier_entropy,3,24,29,30,941,18.784858097059825,False,False,False,929,0.49990578699425003,0.9998115739885001,0.6931471628077643,Binary entropy is monotone-equivalent to classifier margin.,null,null,null,null,null,null,null,null,null,null,null,null
branin,optimized_iso_gpc,classifier_entropy,classifier_entropy,3,25,30,31,71,0.19794891481249266,True,True,True,69,0.49998889310397504,0.9999777862079501,0.693147180313219,Binary entropy is monotone-equivalent to classifier margin.,null,null,null,null,null,null,null,null,null,null,null,null
branin,optimized_iso_gpc,classifier_entropy,classifier_entropy,3,26,31,32,803,5.368740172728685,False,True,True,792,0.5001156232834514,0.9997687534330972,0.6931471538224576,Binary entropy is monotone-equivalent to classifier margin.,null,null,null,null,null,null,null,null,null,null,null,null
branin,optimized_iso_gpc,classifier_entropy,classifier_entropy,3,27,32,33,1449,9.09966523180205,False,True,True,1419,0.5028204268240293,0.9943591463519414,0.6931312708606329,Binary entropy is monotone-equivalent to classifier margin.,null,null,null,null,null,null,null,null,null,null,null,null
branin,optimized_iso_gpc,classifier_entropy,classifier_entropy,3,28,33,34,5,3.701823556359333,True,True,True,5,0.5009485509956002,0.9981028980087996,0.6931453810608834,Binary entropy is monotone-equivalent to classifier margin.,null,null,null,null,null,null,null,null,null,null,null,null
branin,optimized_iso_gpc,classifier_entropy,classifier_entropy,3,29,34,35,39,8.176091348141298,False,True,True,36,0.5000124250023036,0.9999751499953928,0.6931471802511839,Binary entropy is monotone-equivalent to classifier margin.,null,null,null,null,null,null,null,null,null,null,null,null
branin,optimized_iso_gpc,classifier_entropy,classifier_entropy,3,30,35,36,7,165.68498840984952,False,False,False,6,0.49999999514962534,0.9999999902992507,0.6931471805599454,Binary entropy is monotone-equivalent to classifier margin.,null,null,null,null,null,null,null,null,null,null,null,null
branin,optimized_iso_gpc,classifier_entropy,classifier_entropy,3,31,36,37,1050,1.1137941904193198,True,True,True,1030,0.5014082298797966,0.9971835402404068,0.693143214331913,Binary entropy is monotone-equivalent to classifier margin.,null,null,null,null,null,null,null,null,null,null,null,null
branin,optimized_iso_gpc,classifier_entropy,classifier_entropy,3,32,37,38,1216,9.06861952247258,False,True,True,1187,0.500028147137826,0.9999437057243481,0.6931471789754227,Binary entropy is monotone-equivalent to classifier margin.,null,null,null,null,null,null,null,null,null,null,null,null
branin,optimized_iso_gpc,classifier_entropy,classifier_entropy,3,33,38,39,65,1.3417806426733208,True,True,True,60,0.5002686535977877,0.9994626928044246,0.6931470362104272,Binary entropy is monotone-equivalent to classifier margin.,null,null,null,null,null,null,null,null,null,null,null,null
branin,optimized_iso_gpc,classifier_entropy,classifier_entropy,3,34,39,40,1423,2.4149571605871074,True,True,True,1388,0.5000978249915463,0.9998043500169074,0.6931471614204873,Binary entropy is monotone-equivalent to classifier margin.,null,null,null,null,null,null,null,null,null,null,null,null
branin,optimized_iso_gpc,classifier_entropy,classifier_entropy,3,35,40,41,1129,29.986098634558275,False,False,False,1102,0.49988910808390186,0.9997782161678037,0.693147155965911,Binary entropy is monotone-equivalent to classifier margin.,null,null,null,null,null,null,null,null,null,null,null,null
branin,optimized_iso_gpc,classifier_entropy,classifier_entropy,3,36,41,42,792,1.4960191596663073,True,True,True,777,0.5012890261372287,0.9974219477255426,0.6931438573794992,Binary entropy is monotone-equivalent to classifier margin.,null,null,null,null,null,null,null,null,null,null,null,null
branin,optimized_iso_gpc,classifier_entropy,classifier_entropy,3,37,42,43,1303,1.664838499454703,True,True,True,1267,0.5032510034765565,0.993497993046887,0.6931260423637946,Binary entropy is monotone-equivalent to classifier margin.,null,null,null,null,null,null,null,null,null,null,null,null
branin,optimized_iso_gpc,classifier_entropy,classifier_entropy,3,38,43,44,771,7.541750539971652,False,True,True,756,0.4993237524340399,0.9986475048680798,0.6931462659381256,Binary entropy is monotone-equivalent to classifier margin.,null,null,null,null,null,null,null,null,null,null,null,null
branin,optimized_iso_gpc,classifier_entropy,classifier_entropy,3,39,44,45,1268,9.428646015312701,False,False,True,1232,0.498528237724015,0.99705647544803,0.6931428483852954,Binary entropy is monotone-equivalent to classifier margin.,null,null,null,null,null,null,null,null,null,null,null,null
branin,optimized_iso_gpc,classifier_entropy,classifier_entropy,3,40,45,46,729,4.894852839318666,True,True,True,715,0.5011399053837282,0.9977201892325436,0.6931445817891264,Binary entropy is monotone-equivalent to classifier margin.,null,null,null,null,null,null,null,null,null,null,null,null
branin,optimized_iso_gpc,classifier_entropy,classifier_entropy,3,41,46,47,683,7.223954220414836,False,True,True,669,0.5004493171558613,0.9991013656882775,0.6931467767880779,Binary entropy is monotone-equivalent to classifier margin.,null,null,null,null,null,null,null,null,null,null,null,null
branin,optimized_iso_gpc,classifier_entropy,classifier_entropy,3,42,47,48,1312,7.903819627805888,False,True,True,1271,0.49988475824891765,0.9997695164978353,0.6931471539986227,Binary entropy is monotone-equivalent to classifier margin.,null,null,null,null,null,null,null,null,null,null,null,null
branin,optimized_iso_gpc,classifier_entropy,classifier_entropy,3,43,48,49,1064,0.6547667213690431,True,True,True,1037,0.5048064322441057,0.9903871355117886,0.6931009762664944,Binary entropy is monotone-equivalent to classifier margin.,null,null,null,null,null,null,null,null,null,null,null,null
branin,optimized_iso_gpc,classifier_entropy,classifier_entropy,3,44,49,50,864,7.849051049124,False,True,True,843,0.5029660096457897,0.9940679807084205,0.6931295860303182,Binary entropy is monotone-equivalent to classifier margin.,null,null,null,null,null,null,null,null,null,null,null,null
branin,optimized_iso_gpc,classifier_gated_diversity,classifier_gated_diversity,3,1,6,7,10,10.248163493797602,False,False,True,10,0.7080511420934954,0.5838977158130092,0.6038874480030025,null,0.1,25,150,0.5,0,1.0,0.2396960909024034,0.7369950160827854,0.8684975080413927,null,null,null
branin,optimized_iso_gpc,classifier_gated_diversity,classifier_gated_diversity,3,2,7,8,140,20.490259427369118,False,False,False,138,0.4933064644734735,0.986612928946947,0.693057571047602,null,0.1,25,150,0.5,7,0.9486151864265033,0.2675705205933977,0.4287059022787232,0.6886605443526133,null,null,null
branin,optimized_iso_gpc,classifier_gated_diversity,classifier_gated_diversity,3,3,8,9,1286,88.15016371977839,False,False,False,1278,0.5029282405523006,0.9941435188953989,0.6931300312764481,null,0.1,25,150,0.5,1,0.9790923585703637,0.22133765478275183,0.353038348556927,0.6660653535636454,null,null,null
branin,optimized_iso_gpc,classifier_gated_diversity,classifier_gated_diversity,3,4,9,10,773,6.78891812769244,False,True,True,769,0.5873218282178811,0.8253563435642377,0.6778184927471165,null,0.1,25,150,0.5,30,0.6363257796471786,0.1540665922397462,0.9927624420970321,0.8145441108721054,null,null,null
branin,optimized_iso_gpc,classifier_gated_diversity,classifier_gated_diversity,3,5,10,11,1236,256.3731998129815,False,False,False,1228,0.716322335622408,0.567355328755184,0.5963932746020453,null,0.1,25,149,0.5,74,0.2707356104715918,0.3151924511992125,1.0,0.6353678052357958,null,null,null
branin,optimized_iso_gpc,classifier_gated_diversity,classifier_gated_diversity,3,6,11,12,1004,113.93647409561856,False,False,False,998,0.7425176756112251,0.5149646487775499,0.570407000232815,null,0.1,25,149,0.5,75,0.23167583883398543,0.354313404198207,0.9723780787597202,0.6020269587968528,null,null,null
branin,optimized_iso_gpc,classifier_gated_diversity,classifier_gated_diversity,3,7,12,13,151,1.7755378492451968,True,True,True,148,0.760811739563735,0.4783765208725299,0.5501424448753504,null,0.1,25,149,0.5,37,0.5495396134536968,0.14057956098840257,0.7463564730076947,0.6479480432306958,null,null,null
branin,optimized_iso_gpc,classifier_gated_diversity,classifier_gated_diversity,3,8,13,14,429,27.72736456245572,False,False,False,425,0.49848303800259375,0.9969660760051875,0.6931425782054816,null,0.1,25,149,0.5,0,1.0,0.11318350524963956,0.8701236745745585,0.9350618372872792,null,null,null
branin,optimized_iso_gpc,classifier_gated_diversity,classifier_gated_diversity,3,9,14,15,788,36.829178603814384,False,False,False,781,0.5035474293606264,0.9929051412787473,0.6931220118386525,null,0.1,25,149,0.5,2,0.9889956570579181,0.09962210974557756,0.15383119621212563,0.5714134266350219,null,null,null
branin,optimized_iso_gpc,classifier_gated_diversity,classifier_gated_diversity,3,10,15,16,1391,21.556527361251405,False,False,False,1376,0.5039460946932284,0.9921078106135433,0.6931160369099791,null,0.1,25,149,0.5,5,0.9827170681848679,0.06457890816509809,0.09647733566982536,0.5395972019273466,null,null,null
branin,optimized_iso_gpc,classifier_gated_diversity,classifier_gated_diversity,3,11,16,17,1105,22.281638550511406,False,False,False,1094,0.6588362777492307,0.6823274445015386,0.6418043522955998,null,0.1,25,149,0.5,113,0.12528456208692115,0.6166311424746308,1.0,0.5626422810434606,null,null,null
branin,optimized_iso_gpc,classifier_gated_diversity,classifier_gated_diversity,3,12,17,18,944,20.186506341651167,False,False,False,935,0.5002107979435366,0.9995784041129268,0.6931470916883966,null,0.1,25,149,0.5,0,1.0,0.3403114994830446,0.7675391745638549,0.8837695872819274,null,null,null
branin,optimized_iso_gpc,classifier_gated_diversity,classifier_gated_diversity,3,13,18,19,520,1.142510385854127,True,True,True,514,0.5043138259248643,0.9913723481502714,0.6931099619099803,null,0.1,25,149,0.5,10,0.94178871180999,0.323947927956747,0.976037850882051,0.9589132813460205,null,null,null
branin,optimized_iso_gpc,classifier_gated_diversity,classifier_gated_diversity,3,14,19,20,873,27.861067841259107,False,False,False,864,0.489565659764466,0.979131319528932,0.6929294138397364,null,0.1,25,149,0.5,19,0.8892062492756942,0.21107549565643388,0.7081723239057444,0.7986892865907194,null,null,null
branin,optimized_iso_gpc,classifier_gated_diversity,classifier_gated_diversity,3,15,20,21,941,18.784858097059825,False,False,False,930,0.5033574402821692,0.9932851194356616,0.6931246355800227,null,0.1,25,148,0.5,4,0.9742417504781479,0.15955678175007842,0.5522173598276721,0.76322955515291,null,null,null
branin,optimized_iso_gpc,classifier_gated_diversity,classifier_gated_diversity,3,16,21,22,1168,33.524301258730354,False,False,False,1151,0.4978478482194575,0.995695696438915,0.693137917016768,null,0.1,25,148,0.5,5,0.9741675451170783,0.18751367123858062,0.8029528579275551,0.8885602015223166,null,null,null
branin,optimized_iso_gpc,classifier_gated_diversity,classifier_gated_diversity,3,17,22,23,1337,22.811784207723242,False,False,False,1316,0.502602184401268,0.994795631197464,0.6931336377714931,null,0.1,25,148,0.5,5,0.9800073435036233,0.1800061168192603,0.9553765680123139,0.9676919557579686,null,null,null
branin,optimized_iso_gpc,classifier_gated_diversity,classifier_gated_diversity,3,18,23,24,732,20.213399514618896,False,False,False,725,0.4947091788479412,0.9894183576958824,0.6930911939381774,null,0.1,25,148,0.5,11,0.9428120632264256,0.12170253304148201,0.6950725041041752,0.8189422836653004,null,null,null
branin,optimized_iso_gpc,classifier_gated_diversity,classifier_gated_diversity,3,19,24,25,98,3.5816493418283457,True,True,True,96,0.5056204825384061,0.9887590349231878,0.693083999581393,null,0.1,25,148,0.5,11,0.936839269000168,0.12749394552035928,0.7328676266660269,0.8348534478330975,null,null,null
branin,optimized_iso_gpc,classifier_gated_diversity,classifier_gated_diversity,3,20,25,26,63,20.8083379589983,False,False,False,61,0.49554950459779157,0.9910990091955831,0.6931075662181937,null,0.1,25,148,0.5,6,0.9452782561702289,0.16944938675966797,0.8902610777868538,0.9177696669785413,null,null,null
branin,optimized_iso_gpc,classifier_gated_diversity,classifier_gated_diversity,3,21,26,27,475,1.8259044140240448,True,True,True,468,0.5051220730674206,0.9897558538651587,0.6930947083771462,null,0.1,25,148,0.5,15,0.9335659043616884,0.16213341737106268,0.8962703471222858,0.9149181257419872,null,null,null
branin,optimized_iso_gpc,classifier_gated_diversity,classifier_gated_diversity,3,22,27,28,1219,9.44782633112132,False,False,True,1197,0.5140850332531954,0.9718299334936091,0.6927503517426433,null,0.1,25,148,0.5,37,0.8095693679653199,0.18611052411549897,0.8976934588818091,0.8536314134235645,null,null,null
branin,optimized_iso_gpc,classifier_gated_diversity,classifier_gated_diversity,3,23,28,29,1368,12.98367778598487,False,False,False,1341,0.4997112767986823,0.9994225535973646,0.6931470138377621,null,0.1,25,148,0.5,0,1.0,0.11133770669769094,0.666116329888496,0.833058164944248,null,null,null
branin,optimized_iso_gpc,classifier_gated_diversity,classifier_gated_diversity,3,24,29,30,638,16.240850019564448,False,False,False,628,0.49569230741631465,0.9913846148326293,0.6931100676700297,null,0.1,25,148,0.5,7,0.938395034530254,0.15368722662831102,0.899276742553931,0.9188358885420924,null,null,null
branin,optimized_iso_gpc,classifier_gated_diversity,classifier_gated_diversity,3,25,30,31,607,27.3458080063684,False,False,False,597,0.5007073921171641,0.9985852157656718,0.6931461797523966,null,0.1,25,147,0.5,0,1.0,0.13398066955305293,0.8721239034771462,0.9360619517385731,null,null,null
branin,optimized_iso_gpc,classifier_gated_diversity,classifier_gated_diversity,3,26,31,32,1233,8.176691823734267,False,True,True,1208,0.5035652850269665,0.992869429946067,0.6931217578298592,null,0.1,25,147,0.5,14,0.9235794208536775,0.1326980482916749,0.804940522058551,0.8642599714561143,null,null,null
branin,optimized_iso_gpc,classifier_gated_diversity,classifier_gated_diversity,3,27,32,33,527,9.619753874774382,False,False,True,517,0.4958890201372581,0.9917780402745162,0.693113379868251,null,0.1,25,147,0.5,8,0.9475358905786946,0.1506379036475493,0.9942540164064949,0.9708949534925948,null,null,null
branin,optimized_iso_gpc,classifier_gated_diversity,classifier_gated_diversity,3,28,33,34,343,23.63254116914716,False,False,False,337,0.5038840123072008,0.9922319753855984,0.6931170091533012,null,0.1,25,147,0.5,8,0.9417279804733178,0.10357326387500095,0.7840273729567069,0.8628776767150124,null,null,null
branin,optimized_iso_gpc,classifier_gated_diversity,classifier_gated_diversity,3,29,34,35,488,4.834232488429613,True,True,True,479,0.4981340734355535,0.996268146871107,0.6931402171798946,null,0.1,25,147,0.5,5,0.9726716395288193,0.11193012184970196,0.9343824780102629,0.953527058769541,null,null,null
branin,optimized_iso_gpc,classifier_gated_diversity,classifier_gated_diversity,3,30,35,36,298,17.996917648763265,False,False,False,292,0.5037372444933332,0.9925255110133335,0.693119246307031,null,0.1,25,147,0.5,14,0.9230175895656059,0.12025074683456934,0.9055148082504352,0.9142661989080205,null,null,null
branin,optimized_iso_gpc,classifier_gated_diversity,classifier_gated_diversity,3,31,36,37,1194,16.74674432715549,False,False,False,1166,0.4937251732947612,0.9874503465895224,0.6930684315924287,null,0.1,25,147,0.5,14,0.9180955822449733,0.10623814595698125,0.968039842790628,0.9430677125178006,null,null,null
branin,optimized_iso_gpc,classifier_gated_diversity,classifier_gated_diversity,3,32,37,38,324,20.34375788456385,False,False,False,317,0.502643807496689,0.994712385006622,0.693133201058644,null,0.1,25,147,0.5,5,0.9714541228278347,0.10376058309545616,0.9423115346497342,0.9568828287387845,null,null,null
branin,optimized_iso_gpc,classifier_gated_diversity,classifier_gated_diversity,3,33,38,39,315,3.6140058845461454,True,True,True,308,0.4995541422541756,0.9991082845083512,0.6931467829816336,null,0.1,25,147,0.5,1,0.999523875651929,0.0917063126251952,0.7618133088741537,0.8806685922630413,null,null,null
branin,optimized_iso_gpc,classifier_gated_diversity,classifier_gated_diversity,3,34,39,40,1351,0.42217547503129893,True,True,True,1314,0.48579312415033726,0.9715862483006745,0.6927434555829188,null,0.1,25,147,0.5,18,0.8350921081650001,0.10922365551303442,0.91280818901832,0.8739501485916601,null,null,null
branin,optimized_iso_gpc,classifier_gated_diversity,classifier_gated_diversity,3,35,40,41,1093,6.472785623127507,False,True,True,1067,0.4875989897437627,0.9751979794875254,0.6928395789083088,null,0.1,25,146,0.5,19,0.8574660575055715,0.09001974871768986,0.840698756975354,0.8490824072404628,null,null,null
branin,optimized_iso_gpc,classifier_gated_diversity,classifier_gated_diversity,3,36,41,42,1297,15.319139132369163,False,False,False,1260,0.532131467152503,0.9357370656949939,0.6910808946254372,null,0.1,25,146,0.5,55,0.6514596042434654,0.10531925362800097,0.8771491411013229,0.7643043726723942,null,null,null
branin,optimized_iso_gpc,classifier_gated_diversity,classifier_gated_diversity,3,37,42,43,108,6.004804246706833,False,True,True,104,0.5115450445358221,0.9769099109283559,0.6928805807606171,null,0.1,25,146,0.5,14,0.8774943174928541,0.09193973189707055,0.9151456571157863,0.8963199873043202,null,null,null
branin,optimized_iso_gpc,classifier_gated_diversity,classifier_gated_diversity,3,38,43,44,1439,1.3226009917131805,True,True,True,1396,0.4964637507843239,0.9929275015686478,0.6931221702344084,null,0.1,25,146,0.5,3,0.956489619227764,0.09641317544500963,0.9017089501697847,0.9290992846987743,null,null,null
branin,optimized_iso_gpc,classifier_gated_diversity,classifier_gated_diversity,3,39,44,45,919,6.323683562577472,False,True,True,895,0.49845450289604987,0.9969090057920997,0.6931424034297416,null,0.1,25,146,0.5,2,0.983134089000846,0.07043707980190357,0.8284410660920422,0.9057875775464441,null,null,null
branin,optimized_iso_gpc,classifier_gated_diversity,classifier_gated_diversity,3,40,45,46,1289,10.348419312553766,False,False,True,1250,0.48399387423657814,0.9679877484731563,0.6926347008849134,null,0.1,25,146,0.5,28,0.8264033453590419,0.08193284186744437,0.9848344974500522,0.9056189214045471,null,null,null
branin,optimized_iso_gpc,classifier_gated_diversity,classifier_gated_diversity,3,41,46,47,1086,3.981604523080623,True,True,True,1058,0.5015899831874329,0.9968200336251343,0.6931421244583513,null,0.1,25,146,0.5,1,0.9928298207335565,0.06891235676256811,0.8179789781138875,0.905404399423722,null,null,null
branin,optimized_iso_gpc,classifier_gated_diversity,classifier_gated_diversity,3,42,47,48,1374,1.7385112566705274,True,True,True,1329,0.5134771029140452,0.9730457941719095,0.6927838719541877,null,0.1,25,146,0.5,31,0.8484611094886771,0.06934575382167658,0.8235383582834198,0.8359997338860485,null,null,null
branin,optimized_iso_gpc,classifier_gated_diversity,classifier_gated_diversity,3,43,48,49,779,14.795104549538408,False,False,False,758,0.4965059403076699,0.9930118806153398,0.693122763454946,null,0.1,25,146,0.5,6,0.9635487997973791,0.05844645786448282,0.683728157607553,0.823638478702466,null,null,null
branin,optimized_iso_gpc,classifier_gated_diversity,classifier_gated_diversity,3,44,49,50,1303,1.664838499454703,True,True,True,1260,0.502282965677546,0.9954340686449079,0.6931367566591564,null,0.1,25,146,0.5,7,0.9780675559408959,0.061004587610477494,0.716542445296141,0.8473050006185184,null,null,null
branin,optimized_iso_gpc,classifier_uncertainty_repulsion,classifier_uncertainty_repulsion,3,1,6,7,10,10.248163493797602,False,False,True,10,0.7080511420934954,0.5838977158130092,0.6038874480030025,null,0.1,25,150,null,0,1.0,null,null,0.721060496886506,0.15,0.2396960909024034,0.721060496886506
branin,optimized_iso_gpc,classifier_uncertainty_repulsion,classifier_uncertainty_repulsion,3,2,7,8,140,20.490259427369118,False,False,False,138,0.4933064644734735,0.986612928946947,0.693057571047602,null,0.1,25,150,null,7,0.9486151864265033,null,null,0.7553572389949699,0.15,0.2675705205933977,0.7962736099982238
branin,optimized_iso_gpc,classifier_uncertainty_repulsion,classifier_uncertainty_repulsion,3,3,8,9,1286,88.15016371977839,False,False,False,1278,0.5029282405523006,0.9941435188953989,0.6931300312764481,null,0.1,25,150,null,1,0.9790923585703637,null,null,0.6494687681436341,0.15,0.22133765478275183,0.663337592678147
branin,optimized_iso_gpc,classifier_uncertainty_repulsion,classifier_uncertainty_repulsion,3,4,9,10,773,6.78891812769244,False,True,True,769,0.5873218282178811,0.8253563435642377,0.6778184927471165,null,0.1,25,150,null,30,0.6363257796471786,null,null,0.26083551041637937,0.15,0.1540665922397462,0.40990875862518716
branin,optimized_iso_gpc,classifier_uncertainty_repulsion,classifier_uncertainty_repulsion,3,5,10,11,1236,256.3731998129815,False,False,False,1228,0.716322335622408,0.567355328755184,0.5963932746020453,null,0.1,25,149,null,74,0.2707356104715918,null,null,0.24096720542428005,0.15,0.3151924511992125,0.8900462152154331
branin,optimized_iso_gpc,classifier_uncertainty_repulsion,classifier_uncertainty_repulsion,3,6,11,12,1004,113.93647409561856,False,False,False,998,0.7425176756112251,0.5149646487775499,0.570407000232815,null,0.1,25,149,null,75,0.23167583883398543,null,null,0.21744222878397437,0.15,0.354313404198207,0.9385623890620265
branin,optimized_iso_gpc,classifier_uncertainty_repulsion,classifier_uncertainty_repulsion,3,7,12,13,151,1.7755378492451968,True,True,True,148,0.760811739563735,0.4783765208725299,0.5501424448753504,null,0.1,25,149,null,37,0.5495396134536968,null,null,0.19532191758907033,0.15,0.14057956098840257,0.3554282763375852
branin,optimized_iso_gpc,classifier_uncertainty_repulsion,classifier_uncertainty_repulsion,3,8,13,14,429,27.72736456245572,False,False,False,425,0.49848303800259375,0.9969660760051875,0.6931425782054816,null,0.1,25,149,null,0,1.0,null,null,0.24774348889821363,0.15,0.11318350524963956,0.24774348889821363
branin,optimized_iso_gpc,classifier_uncertainty_repulsion,classifier_uncertainty_repulsion,3,9,14,15,788,36.829178603814384,False,False,False,781,0.5035474293606264,0.9929051412787473,0.6931220118386525,null,0.1,25,149,null,2,0.9889956570579181,null,null,0.19574119376712706,0.15,0.09962210974557756,0.19791916412395727
branin,optimized_iso_gpc,classifier_uncertainty_repulsion,classifier_uncertainty_repulsion,3,10,15,16,284,27.671931877039725,False,False,False,280,0.5968194998558545,0.806361000288291,0.6742801931628097,null,0.1,25,149,null,74,0.5220423377807334,null,null,0.11347404534311796,0.15,0.1050192009404585,0.21736559878555095
branin,optimized_iso_gpc,classifier_uncertainty_repulsion,classifier_uncertainty_repulsion,3,11,16,17,860,1.3275868056577487,True,True,True,851,0.539221255102035,0.92155748979593,0.6900674038809039,null,0.1,25,149,null,31,0.7803846201552082,null,null,0.10543944787366408,0.15,0.08082075712084094,0.1351121551481801
branin,optimized_iso_gpc,classifier_uncertainty_repulsion,classifier_uncertainty_repulsion,3,12,17,18,1391,21.556527361251405,False,False,False,1374,0.4791305619548183,0.9582611239096366,0.6922758605757149,null,0.1,25,149,null,13,0.9017243501577894,null,null,0.07981300791085215,0.15,0.06457890816509809,0.08851153669842227
branin,optimized_iso_gpc,classifier_uncertainty_repulsion,classifier_uncertainty_repulsion,3,13,18,19,1105,22.281638550511406,False,False,False,1092,0.6349469973878286,0.7301060052243429,0.6562702135790726,null,0.1,25,149,null,92,0.23210978279916766,null,null,0.23206011672664167,0.15,0.6166311424746308,0.9997860233552975
branin,optimized_iso_gpc,classifier_uncertainty_repulsion,classifier_uncertainty_repulsion,3,14,19,20,1414,22.453023160808524,False,False,False,1395,0.49974634117008465,0.9994926823401693,0.6931470518743358,null,0.1,25,149,null,0,1.0,null,null,0.9430717453668637,0.15,0.3591216468835441,0.9430717453668637
branin,optimized_iso_gpc,classifier_uncertainty_repulsion,classifier_uncertainty_repulsion,3,15,20,21,792,1.4960191596663073,True,True,True,783,0.5028720435369722,0.9942559129260555,0.6931306832010677,null,0.1,25,148,null,7,0.9617677999412182,null,null,0.8784343110650507,0.15,0.3317627388894508,0.9133538377129482
branin,optimized_iso_gpc,classifier_uncertainty_repulsion,classifier_uncertainty_repulsion,3,16,21,22,241,25.49875800346299,False,False,False,237,0.5012122423228158,0.9975755153543684,0.6931442414941675,null,0.1,25,148,null,1,0.992487800495393,null,null,0.7685417550431417,0.15,0.2588366869139291,0.7743588935395778
branin,optimized_iso_gpc,classifier_uncertainty_repulsion,classifier_uncertainty_repulsion,3,17,22,23,1083,33.920748692264816,False,False,False,1069,0.49811478720465896,0.9962295744093179,0.6931400724885363,null,0.1,25,148,null,5,0.9801906420569988,null,null,0.8125782837153638,0.15,0.2819116747085984,0.8290002463297459
branin,optimized_iso_gpc,classifier_uncertainty_repulsion,classifier_uncertainty_repulsion,3,18,23,24,504,3.6289331354322876,True,True,True,496,0.501100447121535,0.99779910575693,0.6931447585902555,null,0.1,25,148,null,6,0.9871947389638451,null,null,0.4574841063164606,0.15,0.1673742510560171,0.4634182985989509
branin,optimized_iso_gpc,classifier_uncertainty_repulsion,classifier_uncertainty_repulsion,3,19,24,25,751,28.558172513535574,False,False,False,742,0.49298318609969094,0.9859663721993819,0.6930487059728649,null,0.1,25,148,null,16,0.9223479175397215,null,null,0.48767109559338945,0.15,0.18399561377210627,0.5287279196056597
branin,optimized_iso_gpc,classifier_uncertainty_repulsion,classifier_uncertainty_repulsion,3,20,25,26,983,5.492627461389549,False,True,True,968,0.5099692360298285,0.9800615279403431,0.6929483960537992,null,0.1,25,148,null,19,0.8974353939622048,null,null,0.32953758251841564,0.15,0.14349907250737395,0.3671992265242594
branin,optimized_iso_gpc,classifier_uncertainty_repulsion,classifier_uncertainty_repulsion,3,21,26,27,1248,7.600428279781664,False,True,True,1225,0.5019003801394226,0.9961992397211548,0.6931399576532066,null,0.1,25,148,null,2,0.9863573296199657,null,null,0.32717108965962133,0.15,0.1346683572567838,0.3316963131258702
branin,optimized_iso_gpc,classifier_uncertainty_repulsion,classifier_uncertainty_repulsion,3,22,27,28,251,11.182112472089159,False,False,True,246,0.4922321971945003,0.9844643943890006,0.6930264981842718,null,0.1,25,148,null,13,0.9104249034350952,null,null,0.3742792216346161,0.15,0.15436239000602592,0.41110389250385737
branin,optimized_iso_gpc,classifier_uncertainty_repulsion,classifier_uncertainty_repulsion,3,23,28,29,1061,12.24870510473751,False,False,False,1043,0.4994099970024932,0.9988199940049864,0.6931464843527095,null,0.1,25,148,null,0,1.0,null,null,0.28630313469112423,0.15,0.1232005009470879,0.28630313469112423
branin,optimized_iso_gpc,classifier_uncertainty_repulsion,classifier_uncertainty_repulsion,3,24,29,30,929,6.576502694602105,False,True,True,913,0.48866750500395995,0.9773350100079199,0.6928903076789623,null,0.1,25,148,null,26,0.8322417614405764,null,null,0.3198241567382589,0.15,0.14773028556318854,0.38429236738211314
branin,optimized_iso_gpc,classifier_uncertainty_repulsion,classifier_uncertainty_repulsion,3,25,30,31,361,15.468353659733715,False,False,False,354,0.504867688147959,0.990264623704082,0.6930997910355401,null,0.1,25,147,null,7,0.94099618878309,null,null,0.2926672624062361,0.15,0.1294771847601022,0.3110185417272706
branin,optimized_iso_gpc,classifier_uncertainty_repulsion,classifier_uncertainty_repulsion,3,26,31,32,1265,1.9918317755604953,True,True,True,1237,0.4962799841513226,0.9925599683026451,0.6931195032687714,null,0.1,25,147,null,7,0.9510715880316531,null,null,0.2925384351163295,0.15,0.128611240420159,0.30758823920055256
branin,optimized_iso_gpc,classifier_uncertainty_repulsion,classifier_uncertainty_repulsion,3,27,32,33,498,23.720172979257836,False,False,False,489,0.5119348776534736,0.9761302446930529,0.6928622708918708,null,0.1,25,147,null,37,0.8196906595516783,null,null,0.3988516929875961,0.15,0.17320639274091768,0.4865880662904517
branin,optimized_iso_gpc,classifier_uncertainty_repulsion,classifier_uncertainty_repulsion,3,28,33,34,964,1.280048399396584,True,True,True,945,0.48973588360994924,0.9794717672198985,0.692936461588164,null,0.1,25,147,null,28,0.8614101749015424,null,null,0.30526010004736887,0.15,0.14031738081619607,0.35437252651706785
branin,optimized_iso_gpc,classifier_uncertainty_repulsion,classifier_uncertainty_repulsion,3,29,34,35,358,2.008594345605605,True,True,True,351,0.4936726593113203,0.9873453186226406,0.6930671079423332,null,0.1,25,147,null,15,0.913801846649792,null,null,0.24321228378975276,0.15,0.11800653201359898,0.26615429229151266
branin,optimized_iso_gpc,classifier_uncertainty_repulsion,classifier_uncertainty_repulsion,3,30,35,36,880,18.013047790683935,False,False,False,862,0.5026049230741725,0.994790153851655,0.693133609250107,null,0.1,25,147,null,4,0.9674543139639762,null,null,0.19932193155969746,0.15,0.10189099584425791,0.20602722907194493
branin,optimized_iso_gpc,classifier_uncertainty_repulsion,classifier_uncertainty_repulsion,3,31,36,37,124,8.056816858791755,False,True,True,122,0.5032548582803917,0.9934902834392165,0.6931259922054452,null,0.1,25,147,null,7,0.9629095979962298,null,null,0.19325803021656077,0.15,0.10040405022986339,0.20070215378340994
branin,optimized_iso_gpc,classifier_uncertainty_repulsion,classifier_uncertainty_repulsion,3,32,37,38,607,27.3458080063684,False,False,False,593,0.4726224842742113,0.9452449685484225,0.6916473738685338,null,0.1,25,147,null,42,0.6680521707063996,null,null,0.14035208236742275,0.15,0.103018043633886,0.21009149961898066
branin,optimized_iso_gpc,classifier_uncertainty_repulsion,classifier_uncertainty_repulsion,3,33,38,39,1315,2.2873328009594474,True,True,True,1279,0.4778758204706577,0.9557516409413154,0.6921679022164647,null,0.1,25,147,null,35,0.7622017598787798,null,null,0.14113513093996233,0.15,0.09599365484483836,0.18516767917514176
branin,optimized_iso_gpc,classifier_uncertainty_repulsion,classifier_uncertainty_repulsion,3,34,39,40,355,15.076533075713254,False,False,False,347,0.5010408135270634,0.9979183729458732,0.6931450139727844,null,0.1,25,147,null,2,0.9895920200776073,null,null,0.1258970078994521,0.15,0.07825143492184024,0.12722112279116682
branin,optimized_iso_gpc,classifier_uncertainty_repulsion,classifier_uncertainty_repulsion,3,35,40,41,1081,1.413540675525475,True,True,True,1053,0.4833423733029818,0.9666847466059636,0.6925921248023568,null,0.1,25,146,null,31,0.8167535171660992,null,null,0.1087465134832684,0.15,0.08018573246710889,0.13314483647476372
branin,optimized_iso_gpc,classifier_uncertainty_repulsion,classifier_uncertainty_repulsion,3,36,41,42,1249,25.430683885872895,False,False,False,1213,0.5084319106975386,0.9831361786049229,0.6930049795834223,null,0.1,25,146,null,12,0.9107993637321734,null,null,0.18770763219142092,0.15,0.10190875593204587,0.20609108840640078
branin,optimized_iso_gpc,classifier_uncertainty_repulsion,classifier_uncertainty_repulsion,3,37,42,43,715,2.4887405029977003,True,True,True,699,0.5004099367363163,0.9991801265273674,0.6931468444636522,null,0.1,25,146,null,1,0.9981750135048849,null,null,0.10052445035849925,0.15,0.06911330713030168,0.10070824153925517
branin,optimized_iso_gpc,classifier_uncertainty_repulsion,classifier_uncertainty_repulsion,3,38,43,44,798,6.216904249456757,False,True,True,777,0.5252284887757739,0.9495430224484522,0.6918736865806258,null,0.1,25,146,null,40,0.73344362322538,null,null,0.1017938750333417,0.15,0.08199820761768335,0.13878895638317035
branin,optimized_iso_gpc,classifier_uncertainty_repulsion,classifier_uncertainty_repulsion,3,39,44,45,224,7.163001437743894,False,True,True,219,0.49053492243659846,0.9810698448731969,0.6929679944705756,null,0.1,25,146,null,19,0.9059831113410576,null,null,0.11907739301861743,0.15,0.0796307102504645,0.13143445118127672
branin,optimized_iso_gpc,classifier_uncertainty_repulsion,classifier_uncertainty_repulsion,3,40,45,46,114,2.1470032729000046,True,True,True,112,0.5134475144733415,0.9731049710533171,0.6927854656542624,null,0.1,25,146,null,26,0.8590470686505056,null,null,0.10782456735799648,0.15,0.07768836803291987,0.12551648366297352
branin,optimized_iso_gpc,classifier_uncertainty_repulsion,classifier_uncertainty_repulsion,3,41,46,47,1374,1.7385112566705274,True,True,True,1330,0.5100144822712451,0.9799710354575097,0.6929465874367307,null,0.1,25,146,null,16,0.904078002753605,null,null,0.09587246152428723,0.15,0.0710244009552046,0.10604445770418336
branin,optimized_iso_gpc,classifier_uncertainty_repulsion,classifier_uncertainty_repulsion,3,42,47,48,1092,23.020216617986442,False,False,False,1058,0.5141472395283948,0.9717055209432104,0.6927468383599196,null,0.1,25,146,null,24,0.8590767766307564,null,null,0.07221084195153422,0.15,0.06285712835575243,0.08405633107059474
branin,optimized_iso_gpc,classifier_uncertainty_repulsion,classifier_uncertainty_repulsion,3,43,48,49,800,174.91224679620854,False,False,False,776,0.503669031061567,0.992661937876866,0.6931202567404522,null,0.1,25,146,null,20,0.7230965056459907,null,null,0.5288761839275328,0.15,0.2432174489213136,0.7314047015827467
branin,optimized_iso_gpc,classifier_uncertainty_repulsion,classifier_uncertainty_repulsion,3,44,49,50,1214,6.7269734780384844,False,True,True,1175,0.44719972680168496,0.8943994536033699,0.687561033407061,null,0.1,25,146,null,78,0.4606657115155258,null,null,0.06553916284529734,0.15,0.08310231556655423,0.14227054718199594
branin,optimized_ard_gpc,random,random,3,1,6,7,82,6.543887859919742,False,True,True,81,0.7318896549903116,0.5362206900193769,0.5813702749070182,null,null,null,null,null,null,null,null,null,null,null,null,null
branin,optimized_ard_gpc,random,random,3,2,7,8,352,51.39809064973572,False,False,False,350,0.7904612888664815,0.41907742226703704,0.5133448556170299,null,null,null,null,null,null,null,null,null,null,null,null,null
branin,optimized_ard_gpc,random,random,3,3,8,9,1471,93.27619706016094,False,False,False,1463,0.7149441654946145,0.570111669010771,0.5976651931377559,null,null,null,null,null,null,null,null,null,null,null,null,null
branin,optimized_ard_gpc,random,random,3,4,9,10,287,21.9339452412234,False,False,False,285,0.4671510354671824,0.9343020709343648,0.6909875164535728,null,null,null,null,null,null,null,null,null,null,null,null,null
branin,optimized_ard_gpc,random,random,3,5,10,11,525,94.35747103002778,False,False,False,520,0.7874030523167903,0.4251938953664194,0.5173771677924506,null,null,null,null,null,null,null,null,null,null,null,null,null
branin,optimized_ard_gpc,random,random,3,6,11,12,1389,22.848074112756805,False,False,False,1379,0.8717718962273011,0.2564562075453978,0.3830044707912477,null,null,null,null,null,null,null,null,null,null,null,null,null
branin,optimized_ard_gpc,random,random,3,7,12,13,577,23.536868347284965,False,False,False,571,0.6818631418227028,0.6362737163545944,0.6254570892464199,null,null,null,null,null,null,null,null,null,null,null,null,null
branin,optimized_ard_gpc,random,random,3,8,13,14,291,35.31058713553085,False,False,False,288,0.9171614900667464,0.16567701986650718,0.28564784281598105,null,null,null,null,null,null,null,null,null,null,null,null,null
branin,optimized_ard_gpc,random,random,3,9,14,15,1235,2.3349128307772062,True,True,True,1224,0.8900129010800129,0.2199741978399743,0.34648836325041915,null,null,null,null,null,null,null,null,null,null,null,null,null
branin,optimized_ard_gpc,random,random,3,10,15,16,1480,98.92317116581557,False,False,False,1465,0.9057416606200377,0.18851667875992462,0.31228089770276557,null,null,null,null,null,null,null,null,null,null,null,null,null
branin,optimized_ard_gpc,random,random,3,11,16,17,243,10.86724480219165,False,False,True,241,0.5923125430371385,0.8153749139257229,0.6760058008939194,null,null,null,null,null,null,null,null,null,null,null,null,null
branin,optimized_ard_gpc,random,random,3,12,17,18,949,21.206909435785178,False,False,False,939,0.6211351874981119,0.7577296250037762,0.6635056616543549,null,null,null,null,null,null,null,null,null,null,null,null,null
branin,optimized_ard_gpc,random,random,3,13,18,19,307,24.307924452225564,False,False,False,302,0.5118329532970378,0.9763340934059244,0.6928671168462812,null,null,null,null,null,null,null,null,null,null,null,null,null
branin,optimized_ard_gpc,random,random,3,14,19,20,330,18.85211297251,False,False,False,324,0.5112704756927862,0.9774590486144277,0.6928931117975542,null,null,null,null,null,null,null,null,null,null,null,null,null
branin,optimized_ard_gpc,random,random,3,15,20,21,1272,6.982622401694929,False,True,True,1255,0.6161662782648136,0.7676674434703727,0.6659097669646943,null,null,null,null,null,null,null,null,null,null,null,null,null
branin,optimized_ard_gpc,random,random,3,16,21,22,1178,49.12103348826952,False,False,False,1163,0.9302295484412753,0.1395409031174495,0.25304477130073383,null,null,null,null,null,null,null,null,null,null,null,null,null
branin,optimized_ard_gpc,random,random,3,17,22,23,656,152.7601851856345,False,False,False,645,0.6901851581431515,0.619629683713697,0.6189524356737156,null,null,null,null,null,null,null,null,null,null,null,null,null
branin,optimized_ard_gpc,random,random,3,18,23,24,401,2.910037167859162,True,True,True,393,0.46129942768183696,0.9225988553636739,0.6901487138298905,null,null,null,null,null,null,null,null,null,null,null,null,null
branin,optimized_ard_gpc,random,random,3,19,24,25,7,165.68498840984952,False,False,False,7,0.8416992786837909,0.3166014426324182,0.43684131445379426,null,null,null,null,null,null,null,null,null,null,null,null,null
branin,optimized_ard_gpc,random,random,3,20,25,26,1203,13.613715792176976,False,False,False,1184,0.4212302164987989,0.8424604329975978,0.6806859757889947,null,null,null,null,null,null,null,null,null,null,null,null,null
branin,optimized_ard_gpc,random,random,3,21,26,27,838,141.06024954859342,False,False,False,824,0.8197980484876553,0.3604039030246895,0.4716995773605336,null,null,null,null,null,null,null,null,null,null,null,null,null
branin,optimized_ard_gpc,random,random,3,22,27,28,1287,13.864614396319759,False,False,False,1263,0.1729610804713957,0.3459221609427914,0.4605504549431175,null,null,null,null,null,null,null,null,null,null,null,null,null
branin,optimized_ard_gpc,random,random,3,23,28,29,1012,102.37428286643234,False,False,False,995,0.9398329372436365,0.12033412551272704,0.22742695436015575,null,null,null,null,null,null,null,null,null,null,null,null,null
branin,optimized_ard_gpc,random,random,3,24,29,30,101,43.538535500373044,False,False,False,98,0.37860816024547717,0.7572163204909543,0.6633786406888857,null,null,null,null,null,null,null,null,null,null,null,null,null
branin,optimized_ard_gpc,random,random,3,25,30,31,252,102.21082835268857,False,False,False,247,0.9492377386740145,0.10152452265197098,0.20075358829358467,null,null,null,null,null,null,null,null,null,null,null,null,null
branin,optimized_ard_gpc,random,random,3,26,31,32,452,27.456075169196193,False,False,False,440,0.34236842698800274,0.6847368539760055,0.642593957035857,null,null,null,null,null,null,null,null,null,null,null,null,null
branin,optimized_ard_gpc,random,random,3,27,32,33,1255,0.9245025270449361,True,True,True,1228,0.5928630520888589,0.8142738958222822,0.6757995396700638,null,null,null,null,null,null,null,null,null,null,null,null,null
branin,optimized_ard_gpc,random,random,3,28,33,34,450,23.112910634092806,False,False,False,438,0.5934135132556264,0.8131729734887472,0.6755920410009246,null,null,null,null,null,null,null,null,null,null,null,null,null
branin,optimized_ard_gpc,random,random,3,29,34,35,1202,7.632908358342668,False,True,True,1177,0.1573382081978707,0.3146764163957414,0.4352295437446358,null,null,null,null,null,null,null,null,null,null,null,null,null
branin,optimized_ard_gpc,random,random,3,30,35,36,505,15.395538638687224,False,False,False,490,0.5343840364000272,0.9312319271999456,0.6907807894495535,null,null,null,null,null,null,null,null,null,null,null,null,null
branin,optimized_ard_gpc,random,random,3,31,36,37,109,9.938941461387735,False,False,True,105,0.3854638893535878,0.7709277787071755,0.6666757222234198,null,null,null,null,null,null,null,null,null,null,null,null,null
branin,optimized_ard_gpc,random,random,3,32,37,38,894,129.01571167122398,False,False,False,872,0.8507765737477939,0.29844685250441216,0.4213596738255896,null,null,null,null,null,null,null,null,null,null,null,null,null
branin,optimized_ard_gpc,random,random,3,33,38,39,773,6.78891812769244,False,True,True,753,0.25311151007906574,0.5062230201581315,0.5657277413985009,null,null,null,null,null,null,null,null,null,null,null,null,null
branin,optimized_ard_gpc,random,random,3,34,39,40,960,58.16151897005669,False,False,False,935,0.9607897320336178,0.07842053593276432,0.16542616430011373,null,null,null,null,null,null,null,null,null,null,null,null,null
branin,optimized_ard_gpc,random,random,3,35,40,41,966,11.745420146144312,False,False,True,940,0.6650338556403881,0.6699322887192238,0.6376399528718004,null,null,null,null,null,null,null,null,null,null,null,null,null
branin,optimized_ard_gpc,random,random,3,36,41,42,359,25.382622716313406,False,False,False,347,0.371079431923647,0.742158863847294,0.6595276742033123,null,null,null,null,null,null,null,null,null,null,null,null,null
branin,optimized_ard_gpc,random,random,3,37,42,43,570,153.0729039253852,False,False,False,551,0.8741405784890048,0.2517188430219903,0.3784391484249587,null,null,null,null,null,null,null,null,null,null,null,null,null
branin,optimized_ard_gpc,random,random,3,38,43,44,1402,21.331983552693135,False,False,False,1361,0.2877305844681928,0.5754611689363855,0.6001071580631017,null,null,null,null,null,null,null,null,null,null,null,null,null
branin,optimized_ard_gpc,random,random,3,39,44,45,1426,90.3204709990842,False,False,False,1384,0.9658406378231348,0.06831872435373043,0.1489157251181386,null,null,null,null,null,null,null,null,null,null,null,null,null
branin,optimized_ard_gpc,random,random,3,40,45,46,169,50.56088246854597,False,False,False,164,0.9592517109192613,0.08149657816147737,0.17031500303868172,null,null,null,null,null,null,null,null,null,null,null,null,null
branin,optimized_ard_gpc,random,random,3,41,46,47,447,19.487094835272657,False,False,False,432,0.24016707675968973,0.48033415351937947,0.5512724375361938,null,null,null,null,null,null,null,null,null,null,null,null,null
branin,optimized_ard_gpc,random,random,3,42,47,48,604,19.47533527086391,False,False,False,581,0.20843280190217683,0.41686560380435367,0.5118728340720077,null,null,null,null,null,null,null,null,null,null,null,null,null
branin,optimized_ard_gpc,random,random,3,43,48,49,250,15.131710410082036,False,False,False,243,0.5063608080524507,0.9872783838950987,0.6930662586189746,null,null,null,null,null,null,null,null,null,null,null,null,null
branin,optimized_ard_gpc,random,random,3,44,49,50,558,14.615781840916789,False,False,False,536,0.8547692903059669,0.29046141938806613,0.41434627965184695,null,null,null,null,null,null,null,null,null,null,null,null,null
branin,optimized_ard_gpc,classifier_margin,classifier_margin,3,1,6,7,421,17.14190779766014,False,False,False,420,0.6728023621306534,0.6543952757386933,0.6321762595921824,null,null,null,null,null,null,null,null,null,null,null,null,null
branin,optimized_ard_gpc,classifier_margin,classifier_margin,3,2,7,8,1173,22.76440497439194,False,False,False,1167,0.5005846525668725,0.9988306948662551,0.6931464969225416,null,null,null,null,null,null,null,null,null,null,null,null,null
branin,optimized_ard_gpc,classifier_margin,classifier_margin,3,3,8,9,607,27.3458080063684,False,False,False,604,0.5015373780368475,0.996925243926305,0.6931424534900406,null,null,null,null,null,null,null,null,null,null,null,null,null
branin,optimized_ard_gpc,classifier_margin,classifier_margin,3,4,9,10,771,7.541750539971652,False,True,True,767,0.4995802368735959,0.9991604737471917,0.6931468281577393,null,null,null,null,null,null,null,null,null,null,null,null,null
branin,optimized_ard_gpc,classifier_margin,classifier_margin,3,5,10,11,1104,11.771811159287047,False,False,True,1097,0.5003825964481544,0.9992348071036912,0.6931468877998325,null,null,null,null,null,null,null,null,null,null,null,null,null
branin,optimized_ard_gpc,classifier_margin,classifier_margin,3,6,11,12,1125,8.408876692225014,False,True,True,1116,0.5001674742443618,0.9996650515112764,0.6931471244646992,null,null,null,null,null,null,null,null,null,null,null,null,null
branin,optimized_ard_gpc,classifier_margin,classifier_margin,3,7,12,13,487,93.60376487880308,False,False,False,485,0.5000339648808718,0.9999320702382564,0.693147178252719,null,null,null,null,null,null,null,null,null,null,null,null,null
branin,optimized_ard_gpc,classifier_margin,classifier_margin,3,8,13,14,1080,69.77281223937415,False,False,False,1073,0.4990706250420298,0.9981412500840596,0.6931454530833255,null,null,null,null,null,null,null,null,null,null,null,null,null
branin,optimized_ard_gpc,classifier_margin,classifier_margin,3,9,14,15,239,2.8806719725258354,True,True,True,238,0.4998322118484566,0.9996644236969132,0.6931471242542167,null,null,null,null,null,null,null,null,null,null,null,null,null
branin,optimized_ard_gpc,classifier_margin,classifier_margin,3,10,15,16,661,21.156719664175206,False,False,False,655,0.5002831015132951,0.9994337969734097,0.6931470202670031,null,null,null,null,null,null,null,null,null,null,null,null,null
branin,optimized_ard_gpc,classifier_margin,classifier_margin,3,11,16,17,267,5.615660809045977,False,True,True,265,0.4998568094099109,0.9997136188198218,0.6931471395528546,null,null,null,null,null,null,null,null,null,null,null,null,null
branin,optimized_ard_gpc,classifier_margin,classifier_margin,3,12,17,18,220,17.10074219956485,False,False,False,219,0.5005034965133462,0.9989930069733075,0.6931466735423817,null,null,null,null,null,null,null,null,null,null,null,null,null
branin,optimized_ard_gpc,classifier_margin,classifier_margin,3,13,18,19,629,9.068588460570556,False,True,True,621,0.4981751383659345,0.996350276731869,0.6931405203051919,null,null,null,null,null,null,null,null,null,null,null,null,null
branin,optimized_ard_gpc,classifier_margin,classifier_margin,3,14,19,20,729,4.894852839318666,True,True,True,719,0.5001514292578149,0.9996971414843703,0.6931471346983044,null,null,null,null,null,null,null,null,null,null,null,null,null
branin,optimized_ard_gpc,classifier_margin,classifier_margin,3,15,20,21,1162,6.3174331025862,False,True,True,1144,0.5000280333721836,0.9999439332556328,0.6931471789882053,null,null,null,null,null,null,null,null,null,null,null,null,null
branin,optimized_ard_gpc,classifier_margin,classifier_margin,3,16,21,22,1027,32.279381677191054,False,False,False,1014,0.5000546127112127,0.9998907745775747,0.6931471745948488,null,null,null,null,null,null,null,null,null,null,null,null,null
branin,optimized_ard_gpc,classifier_margin,classifier_margin,3,17,22,23,65,1.3417806426733208,True,True,True,64,0.4985055742788185,0.997011148557637,0.6931427139368228,null,null,null,null,null,null,null,null,null,null,null,null,null
branin,optimized_ard_gpc,classifier_margin,classifier_margin,3,18,23,24,450,23.112910634092806,False,False,False,444,0.49990764595115544,0.9998152919023109,0.6931471635014045,null,null,null,null,null,null,null,null,null,null,null,null,null
branin,optimized_ard_gpc,classifier_margin,classifier_margin,3,19,24,25,902,20.97029930032147,False,False,False,887,0.5000744611646064,0.9998510776707872,0.6931471694710152,null,null,null,null,null,null,null,null,null,null,null,null,null
branin,optimized_ard_gpc,classifier_margin,classifier_margin,3,20,25,26,1389,22.848074112756805,False,False,False,1364,0.5012615890277274,0.9974768219445451,0.693143997342818,null,null,null,null,null,null,null,null,null,null,null,null,null
branin,optimized_ard_gpc,classifier_margin,classifier_margin,3,21,26,27,358,2.008594345605605,True,True,True,353,0.4998487520040644,0.9996975040081288,0.693147134808032,null,null,null,null,null,null,null,null,null,null,null,null,null
branin,optimized_ard_gpc,classifier_margin,classifier_margin,3,22,27,28,1042,3.9140542998399113,True,True,True,1024,0.5000031204210892,0.9999937591578216,0.6931471805404712,null,null,null,null,null,null,null,null,null,null,null,null,null
branin,optimized_ard_gpc,classifier_margin,classifier_margin,3,23,28,29,1393,5.65163794468522,False,True,True,1365,0.4991527300136849,0.9983054600273698,0.6931457448263987,null,null,null,null,null,null,null,null,null,null,null,null,null
branin,optimized_ard_gpc,classifier_margin,classifier_margin,3,24,29,30,39,8.176091348141298,False,True,True,38,0.4999339339291984,0.9998678678583968,0.6931471718304938,null,null,null,null,null,null,null,null,null,null,null,null,null
branin,optimized_ard_gpc,classifier_margin,classifier_margin,3,25,30,31,396,5.043377187453473,False,True,True,389,0.5006878713158502,0.9986242573682995,0.6931462342257524,null,null,null,null,null,null,null,null,null,null,null,null,null
branin,optimized_ard_gpc,classifier_margin,classifier_margin,3,26,31,32,690,91.53172462486981,False,False,False,675,0.49940916554190307,0.9988183310838061,0.6931464823890691,null,null,null,null,null,null,null,null,null,null,null,null,null
branin,optimized_ard_gpc,classifier_margin,classifier_margin,3,27,32,33,194,28.641879107249288,False,False,False,191,0.5000448164540037,0.9999103670919927,0.6931471765429162,null,null,null,null,null,null,null,null,null,null,null,null,null
branin,optimized_ard_gpc,classifier_margin,classifier_margin,3,28,33,34,1064,0.6547667213690431,True,True,True,1041,0.49849867355912014,0.9969973471182403,0.6931426725910071,null,null,null,null,null,null,null,null,null,null,null,null,null
branin,optimized_ard_gpc,classifier_margin,classifier_margin,3,29,34,35,1351,0.42217547503129893,True,True,True,1319,0.5002920106435772,0.9994159787128456,0.6931470100195036,null,null,null,null,null,null,null,null,null,null,null,null,null
branin,optimized_ard_gpc,classifier_margin,classifier_margin,3,30,35,36,622,5.161628955547542,False,True,True,608,0.5014426842940014,0.9971146314119972,0.693143017878225,null,null,null,null,null,null,null,null,null,null,null,null,null
branin,optimized_ard_gpc,classifier_margin,classifier_margin,3,31,36,37,1126,20.61320515756232,False,False,False,1096,0.5000980858433334,0.9998038283133333,0.6931471613182798,null,null,null,null,null,null,null,null,null,null,null,null,null
branin,optimized_ard_gpc,classifier_margin,classifier_margin,3,32,37,38,50,0.5412467762229767,True,True,True,48,0.5009528815361342,0.9980942369277317,0.6931453645924023,null,null,null,null,null,null,null,null,null,null,null,null,null
branin,optimized_ard_gpc,classifier_margin,classifier_margin,3,33,38,39,1191,2.292416104600562,True,True,True,1157,0.4999685976933415,0.999937195386683,0.6931471785877356,null,null,null,null,null,null,null,null,null,null,null,null,null
branin,optimized_ard_gpc,classifier_margin,classifier_margin,3,34,39,40,1297,15.319139132369163,False,False,False,1261,0.5007415901525518,0.9985168196948964,0.6931460806476333,null,null,null,null,null,null,null,null,null,null,null,null,null
branin,optimized_ard_gpc,classifier_margin,classifier_margin,3,35,40,41,650,14.993257758164525,False,False,False,633,0.4997058159499923,0.9994116318999846,0.6931470074714248,null,null,null,null,null,null,null,null,null,null,null,null,null
branin,optimized_ard_gpc,classifier_margin,classifier_margin,3,36,41,42,1322,12.029818372577278,False,False,True,1284,0.4993356861949496,0.9986713723898992,0.6931462979340225,null,null,null,null,null,null,null,null,null,null,null,null,null
branin,optimized_ard_gpc,classifier_margin,classifier_margin,3,37,42,43,639,5.858219323326338,False,True,True,622,0.5002285298382432,0.9995429403235137,0.6931470761081677,null,null,null,null,null,null,null,null,null,null,null,null,null
branin,optimized_ard_gpc,classifier_margin,classifier_margin,3,38,43,44,346,7.062961266569289,False,True,True,338,0.49952491422774115,0.9990498284554823,0.6931467291468953,null,null,null,null,null,null,null,null,null,null,null,null,null
branin,optimized_ard_gpc,classifier_margin,classifier_margin,3,39,44,45,456,4.459095670351019,True,True,True,443,0.4997557574051783,0.9995115148103566,0.6931470612510502,null,null,null,null,null,null,null,null,null,null,null,null,null
branin,optimized_ard_gpc,classifier_margin,classifier_margin,3,40,45,46,785,13.406555935927464,False,False,False,760,0.4996847474844861,0.9993694949689722,0.6931469817916351,null,null,null,null,null,null,null,null,null,null,null,null,null
branin,optimized_ard_gpc,classifier_margin,classifier_margin,3,41,46,47,1383,47.42366238304277,False,False,False,1339,0.4983050557730997,0.9966101115461994,0.6931414348770764,null,null,null,null,null,null,null,null,null,null,null,null,null
branin,optimized_ard_gpc,classifier_margin,classifier_margin,3,42,47,48,1379,0.6007162201679961,True,True,True,1335,0.5001023977902608,0.9997952044194784,0.6931471595893303,null,null,null,null,null,null,null,null,null,null,null,null,null
branin,optimized_ard_gpc,classifier_margin,classifier_margin,3,43,48,49,1077,2.2241990160624674,True,True,True,1046,0.5016525105210063,0.9966949789579873,0.6931417189679583,null,null,null,null,null,null,null,null,null,null,null,null,null
branin,optimized_ard_gpc,classifier_margin,classifier_margin,3,44,49,50,74,3.453084272574614,True,True,True,70,0.4992863284444595,0.998572656888919,0.6931461619054211,null,null,null,null,null,null,null,null,null,null,null,null,null
branin,optimized_ard_gpc,classifier_entropy,classifier_entropy,3,1,6,7,421,17.14190779766014,False,False,False,420,0.6728023621306534,0.6543952757386933,0.6321762595921824,Binary entropy is monotone-equivalent to classifier margin.,null,null,null,null,null,null,null,null,null,null,null,null
branin,optimized_ard_gpc,classifier_entropy,classifier_entropy,3,2,7,8,1173,22.76440497439194,False,False,False,1167,0.5005846525668725,0.9988306948662551,0.6931464969225416,Binary entropy is monotone-equivalent to classifier margin.,null,null,null,null,null,null,null,null,null,null,null,null
branin,optimized_ard_gpc,classifier_entropy,classifier_entropy,3,3,8,9,607,27.3458080063684,False,False,False,604,0.5015373780368475,0.996925243926305,0.6931424534900406,Binary entropy is monotone-equivalent to classifier margin.,null,null,null,null,null,null,null,null,null,null,null,null
branin,optimized_ard_gpc,classifier_entropy,classifier_entropy,3,4,9,10,771,7.541750539971652,False,True,True,767,0.4995802368735959,0.9991604737471917,0.6931468281577393,Binary entropy is monotone-equivalent to classifier margin.,null,null,null,null,null,null,null,null,null,null,null,null
branin,optimized_ard_gpc,classifier_entropy,classifier_entropy,3,5,10,11,1104,11.771811159287047,False,False,True,1097,0.5003825964481544,0.9992348071036912,0.6931468877998325,Binary entropy is monotone-equivalent to classifier margin.,null,null,null,null,null,null,null,null,null,null,null,null
branin,optimized_ard_gpc,classifier_entropy,classifier_entropy,3,6,11,12,1125,8.408876692225014,False,True,True,1116,0.5001674742443618,0.9996650515112764,0.6931471244646992,Binary entropy is monotone-equivalent to classifier margin.,null,null,null,null,null,null,null,null,null,null,null,null
branin,optimized_ard_gpc,classifier_entropy,classifier_entropy,3,7,12,13,487,93.60376487880308,False,False,False,485,0.5000339648808718,0.9999320702382564,0.693147178252719,Binary entropy is monotone-equivalent to classifier margin.,null,null,null,null,null,null,null,null,null,null,null,null
branin,optimized_ard_gpc,classifier_entropy,classifier_entropy,3,8,13,14,1080,69.77281223937415,False,False,False,1073,0.4990706250420298,0.9981412500840596,0.6931454530833255,Binary entropy is monotone-equivalent to classifier margin.,null,null,null,null,null,null,null,null,null,null,null,null
branin,optimized_ard_gpc,classifier_entropy,classifier_entropy,3,9,14,15,239,2.8806719725258354,True,True,True,238,0.4998322118484566,0.9996644236969132,0.6931471242542167,Binary entropy is monotone-equivalent to classifier margin.,null,null,null,null,null,null,null,null,null,null,null,null
branin,optimized_ard_gpc,classifier_entropy,classifier_entropy,3,10,15,16,661,21.156719664175206,False,False,False,655,0.5002831015132951,0.9994337969734097,0.6931470202670031,Binary entropy is monotone-equivalent to classifier margin.,null,null,null,null,null,null,null,null,null,null,null,null
branin,optimized_ard_gpc,classifier_entropy,classifier_entropy,3,11,16,17,267,5.615660809045977,False,True,True,265,0.4998568094099109,0.9997136188198218,0.6931471395528546,Binary entropy is monotone-equivalent to classifier margin.,null,null,null,null,null,null,null,null,null,null,null,null
branin,optimized_ard_gpc,classifier_entropy,classifier_entropy,3,12,17,18,220,17.10074219956485,False,False,False,219,0.5005034965133462,0.9989930069733075,0.6931466735423817,Binary entropy is monotone-equivalent to classifier margin.,null,null,null,null,null,null,null,null,null,null,null,null
branin,optimized_ard_gpc,classifier_entropy,classifier_entropy,3,13,18,19,629,9.068588460570556,False,True,True,621,0.4981751383659345,0.996350276731869,0.6931405203051919,Binary entropy is monotone-equivalent to classifier margin.,null,null,null,null,null,null,null,null,null,null,null,null
branin,optimized_ard_gpc,classifier_entropy,classifier_entropy,3,14,19,20,729,4.894852839318666,True,True,True,719,0.5001514292578149,0.9996971414843703,0.6931471346983044,Binary entropy is monotone-equivalent to classifier margin.,null,null,null,null,null,null,null,null,null,null,null,null
branin,optimized_ard_gpc,classifier_entropy,classifier_entropy,3,15,20,21,1162,6.3174331025862,False,True,True,1144,0.5000280333721836,0.9999439332556328,0.6931471789882053,Binary entropy is monotone-equivalent to classifier margin.,null,null,null,null,null,null,null,null,null,null,null,null
branin,optimized_ard_gpc,classifier_entropy,classifier_entropy,3,16,21,22,1027,32.279381677191054,False,False,False,1014,0.5000546127112127,0.9998907745775747,0.6931471745948488,Binary entropy is monotone-equivalent to classifier margin.,null,null,null,null,null,null,null,null,null,null,null,null
branin,optimized_ard_gpc,classifier_entropy,classifier_entropy,3,17,22,23,65,1.3417806426733208,True,True,True,64,0.4985055742788185,0.997011148557637,0.6931427139368228,Binary entropy is monotone-equivalent to classifier margin.,null,null,null,null,null,null,null,null,null,null,null,null
branin,optimized_ard_gpc,classifier_entropy,classifier_entropy,3,18,23,24,450,23.112910634092806,False,False,False,444,0.49990764595115544,0.9998152919023109,0.6931471635014045,Binary entropy is monotone-equivalent to classifier margin.,null,null,null,null,null,null,null,null,null,null,null,null
branin,optimized_ard_gpc,classifier_entropy,classifier_entropy,3,19,24,25,902,20.97029930032147,False,False,False,887,0.5000744611646064,0.9998510776707872,0.6931471694710152,Binary entropy is monotone-equivalent to classifier margin.,null,null,null,null,null,null,null,null,null,null,null,null
branin,optimized_ard_gpc,classifier_entropy,classifier_entropy,3,20,25,26,1389,22.848074112756805,False,False,False,1364,0.5012615890277274,0.9974768219445451,0.693143997342818,Binary entropy is monotone-equivalent to classifier margin.,null,null,null,null,null,null,null,null,null,null,null,null
branin,optimized_ard_gpc,classifier_entropy,classifier_entropy,3,21,26,27,358,2.008594345605605,True,True,True,353,0.4998487520040644,0.9996975040081288,0.693147134808032,Binary entropy is monotone-equivalent to classifier margin.,null,null,null,null,null,null,null,null,null,null,null,null
branin,optimized_ard_gpc,classifier_entropy,classifier_entropy,3,22,27,28,1042,3.9140542998399113,True,True,True,1024,0.5000031204210892,0.9999937591578216,0.6931471805404712,Binary entropy is monotone-equivalent to classifier margin.,null,null,null,null,null,null,null,null,null,null,null,null
branin,optimized_ard_gpc,classifier_entropy,classifier_entropy,3,23,28,29,1393,5.65163794468522,False,True,True,1365,0.4991527300136849,0.9983054600273698,0.6931457448263987,Binary entropy is monotone-equivalent to classifier margin.,null,null,null,null,null,null,null,null,null,null,null,null
branin,optimized_ard_gpc,classifier_entropy,classifier_entropy,3,24,29,30,39,8.176091348141298,False,True,True,38,0.4999339339291984,0.9998678678583968,0.6931471718304938,Binary entropy is monotone-equivalent to classifier margin.,null,null,null,null,null,null,null,null,null,null,null,null
branin,optimized_ard_gpc,classifier_entropy,classifier_entropy,3,25,30,31,396,5.043377187453473,False,True,True,389,0.5006878713158502,0.9986242573682995,0.6931462342257524,Binary entropy is monotone-equivalent to classifier margin.,null,null,null,null,null,null,null,null,null,null,null,null
branin,optimized_ard_gpc,classifier_entropy,classifier_entropy,3,26,31,32,690,91.53172462486981,False,False,False,675,0.49940916554190307,0.9988183310838061,0.6931464823890691,Binary entropy is monotone-equivalent to classifier margin.,null,null,null,null,null,null,null,null,null,null,null,null
branin,optimized_ard_gpc,classifier_entropy,classifier_entropy,3,27,32,33,194,28.641879107249288,False,False,False,191,0.5000448164540037,0.9999103670919927,0.6931471765429162,Binary entropy is monotone-equivalent to classifier margin.,null,null,null,null,null,null,null,null,null,null,null,null
branin,optimized_ard_gpc,classifier_entropy,classifier_entropy,3,28,33,34,1064,0.6547667213690431,True,True,True,1041,0.49849867355912014,0.9969973471182403,0.6931426725910071,Binary entropy is monotone-equivalent to classifier margin.,null,null,null,null,null,null,null,null,null,null,null,null
branin,optimized_ard_gpc,classifier_entropy,classifier_entropy,3,29,34,35,1351,0.42217547503129893,True,True,True,1319,0.5002920106435772,0.9994159787128456,0.6931470100195036,Binary entropy is monotone-equivalent to classifier margin.,null,null,null,null,null,null,null,null,null,null,null,null
branin,optimized_ard_gpc,classifier_entropy,classifier_entropy,3,30,35,36,622,5.161628955547542,False,True,True,608,0.5014426842940014,0.9971146314119972,0.693143017878225,Binary entropy is monotone-equivalent to classifier margin.,null,null,null,null,null,null,null,null,null,null,null,null
branin,optimized_ard_gpc,classifier_entropy,classifier_entropy,3,31,36,37,1126,20.61320515756232,False,False,False,1096,0.5000980858433334,0.9998038283133333,0.6931471613182798,Binary entropy is monotone-equivalent to classifier margin.,null,null,null,null,null,null,null,null,null,null,null,null
branin,optimized_ard_gpc,classifier_entropy,classifier_entropy,3,32,37,38,50,0.5412467762229767,True,True,True,48,0.5009528815361342,0.9980942369277317,0.6931453645924023,Binary entropy is monotone-equivalent to classifier margin.,null,null,null,null,null,null,null,null,null,null,null,null
branin,optimized_ard_gpc,classifier_entropy,classifier_entropy,3,33,38,39,1191,2.292416104600562,True,True,True,1157,0.4999685976933415,0.999937195386683,0.6931471785877356,Binary entropy is monotone-equivalent to classifier margin.,null,null,null,null,null,null,null,null,null,null,null,null
branin,optimized_ard_gpc,classifier_entropy,classifier_entropy,3,34,39,40,1297,15.319139132369163,False,False,False,1261,0.5007415901525518,0.9985168196948964,0.6931460806476333,Binary entropy is monotone-equivalent to classifier margin.,null,null,null,null,null,null,null,null,null,null,null,null
branin,optimized_ard_gpc,classifier_entropy,classifier_entropy,3,35,40,41,650,14.993257758164525,False,False,False,633,0.4997058159499923,0.9994116318999846,0.6931470074714248,Binary entropy is monotone-equivalent to classifier margin.,null,null,null,null,null,null,null,null,null,null,null,null
branin,optimized_ard_gpc,classifier_entropy,classifier_entropy,3,36,41,42,1322,12.029818372577278,False,False,True,1284,0.4993356861949496,0.9986713723898992,0.6931462979340225,Binary entropy is monotone-equivalent to classifier margin.,null,null,null,null,null,null,null,null,null,null,null,null
branin,optimized_ard_gpc,classifier_entropy,classifier_entropy,3,37,42,43,639,5.858219323326338,False,True,True,622,0.5002285298382432,0.9995429403235137,0.6931470761081677,Binary entropy is monotone-equivalent to classifier margin.,null,null,null,null,null,null,null,null,null,null,null,null
branin,optimized_ard_gpc,classifier_entropy,classifier_entropy,3,38,43,44,346,7.062961266569289,False,True,True,338,0.49952491422774115,0.9990498284554823,0.6931467291468953,Binary entropy is monotone-equivalent to classifier margin.,null,null,null,null,null,null,null,null,null,null,null,null
branin,optimized_ard_gpc,classifier_entropy,classifier_entropy,3,39,44,45,456,4.459095670351019,True,True,True,443,0.4997557574051783,0.9995115148103566,0.6931470612510502,Binary entropy is monotone-equivalent to classifier margin.,null,null,null,null,null,null,null,null,null,null,null,null
branin,optimized_ard_gpc,classifier_entropy,classifier_entropy,3,40,45,46,785,13.406555935927464,False,False,False,760,0.4996847474844861,0.9993694949689722,0.6931469817916351,Binary entropy is monotone-equivalent to classifier margin.,null,null,null,null,null,null,null,null,null,null,null,null
branin,optimized_ard_gpc,classifier_entropy,classifier_entropy,3,41,46,47,1383,47.42366238304277,False,False,False,1339,0.4983050557730997,0.9966101115461994,0.6931414348770764,Binary entropy is monotone-equivalent to classifier margin.,null,null,null,null,null,null,null,null,null,null,null,null
branin,optimized_ard_gpc,classifier_entropy,classifier_entropy,3,42,47,48,1379,0.6007162201679961,True,True,True,1335,0.5001023977902608,0.9997952044194784,0.6931471595893303,Binary entropy is monotone-equivalent to classifier margin.,null,null,null,null,null,null,null,null,null,null,null,null
branin,optimized_ard_gpc,classifier_entropy,classifier_entropy,3,43,48,49,1077,2.2241990160624674,True,True,True,1046,0.5016525105210063,0.9966949789579873,0.6931417189679583,Binary entropy is monotone-equivalent to classifier margin.,null,null,null,null,null,null,null,null,null,null,null,null
branin,optimized_ard_gpc,classifier_entropy,classifier_entropy,3,44,49,50,74,3.453084272574614,True,True,True,70,0.4992863284444595,0.998572656888919,0.6931461619054211,Binary entropy is monotone-equivalent to classifier margin.,null,null,null,null,null,null,null,null,null,null,null,null
branin,optimized_ard_gpc,classifier_gated_diversity,classifier_gated_diversity,3,1,6,7,1060,160.93601151366263,False,False,False,1057,0.6797454847805966,0.6405090304388068,0.6270611551424681,null,0.1,25,150,0.5,24,0.666234606481573,0.3608195338220827,0.988969276281542,0.8276019413815574,null,null,null
branin,optimized_ard_gpc,classifier_gated_diversity,classifier_gated_diversity,3,2,7,8,1236,256.3731998129815,False,False,False,1230,0.7478320857997574,0.5043358284004853,0.5647043328912029,null,0.1,25,150,0.5,3,0.8969376771023571,0.3151924511992125,1.0,0.9484688385511786,null,null,null
branin,optimized_ard_gpc,classifier_gated_diversity,classifier_gated_diversity,3,3,8,9,10,10.248163493797602,False,False,True,10,0.7746767699768498,0.4506464600463005,0.5335633000741438,null,0.1,25,150,0.5,0,1.0,0.2396960909024034,0.8283382695905357,0.9141691347952678,null,null,null
branin,optimized_ard_gpc,classifier_gated_diversity,classifier_gated_diversity,3,4,9,10,140,20.490259427369118,False,False,False,138,0.5067208128071865,0.986558374385627,0.6930568391898131,null,0.1,25,150,0.5,6,0.9581705270277311,0.2675705205933977,0.9269838353339649,0.942577181180848,null,null,null
branin,optimized_ard_gpc,classifier_gated_diversity,classifier_gated_diversity,3,5,10,11,1076,83.17415720211092,False,False,False,1070,0.5106596778505761,0.9786806442988478,0.6929199058777403,null,0.1,25,149,0.5,11,0.9341059230518052,0.21065349509364856,0.9504689691464885,0.9422874460991468,null,null,null
branin,optimized_ard_gpc,classifier_gated_diversity,classifier_gated_diversity,3,6,11,12,773,6.78891812769244,False,True,True,769,0.5210764434144366,0.9578471131711268,0.6922584843344033,null,0.1,25,149,0.5,19,0.9040003683379911,0.1540665922397462,0.9927624420970321,0.9483814052175117,null,null,null
branin,optimized_ard_gpc,classifier_gated_diversity,classifier_gated_diversity,3,7,12,13,151,1.7755378492451968,True,True,True,148,0.761218655225889,0.4775626895482219,0.5496711333958896,null,0.1,25,149,0.5,33,0.5584966547540755,0.14057956098840257,1.0,0.7792483273770378,null,null,null
branin,optimized_ard_gpc,classifier_gated_diversity,classifier_gated_diversity,3,8,13,14,429,27.72736456245572,False,False,False,425,0.5143015158315833,0.9713969683368333,0.692738058052997,null,0.1,25,149,0.5,16,0.9337707771984156,0.11318350524963956,0.69922029998876,0.8164955385935878,null,null,null
branin,optimized_ard_gpc,classifier_gated_diversity,classifier_gated_diversity,3,9,14,15,788,36.829178603814384,False,False,False,781,0.5023357792092549,0.9953284415814903,0.6931362687912277,null,0.1,25,149,0.5,0,1.0,0.09315210023459154,0.14324198043090672,0.5716209902154533,null,null,null
branin,optimized_ard_gpc,classifier_gated_diversity,classifier_gated_diversity,3,10,15,16,1105,22.281638550511406,False,False,False,1093,0.6854967499312465,0.6290065001375069,0.6226565232832741,null,0.1,25,149,0.5,130,0.08940584420695526,0.6166311424746308,1.0,0.5447029221034776,null,null,null
branin,optimized_ard_gpc,classifier_gated_diversity,classifier_gated_diversity,3,11,16,17,944,20.186506341651167,False,False,False,935,0.4969555651794746,0.9939111303589492,0.6931286432786485,null,0.1,25,149,0.5,4,0.9624725980377,0.3403114994830446,0.7621820637991114,0.8623273309184056,null,null,null
branin,optimized_ard_gpc,classifier_gated_diversity,classifier_gated_diversity,3,12,17,18,1390,15.291156952365466,False,False,False,1373,0.501996881842981,0.9960062363140381,0.6931392054645549,null,0.1,25,149,0.5,5,0.9709623325739393,0.30721701190914075,0.9223995591866027,0.946680945880271,null,null,null
branin,optimized_ard_gpc,classifier_gated_diversity,classifier_gated_diversity,3,13,18,19,262,26.686377108654717,False,False,False,258,0.4980025971613631,0.9960051943227262,0.6931392013025228,null,0.1,25,149,0.5,1,0.997171118157712,0.2439831637478864,0.8153543054668076,0.9062627118122598,null,null,null
branin,optimized_ard_gpc,classifier_gated_diversity,classifier_gated_diversity,3,14,19,20,576,20.21085334212804,False,False,False,569,0.5007033844067208,0.9985932311865584,0.6931461910603717,null,0.1,25,149,0.5,4,0.9927341604219325,0.28548102286273713,0.963411566214846,0.9780728633183893,null,null,null
branin,optimized_ard_gpc,classifier_gated_diversity,classifier_gated_diversity,3,15,20,21,542,20.112761315387644,False,False,False,535,0.5010453480515573,0.9979093038968854,0.6931449950532553,null,0.1,25,148,0.5,1,0.9963102106139872,0.2032192888445926,0.9696386508846224,0.9829744307493048,null,null,null
branin,optimized_ard_gpc,classifier_gated_diversity,classifier_gated_diversity,3,16,21,22,972,15.197326824361419,False,False,False,959,0.5118375257248466,0.9763249485503067,0.692866900342727,null,0.1,25,148,0.5,13,0.8692812838598614,0.13837993165489051,0.8793479750956271,0.8743146294777442,null,null,null
branin,optimized_ard_gpc,classifier_gated_diversity,classifier_gated_diversity,3,17,22,23,1297,15.319139132369163,False,False,False,1276,0.5043509106501141,0.9912981786997719,0.6931093192351457,null,0.1,25,148,0.5,4,0.9740019584259406,0.13114893951487291,0.9185679278922412,0.946284943159091,null,null,null
branin,optimized_ard_gpc,classifier_gated_diversity,classifier_gated_diversity,3,18,23,24,1216,9.06861952247258,False,True,True,1197,0.4846568845612964,0.9693137691225928,0.69267628425813,null,0.1,25,148,0.5,22,0.8216668521061905,0.1323146740741331,1.0,0.9108334260530953,null,null,null
branin,optimized_ard_gpc,classifier_gated_diversity,classifier_gated_diversity,3,19,24,25,1137,19.43045662867526,False,False,False,1118,0.4989986386189684,0.9979972772379369,0.6931451751093739,null,0.1,25,148,0.5,2,0.9868312142613593,0.12048661540497735,0.729052081782226,0.8579416480217927,null,null,null
branin,optimized_ard_gpc,classifier_gated_diversity,classifier_gated_diversity,3,20,25,26,555,5.371479689561653,False,True,True,547,0.4982354343201756,0.9964708686403512,0.6931409531629416,null,0.1,25,148,0.5,2,0.9853939452820859,0.1546785414926477,0.8399671915630373,0.9126805684225616,null,null,null
branin,optimized_ard_gpc,classifier_gated_diversity,classifier_gated_diversity,3,21,26,27,877,9.849367509874575,False,False,True,865,0.5050383403590626,0.9899233192818748,0.6930964099535739,null,0.1,25,148,0.5,9,0.9485052042397139,0.12272650225036637,0.8608658534098167,0.9046855288247653,null,null,null
branin,optimized_ard_gpc,classifier_gated_diversity,classifier_gated_diversity,3,22,27,28,134,6.416880018561855,False,True,True,132,0.5085023342083836,0.9829953315832327,0.6930025942174254,null,0.1,25,148,0.5,13,0.8948807436209925,0.11272271660261657,0.7338830983931657,0.8143819210070791,null,null,null
branin,optimized_ard_gpc,classifier_gated_diversity,classifier_gated_diversity,3,23,28,29,1372,12.08112188990756,False,False,True,1345,0.5092220179528653,0.9815559640942695,0.6929770796847115,null,0.1,25,148,0.5,14,0.8995391110618771,0.13664863277402403,0.9203070467777863,0.9099230789198317,null,null,null
branin,optimized_ard_gpc,classifier_gated_diversity,classifier_gated_diversity,3,24,29,30,144,4.423138726479209,True,True,True,140,0.501090484300418,0.997819031399164,0.6931448022460409,null,0.1,25,148,0.5,2,0.9880096246506785,0.1189845106866303,0.7841650600560834,0.886087342353381,null,null,null
branin,optimized_ard_gpc,classifier_gated_diversity,classifier_gated_diversity,3,25,30,31,828,21.80801600290056,False,False,False,814,0.5038801068082845,0.9922397863834309,0.6931170698000373,null,0.1,25,147,0.5,3,0.9386912470722605,0.15183430279504917,0.872462634269335,0.9055769406707977,null,null,null
branin,optimized_ard_gpc,classifier_gated_diversity,classifier_gated_diversity,3,26,31,32,607,27.3458080063684,False,False,False,595,0.5014256931143963,0.9971486137712073,0.6931431153527237,null,0.1,25,147,0.5,5,0.9869329438322754,0.13398066955305293,0.9992292513687013,0.9930810976004883,null,null,null
branin,optimized_ard_gpc,classifier_gated_diversity,classifier_gated_diversity,3,27,32,33,1233,8.176691823734267,False,True,True,1206,0.4938921346088687,0.9877842692177374,0.69307256666491,null,0.1,25,147,0.5,13,0.9163476469664658,0.13407967098369056,0.9603141830453529,0.9383309150059094,null,null,null
branin,optimized_ard_gpc,classifier_gated_diversity,classifier_gated_diversity,3,28,33,34,864,7.849051049124,False,True,True,848,0.4973609603927489,0.9947219207854978,0.6931332514351745,null,0.1,25,147,0.5,6,0.9662294127123304,0.10391116838792333,0.7932910991677987,0.8797602559400646,null,null,null
branin,optimized_ard_gpc,classifier_gated_diversity,classifier_gated_diversity,3,29,34,35,1101,4.504775443284611,True,True,True,1078,0.503083346871172,0.9938333062576561,0.6931281663835761,null,0.1,25,147,0.5,13,0.9583477385573316,0.12023995111068966,0.7156076115821265,0.8369776750697291,null,null,null
branin,optimized_ard_gpc,classifier_gated_diversity,classifier_gated_diversity,3,30,35,36,1461,7.443122336757497,False,True,True,1426,0.5039448576893957,0.9921102846212086,0.693116056432661,null,0.1,25,147,0.5,7,0.9565928664994086,0.10090946953976883,0.7666516664046498,0.8616222664520292,null,null,null
branin,optimized_ard_gpc,classifier_gated_diversity,classifier_gated_diversity,3,31,36,37,131,8.664216610112298,False,True,True,129,0.49937596333087386,0.9987519266617477,0.6931464017162143,null,0.1,25,147,0.5,1,0.9927685965077597,0.09733351049916532,0.9525249688405406,0.9726467826741502,null,null,null
branin,optimized_ard_gpc,classifier_gated_diversity,classifier_gated_diversity,3,32,37,38,1393,5.65163794468522,False,True,True,1357,0.4832502680079642,0.9665005360159284,0.6925859685221596,null,0.1,25,147,0.5,33,0.7955720566466585,0.10026116394794118,1.0,0.8977860283233292,null,null,null
branin,optimized_ard_gpc,classifier_gated_diversity,classifier_gated_diversity,3,33,38,39,574,3.7893228004287707,True,True,True,562,0.5052115707897755,0.989576858420449,0.6930928586361207,null,0.1,25,147,0.5,10,0.9465644939609205,0.08584335930572426,0.8502061919117307,0.8983853429363255,null,null,null
branin,optimized_ard_gpc,classifier_gated_diversity,classifier_gated_diversity,3,34,39,40,355,15.076533075713254,False,False,False,347,0.4938671425466161,0.9877342850932322,0.693071954792534,null,0.1,25,147,0.5,7,0.9339185530072767,0.07825143492184024,0.7597018797578519,0.8468102163825643,null,null,null
branin,optimized_ard_gpc,classifier_gated_diversity,classifier_gated_diversity,3,35,40,41,424,1.3179154898537853,True,True,True,415,0.4923780385901537,0.9847560771803074,0.6930309874681311,null,0.1,25,146,0.5,11,0.9267486200893169,0.08085179769232183,0.7907011405503559,0.8587248803198364,null,null,null
branin,optimized_ard_gpc,classifier_gated_diversity,classifier_gated_diversity,3,36,41,42,1321,5.4268788045281795,False,True,True,1284,0.5020463336939756,0.9959073326120489,0.6931388055733909,null,0.1,25,146,0.5,0,1.0,0.07079207591202062,0.6864614867241104,0.8432307433620552,null,null,null
branin,optimized_ard_gpc,classifier_gated_diversity,classifier_gated_diversity,3,37,42,43,1255,0.9245025270449361,True,True,True,1219,0.5097694583709682,0.9804610832580636,0.6929562837787182,null,0.1,25,146,0.5,14,0.899162417153803,0.0757203905173836,0.7477547165133385,0.8234585668335708,null,null,null
branin,optimized_ard_gpc,classifier_gated_diversity,classifier_gated_diversity,3,38,43,44,1374,1.7385112566705274,True,True,True,1334,0.48057551918135744,0.9611510383627149,0.69239236971754,null,0.1,25,146,0.5,27,0.8006005387402096,0.08038976204128949,0.7995386865908316,0.8000696126655207,null,null,null
branin,optimized_ard_gpc,classifier_gated_diversity,classifier_gated_diversity,3,39,44,45,108,6.004804246706833,False,True,True,106,0.499551950893115,0.99910390178623,0.6931467790638872,null,0.1,25,146,0.5,1,0.9988896902910945,0.06485276398606085,0.6306120707496503,0.8147508805203725,null,null,null
branin,optimized_ard_gpc,classifier_gated_diversity,classifier_gated_diversity,3,40,45,46,1081,1.413540675525475,True,True,True,1053,0.5083330815157723,0.9833338369684554,0.6930082936348699,null,0.1,25,146,0.5,10,0.9160672027180925,0.09840876350709121,0.9954325834795417,0.9557498930988171,null,null,null
branin,optimized_ard_gpc,classifier_gated_diversity,classifier_gated_diversity,3,41,46,47,799,0.5305302065716262,True,True,True,779,0.49984406541445625,0.9996881308289125,0.6931471319287545,null,0.1,25,146,0.5,0,1.0,0.06683090378900422,0.7027605296268026,0.8513802648134012,null,null,null
branin,optimized_ard_gpc,classifier_gated_diversity,classifier_gated_diversity,3,42,47,48,964,1.280048399396584,True,True,True,938,0.5052725134518852,0.9894549730962297,0.6930915807332901,null,0.1,25,146,0.5,4,0.9649653743626051,0.05828335159485672,0.6037184950505572,0.7843419347065812,null,null,null
branin,optimized_ard_gpc,classifier_gated_diversity,classifier_gated_diversity,3,43,48,49,1268,9.428646015312701,False,False,True,1227,0.518268540328954,0.963462919342092,0.6924795528396221,null,0.1,25,146,0.5,26,0.8168114402503566,0.07742427867713517,0.8569656711616045,0.8368885557059805,null,null,null
branin,optimized_ard_gpc,classifier_gated_diversity,classifier_gated_diversity,3,44,49,50,858,7.435402913913425,False,True,True,836,0.5083773084755858,0.9832453830488284,0.6930068153977725,null,0.1,25,146,0.5,9,0.9197395387492808,0.07015163851584189,0.830155042520333,0.8749472906348069,null,null,null
branin,optimized_ard_gpc,classifier_uncertainty_repulsion,classifier_uncertainty_repulsion,3,1,6,7,421,17.14190779766014,False,False,False,420,0.6728023621306534,0.6543952757386933,0.6321762595921824,null,0.1,25,150,null,0,1.0,null,null,0.6946523099581812,0.15,0.23104910364338488,0.6946523099581812
branin,optimized_ard_gpc,classifier_uncertainty_repulsion,classifier_uncertainty_repulsion,3,2,7,8,779,14.795104549538408,False,False,False,776,0.4814432713803214,0.9628865427606428,0.69245831801408,null,0.1,25,150,null,15,0.8282285693795356,null,null,0.563889034424826,0.15,0.22669906208553686,0.6808374587310618
branin,optimized_ard_gpc,classifier_uncertainty_repulsion,classifier_uncertainty_repulsion,3,3,8,9,494,113.62174922764228,False,False,False,492,0.4963122425284663,0.9926244850569326,0.6931199812030051,null,0.1,25,150,null,3,0.9661292339110347,null,null,0.7823490549491073,0.15,0.27327655585193866,0.8097768160704983
branin,optimized_ard_gpc,classifier_uncertainty_repulsion,classifier_uncertainty_repulsion,3,4,9,10,599,72.5246635731823,False,False,False,595,0.4871808299977154,0.9743616599954308,0.6928184823050907,null,0.1,25,150,null,11,0.8897733599914893,null,null,0.49262038228779736,0.15,0.19052305819766338,0.5536470346701651
branin,optimized_ard_gpc,classifier_uncertainty_repulsion,classifier_uncertainty_repulsion,3,5,10,11,151,1.7755378492451968,True,True,True,150,0.5359310621201558,0.9281378757596883,0.6905628711230779,null,0.1,25,149,null,18,0.8164099662401025,null,null,0.2901751870855458,0.15,0.14057956098840257,0.3554282763375852
branin,optimized_ard_gpc,classifier_uncertainty_repulsion,classifier_uncertainty_repulsion,3,6,11,12,1105,22.281638550511406,False,False,False,1096,0.5952381335702341,0.8095237328595317,0.6748952589605571,null,0.1,25,149,null,77,0.28526101454346203,null,null,0.2851999753487056,0.15,0.6166311424746308,0.9997860233552975
branin,optimized_ard_gpc,classifier_uncertainty_repulsion,classifier_uncertainty_repulsion,3,7,12,13,57,21.927445045727858,False,False,False,56,0.4988154061174601,0.9976308122349202,0.6931443740319867,null,0.1,25,149,null,4,0.9773686582648285,null,null,0.9542596274260015,0.15,0.41049825750498586,0.9763558707930601
branin,optimized_ard_gpc,classifier_uncertainty_repulsion,classifier_uncertainty_repulsion,3,8,13,14,645,2.5072699025521636,True,True,True,638,0.49112447334237785,0.9822489466847557,0.6929896223380068,null,0.1,25,149,null,24,0.8565725186144345,null,null,0.7704737283574287,0.15,0.3215353215200505,0.8994845288799638
branin,optimized_ard_gpc,classifier_uncertainty_repulsion,classifier_uncertainty_repulsion,3,9,14,15,1055,220.69289534583208,False,False,False,1045,0.4964991534033629,0.9929983068067259,0.693122668505878,null,0.1,25,149,null,8,0.9394861265049435,null,null,0.6688807371507146,0.15,0.23666477114540266,0.7119644647005813
branin,optimized_ard_gpc,classifier_uncertainty_repulsion,classifier_uncertainty_repulsion,3,10,15,16,1293,44.01423441399379,False,False,False,1278,0.5107498461663447,0.9785003076673107,0.6929160443662163,null,0.1,25,149,null,23,0.8431232252864388,null,null,0.6142580072564896,0.15,0.24223768012076707,0.72855068966675
branin,optimized_ard_gpc,classifier_uncertainty_repulsion,classifier_uncertainty_repulsion,3,11,16,17,696,7.31241362796905,False,True,True,688,0.511238717209995,0.9775225655800099,0.6928945417547208,null,0.1,25,149,null,20,0.866601891080019,null,null,0.5405451896995589,0.15,0.20973287238602814,0.6237526080469248
branin,optimized_ard_gpc,classifier_uncertainty_repulsion,classifier_uncertainty_repulsion,3,12,17,18,542,20.112761315387644,False,False,False,536,0.49167136994620364,0.9833427398924073,0.6930084419865501,null,0.1,25,149,null,16,0.9009397204475198,null,null,0.524181275058659,0.15,0.19807204357089567,0.5818161450338595
branin,optimized_ard_gpc,classifier_uncertainty_repulsion,classifier_uncertainty_repulsion,3,13,18,19,896,23.39996740544479,False,False,False,884,0.5197925754104062,0.9604148491791875,0.6923634837288819,null,0.1,25,149,null,35,0.7755263439037899,null,null,0.5071030079089957,0.15,0.21850388389127123,0.6538823753637771
branin,optimized_ard_gpc,classifier_uncertainty_repulsion,classifier_uncertainty_repulsion,3,14,19,20,900,11.178013907745399,False,False,True,887,0.4989116581643356,0.9978233163286712,0.6931448115821721,null,0.1,25,149,null,1,0.9862039642808456,null,null,0.45969798681051804,0.15,0.16805363101370085,0.4661287152153526
branin,optimized_ard_gpc,classifier_uncertainty_repulsion,classifier_uncertainty_repulsion,3,15,20,21,318,10.860532463110914,False,False,True,315,0.5024593662333556,0.9950812675332887,0.6931350835466263,null,0.1,25,148,null,8,0.9690383370089214,null,null,0.2877758302843597,0.15,0.12592077335771015,0.29697053180849575
branin,optimized_ard_gpc,classifier_uncertainty_repulsion,classifier_uncertainty_repulsion,3,16,21,22,1465,11.791509421193908,False,False,True,1444,0.5126813591984956,0.9746372816030089,0.6928255123260723,null,0.1,25,148,null,29,0.8404028013663293,null,null,0.24839027914854067,0.15,0.12556236772246188,0.2955609842621979
branin,optimized_ard_gpc,classifier_uncertainty_repulsion,classifier_uncertainty_repulsion,3,17,22,23,544,17.26136539156513,False,False,False,536,0.5051787056812493,0.9896425886375013,0.693093541615827,null,0.1,25,148,null,12,0.9387199275273873,null,null,0.24964960673658187,0.15,0.11795262948795975,0.26594684891175735
branin,optimized_ard_gpc,classifier_uncertainty_repulsion,classifier_uncertainty_repulsion,3,18,23,24,11,6.143462927536856,False,True,True,11,0.5071233325400915,0.9857533349198171,0.6930456933937305,null,0.1,25,148,null,14,0.9218160376297223,null,null,0.2557101308348213,0.15,0.1209147015625035,0.27739822306881545
branin,optimized_ard_gpc,classifier_uncertainty_repulsion,classifier_uncertainty_repulsion,3,19,24,25,217,9.361352535947919,False,False,True,213,0.5048578023819985,0.990284395236003,0.6930999833294493,null,0.1,25,148,null,9,0.9407353870650956,null,null,0.23558706531022136,0.15,0.11389213250542791,0.2504286205765103
branin,optimized_ard_gpc,classifier_uncertainty_repulsion,classifier_uncertainty_repulsion,3,20,25,26,796,18.217177435465466,False,False,False,781,0.5072596336911452,0.9854807326177095,0.6930417722935999,null,0.1,25,148,null,17,0.8987416664301614,null,null,0.34556157700025686,0.15,0.14778038201693505,0.3844948886957045
branin,optimized_ard_gpc,classifier_uncertainty_repulsion,classifier_uncertainty_repulsion,3,21,26,27,1464,43.10816482840511,False,False,False,1439,0.5117107852931966,0.9765784294136068,0.6928728704926568,null,0.1,25,148,null,16,0.8237342808726086,null,null,0.39171831617868347,0.15,0.1704181496114042,0.47553965553518485
branin,optimized_ard_gpc,classifier_uncertainty_repulsion,classifier_uncertainty_repulsion,3,22,27,28,703,0.7034498132611375,True,True,True,689,0.4954547893107293,0.9909095786214586,0.693105862110451,null,0.1,25,148,null,12,0.9275271459833737,null,null,0.3926078726799141,0.15,0.1573794134781608,0.4232845091166224
branin,optimized_ard_gpc,classifier_uncertainty_repulsion,classifier_uncertainty_repulsion,3,23,28,29,488,4.834232488429613,True,True,True,481,0.5026325467306041,0.9947349065387918,0.6931333198913282,null,0.1,25,148,null,6,0.9706136495647678,null,null,0.2358707263231494,0.15,0.11193012184970196,0.24301196096811128
branin,optimized_ard_gpc,classifier_uncertainty_repulsion,classifier_uncertainty_repulsion,3,24,29,30,1285,1.417465872958097,True,True,True,1259,0.5093894935874097,0.9812210128251806,0.692970845015304,null,0.1,25,148,null,16,0.876168183390801,null,null,0.207363074692692,0.15,0.11024037965002939,0.23667040029939201
branin,optimized_ard_gpc,classifier_uncertainty_repulsion,classifier_uncertainty_repulsion,3,25,30,31,1485,25.939931417856343,False,False,False,1455,0.4885571920614389,0.9771143841228778,0.6928852819884885,null,0.1,25,147,null,25,0.8512880504394087,null,null,0.1940629115608412,0.15,0.10790077088102976,0.2279638618921902
branin,optimized_ard_gpc,classifier_uncertainty_repulsion,classifier_uncertainty_repulsion,3,26,31,32,959,17.398155041104587,False,False,False,938,0.5144336987362266,0.9711326025275469,0.6927304593527905,null,0.1,25,147,null,26,0.8123874707765263,null,null,0.1445012379652407,0.15,0.09388120216985936,0.17787231236729706
branin,optimized_ard_gpc,classifier_uncertainty_repulsion,classifier_uncertainty_repulsion,3,27,32,33,1184,34.385729786026545,False,False,False,1158,0.5066176126194755,0.9867647747610491,0.6930595924091245,null,0.1,25,147,null,11,0.9245749497418818,null,null,0.14689079303416386,0.15,0.088236126429409,0.15887386206512744
branin,optimized_ard_gpc,classifier_uncertainty_repulsion,classifier_uncertainty_repulsion,3,28,33,34,472,0.9012624746888882,True,True,True,465,0.5138270258493023,0.9723459483013954,0.6927647585209125,null,0.1,25,147,null,23,0.8400871496930699,null,null,0.14713318084079488,0.15,0.09308272017702189,0.17514037786978498
branin,optimized_ard_gpc,classifier_uncertainty_repulsion,classifier_uncertainty_repulsion,3,29,34,35,310,5.9360418568896165,False,True,True,305,0.5106015044848284,0.9787969910303431,0.6929223799196473,null,0.1,25,147,null,25,0.8681184443101649,null,null,0.12824285089747006,0.15,0.08481199684896812,0.14772506187145462
branin,optimized_ard_gpc,classifier_uncertainty_repulsion,classifier_uncertainty_repulsion,3,30,35,36,117,24.44846220737188,False,False,False,114,0.5116883304171793,0.9766233391656414,0.6928739215329908,null,0.1,25,147,null,31,0.8259431071968436,null,null,0.23195372375482098,0.15,0.12179860481850927,0.2808349894002329
branin,optimized_ard_gpc,classifier_uncertainty_repulsion,classifier_uncertainty_repulsion,3,31,36,37,80,14.045641517741139,False,False,False,77,0.5077921891138484,0.9844156217723032,0.6930257392214942,null,0.1,25,147,null,12,0.9151924878645511,null,null,0.2331880749421746,0.15,0.11504096131871991,0.25479675372585286
branin,optimized_ard_gpc,classifier_uncertainty_repulsion,classifier_uncertainty_repulsion,3,32,37,38,1122,7.262867302978584,False,True,True,1092,0.4877253433065434,0.9754506866130868,0.6928458158912898,null,0.1,25,147,null,17,0.8984385315027468,null,null,0.19687252619706072,0.15,0.10550094176776503,0.21912742975055588
branin,optimized_ard_gpc,classifier_uncertainty_repulsion,classifier_uncertainty_repulsion,3,33,38,39,5,3.701823556359333,True,True,True,5,0.5055431498881493,0.9889137002237014,0.6930857262796938,null,0.1,25,147,null,10,0.948589806788336,null,null,0.1627262885323823,0.15,0.09202553946095496,0.17154547452215274
branin,optimized_ard_gpc,classifier_uncertainty_repulsion,classifier_uncertainty_repulsion,3,34,39,40,243,10.86724480219165,False,False,True,235,0.5015660392756809,0.9968679214486382,0.6931422755938998,null,0.1,25,147,null,1,0.9844544128567368,null,null,0.13851284953565912,0.15,0.08260556219432261,0.14070011544131933
branin,optimized_ard_gpc,classifier_uncertainty_repulsion,classifier_uncertainty_repulsion,3,35,40,41,1139,1.8625277741726727,True,True,True,1106,0.4911855656877684,0.9823711313755368,0.6929917840059263,null,0.1,25,146,null,12,0.9059616683524164,null,null,0.14326603243708433,0.15,0.08801254294205808,0.15813696919167475
branin,optimized_ard_gpc,classifier_uncertainty_repulsion,classifier_uncertainty_repulsion,3,36,41,42,1152,7.657059304563035,False,True,True,1118,0.5188398106181609,0.9623203787636783,0.6924371355611386,null,0.1,25,146,null,34,0.7748442330494559,null,null,0.12919203533419188,0.15,0.09059827507685497,0.16673291201477647
branin,optimized_ard_gpc,classifier_uncertainty_repulsion,classifier_uncertainty_repulsion,3,37,42,43,1214,6.7269734780384844,False,True,True,1178,0.5041793818952822,0.9916412362094356,0.6931122456870751,null,0.1,25,146,null,6,0.956104547127469,null,null,0.13602551708301944,0.15,0.08310231556655423,0.14227054718199594
branin,optimized_ard_gpc,classifier_uncertainty_repulsion,classifier_uncertainty_repulsion,3,38,43,44,136,5.033249717336247,True,True,True,130,0.5135871345880645,0.972825730823871,0.6927779146526418,null,0.1,25,146,null,22,0.8445270367879946,null,null,0.10873769156426705,0.15,0.07875582516981754,0.12875572578212668
branin,optimized_ard_gpc,classifier_uncertainty_repulsion,classifier_uncertainty_repulsion,3,39,44,45,792,1.4960191596663073,True,True,True,768,0.48579286254067,0.97158572508134,0.6927434407121548,null,0.1,25,146,null,13,0.8534116962472572,null,null,0.11157249224942543,0.15,0.07940359135019145,0.13073700857399517
branin,optimized_ard_gpc,classifier_uncertainty_repulsion,classifier_uncertainty_repulsion,3,40,45,46,24,2.0300642622492546,True,True,True,22,0.49281222641998035,0.9856244528399607,0.6930438488226717,null,0.1,25,146,null,9,0.9230500137378679,null,null,0.08976398889331513,0.15,0.06785124237647995,0.09724715622918212
branin,optimized_ard_gpc,classifier_uncertainty_repulsion,classifier_uncertainty_repulsion,3,41,46,47,799,0.5305302065716262,True,True,True,772,0.4783712975349559,0.9567425950699118,0.6922112870172746,null,0.1,25,146,null,34,0.7708153355364906,null,null,0.0799572803696027,0.15,0.07020078484465754,0.10373078568027205
branin,optimized_ard_gpc,classifier_uncertainty_repulsion,classifier_uncertainty_repulsion,3,42,47,48,315,3.6140058845461454,True,True,True,303,0.451878369840756,0.903756739681512,0.6885086214566899,null,0.1,25,146,null,69,0.5177285159069132,null,null,0.08223624181630743,0.15,0.08822600343558801,0.15884047196483453
branin,optimized_ard_gpc,classifier_uncertainty_repulsion,classifier_uncertainty_repulsion,3,43,48,49,1204,1.8438154086318121,True,True,True,1163,0.499198763080569,0.998397526161138,0.6931458965981936,null,0.1,25,146,null,3,0.9943037157859778,null,null,0.08620662140921255,0.15,0.06388359086881273,0.08670049205344454
branin,optimized_ard_gpc,classifier_uncertainty_repulsion,classifier_uncertainty_repulsion,3,44,49,50,626,23.60668398928967,False,False,False,604,0.5076186120593142,0.9847627758813715,0.6930310895680823,null,0.1,25,146,null,9,0.943396809706444,null,null,0.07548968506340958,0.15,0.061262570761060564,0.0800190166923499
branin,fixed_iso_gpc,random,random,4,1,6,7,266,116.95731203492022,False,False,False,264,0.4702394986862757,0.9404789973725514,0.6913747582750756,null,null,null,null,null,null,null,null,null,null,null,null,null
branin,fixed_iso_gpc,random,random,4,2,7,8,15,21.976974451474348,False,False,False,15,0.47428742222829356,0.9485748444565871,0.6918243238290026,null,null,null,null,null,null,null,null,null,null,null,null,null
branin,fixed_iso_gpc,random,random,4,3,8,9,1200,33.16625155218216,False,False,False,1193,0.4816055555868317,0.9632111111736634,0.6924703166607065,null,null,null,null,null,null,null,null,null,null,null,null,null
branin,fixed_iso_gpc,random,random,4,4,9,10,459,10.420490335560615,False,False,True,455,0.5478210351517561,0.9043579296964879,0.6885664791954644,null,null,null,null,null,null,null,null,null,null,null,null,null
branin,fixed_iso_gpc,random,random,4,5,10,11,440,89.98970462310356,False,False,False,436,0.5293089971401628,0.9413820057196745,0.6914281606974604,null,null,null,null,null,null,null,null,null,null,null,null,null
branin,fixed_iso_gpc,random,random,4,6,11,12,539,7.766951404639524,False,True,True,532,0.49336006617839345,0.9867201323567869,0.693059000525698,null,null,null,null,null,null,null,null,null,null,null,null,null
branin,fixed_iso_gpc,random,random,4,7,12,13,610,14.558078658632187,False,False,False,602,0.5707442340480782,0.8585115319038437,0.6831040202747125,null,null,null,null,null,null,null,null,null,null,null,null,null
branin,fixed_iso_gpc,random,random,4,8,13,14,230,86.27927614991235,False,False,False,227,0.5196187952277,0.9607624095445999,0.6923771886580972,null,null,null,null,null,null,null,null,null,null,null,null,null
branin,fixed_iso_gpc,random,random,4,9,14,15,1383,17.608712533028587,False,False,False,1369,0.5142997077375746,0.9714005845248508,0.692738161508615,null,null,null,null,null,null,null,null,null,null,null,null,null
branin,fixed_iso_gpc,random,random,4,10,15,16,117,14.124101572276345,False,False,False,115,0.44975871162282033,0.8995174232456407,0.6880902765869807,null,null,null,null,null,null,null,null,null,null,null,null,null
branin,fixed_iso_gpc,random,random,4,11,16,17,49,16.608235257856855,False,False,False,47,0.5051009465769614,0.9897981068460773,0.693095140345249,null,null,null,null,null,null,null,null,null,null,null,null,null
branin,fixed_iso_gpc,random,random,4,12,17,18,368,19.962138835726797,False,False,False,361,0.4291537096694924,0.8583074193389848,0.6830749243820234,null,null,null,null,null,null,null,null,null,null,null,null,null
branin,fixed_iso_gpc,random,random,4,13,18,19,132,154.51739038627673,False,False,False,127,0.6740824301032831,0.6518351397934339,0.6312497507571606,null,null,null,null,null,null,null,null,null,null,null,null,null
branin,fixed_iso_gpc,random,random,4,14,19,20,598,104.7597276462804,False,False,False,585,0.6234435909206582,0.7531128181586837,0.662353126838987,null,null,null,null,null,null,null,null,null,null,null,null,null
branin,fixed_iso_gpc,random,random,4,15,20,21,659,26.81617955201647,False,False,False,644,0.41204034167776626,0.8240806833555325,0.6775925600067767,null,null,null,null,null,null,null,null,null,null,null,null,null
branin,fixed_iso_gpc,random,random,4,16,21,22,281,17.123859747161806,False,False,False,273,0.45182900076777344,0.9036580015355469,0.6884990841502485,null,null,null,null,null,null,null,null,null,null,null,null,null
branin,fixed_iso_gpc,random,random,4,17,22,23,608,27.40723216944128,False,False,False,593,0.39559847979288065,0.7911969595857613,0.6711865929504881,null,null,null,null,null,null,null,null,null,null,null,null,null
branin,fixed_iso_gpc,random,random,4,18,23,24,367,4.365513072596965,True,True,True,358,0.41116781335324504,0.8223356267064901,0.6772807722673926,null,null,null,null,null,null,null,null,null,null,null,null,null
branin,fixed_iso_gpc,random,random,4,19,24,25,1195,37.68288777389472,False,False,False,1174,0.5732375162101562,0.8535249675796877,0.6823810204431826,null,null,null,null,null,null,null,null,null,null,null,null,null
branin,fixed_iso_gpc,random,random,4,20,25,26,1268,9.527533857448852,False,False,True,1245,0.2994869010153707,0.5989738020307414,0.6104289273439251,null,null,null,null,null,null,null,null,null,null,null,null,null
branin,fixed_iso_gpc,random,random,4,21,26,27,1023,48.90019536097921,False,False,False,1003,0.5967375058265532,0.8065249883468937,0.6743123397416726,null,null,null,null,null,null,null,null,null,null,null,null,null
branin,fixed_iso_gpc,random,random,4,22,27,28,1047,26.60780313054718,False,False,False,1026,0.44417172024324714,0.8883434404864943,0.6869005693279273,null,null,null,null,null,null,null,null,null,null,null,null,null
branin,fixed_iso_gpc,random,random,4,23,28,29,468,18.511994050610717,False,False,False,455,0.4155408869788175,0.831081773957635,0.6788118645270826,null,null,null,null,null,null,null,null,null,null,null,null,null
branin,fixed_iso_gpc,random,random,4,24,29,30,951,14.56494410269318,False,False,False,931,0.35391172083683387,0.7078234416736677,0.6498345751039785,null,null,null,null,null,null,null,null,null,null,null,null,null
branin,fixed_iso_gpc,random,random,4,25,30,31,851,73.8905239523047,False,False,False,831,0.7073572908730625,0.5852854182538749,0.6045009930087613,null,null,null,null,null,null,null,null,null,null,null,null,null
branin,fixed_iso_gpc,random,random,4,26,31,32,300,55.507412380990075,False,False,False,291,0.596639688728203,0.8067206225435939,0.674350653367904,null,null,null,null,null,null,null,null,null,null,null,null,null
branin,fixed_iso_gpc,random,random,4,27,32,33,880,49.30189682813065,False,False,False,858,0.6907403410660891,0.6185193178678219,0.6185070214697121,null,null,null,null,null,null,null,null,null,null,null,null,null
branin,fixed_iso_gpc,random,random,4,28,33,34,79,3.090166445284005,True,True,True,76,0.37884846220944723,0.7576969244188945,0.6634975780036338,null,null,null,null,null,null,null,null,null,null,null,null,null
branin,fixed_iso_gpc,random,random,4,29,34,35,113,32.88969759811424,False,False,False,109,0.6590528117310441,0.6818943765379117,0.6416617442487328,null,null,null,null,null,null,null,null,null,null,null,null,null
branin,fixed_iso_gpc,random,random,4,30,35,36,1132,91.96856932421139,False,False,False,1102,0.7878339197783362,0.42433216044332767,0.5168124600896326,null,null,null,null,null,null,null,null,null,null,null,null,null
branin,fixed_iso_gpc,random,random,4,31,36,37,1343,10.660850499514474,False,False,True,1309,0.4318689915202185,0.863737983040437,0.6838345675782374,null,null,null,null,null,null,null,null,null,null,null,null,null
branin,fixed_iso_gpc,random,random,4,32,37,38,1229,11.05362253288775,False,False,True,1196,0.28617586612881496,0.5723517322576299,0.5986920086212166,null,null,null,null,null,null,null,null,null,null,null,null,null
branin,fixed_iso_gpc,random,random,4,33,38,39,576,28.00529596174225,False,False,False,557,0.26940996756746927,0.5388199351349385,0.5826710969938427,null,null,null,null,null,null,null,null,null,null,null,null,null
branin,fixed_iso_gpc,random,random,4,34,39,40,302,5.326402800259174,False,True,True,290,0.38894364902793654,0.7778872980558731,0.6682732221239739,null,null,null,null,null,null,null,null,null,null,null,null,null
branin,fixed_iso_gpc,random,random,4,35,40,41,1147,20.75846126788948,False,False,False,1114,0.3644851147567181,0.7289702295134362,0.6559551924142728,null,null,null,null,null,null,null,null,null,null,null,null,null
branin,fixed_iso_gpc,random,random,4,36,41,42,534,13.281287910837692,False,False,False,515,0.4503506846606058,0.9007013693212116,0.6882089374161314,null,null,null,null,null,null,null,null,null,null,null,null,null
branin,fixed_iso_gpc,random,random,4,37,42,43,1341,4.761141064297199,True,True,True,1302,0.38751345496982026,0.7750269099396405,0.6676228200922079,null,null,null,null,null,null,null,null,null,null,null,null,null
branin,fixed_iso_gpc,random,random,4,38,43,44,273,14.267788179975105,False,False,False,263,0.32666396602343184,0.6533279320468637,0.6317908953145811,null,null,null,null,null,null,null,null,null,null,null,null,null
branin,fixed_iso_gpc,random,random,4,39,44,45,1335,193.45773942471362,False,False,False,1295,0.6943224017898046,0.6113551964203907,0.6155984418278662,null,null,null,null,null,null,null,null,null,null,null,null,null
branin,fixed_iso_gpc,random,random,4,40,45,46,657,53.908024716524636,False,False,False,631,0.5998641323063225,0.800271735387355,0.6730667181614165,null,null,null,null,null,null,null,null,null,null,null,null,null
branin,fixed_iso_gpc,random,random,4,41,46,47,1089,21.503099516718308,False,False,False,1054,0.3439081761287639,0.6878163522575278,0.6435937785501484,null,null,null,null,null,null,null,null,null,null,null,null,null
branin,fixed_iso_gpc,random,random,4,42,47,48,1269,10.63513715113546,False,False,True,1227,0.2435367186051849,0.4870734372103698,0.5551224571128466,null,null,null,null,null,null,null,null,null,null,null,null,null
branin,fixed_iso_gpc,random,random,4,43,48,49,486,31.718561692790296,False,False,False,467,0.5718414480327283,0.8563171039345434,0.6827889794383604,null,null,null,null,null,null,null,null,null,null,null,null,null
branin,fixed_iso_gpc,random,random,4,44,49,50,844,10.703906521140816,False,False,True,815,0.3975525169475702,0.7951050338951404,0.6720068099561283,null,null,null,null,null,null,null,null,null,null,null,null,null
branin,fixed_iso_gpc,classifier_margin,classifier_margin,4,1,6,7,1228,1.7226768789790796,True,True,True,1223,0.5000197280680805,0.999960543863839,0.693147179781552,null,null,null,null,null,null,null,null,null,null,null,null,null
branin,fixed_iso_gpc,classifier_margin,classifier_margin,4,2,7,8,57,52.87657179642254,False,False,False,56,0.4997008786569407,0.9994017573138814,0.6931470016127789,null,null,null,null,null,null,null,null,null,null,null,null,null
branin,fixed_iso_gpc,classifier_margin,classifier_margin,4,3,8,9,844,10.703906521140816,False,False,True,840,0.5002002511037955,0.999599497792409,0.693147100358934,null,null,null,null,null,null,null,null,null,null,null,null,null
branin,fixed_iso_gpc,classifier_margin,classifier_margin,4,4,9,10,105,28.356638087029275,False,False,False,103,0.5006661480929095,0.9986677038141809,0.6931462930531194,null,null,null,null,null,null,null,null,null,null,null,null,null
branin,fixed_iso_gpc,classifier_margin,classifier_margin,4,5,10,11,201,32.511167943162484,False,False,False,197,0.4992779501282554,0.9985559002565108,0.6931461378475483,null,null,null,null,null,null,null,null,null,null,null,null,null
branin,fixed_iso_gpc,classifier_margin,classifier_margin,4,6,11,12,971,20.02240762544056,False,False,False,963,0.49966475828922197,0.9993295165784439,0.6931469557859191,null,null,null,null,null,null,null,null,null,null,null,null,null
branin,fixed_iso_gpc,classifier_margin,classifier_margin,4,7,12,13,776,2.337726693642054,True,True,True,770,0.5001524326569304,0.9996951346861391,0.6931471340885148,null,null,null,null,null,null,null,null,null,null,null,null,null
branin,fixed_iso_gpc,classifier_margin,classifier_margin,4,8,13,14,772,6.791288094773936,False,True,True,766,0.4987619876142553,0.9975239752285106,0.6931441152074787,null,null,null,null,null,null,null,null,null,null,null,null,null
branin,fixed_iso_gpc,classifier_margin,classifier_margin,4,9,14,15,862,18.862424065673075,False,False,False,853,0.49942492273376926,0.9988498454675385,0.6931465191320751,null,null,null,null,null,null,null,null,null,null,null,null,null
branin,fixed_iso_gpc,classifier_margin,classifier_margin,4,10,15,16,239,37.358038705858405,False,False,False,234,0.500071441807293,0.999857116385414,0.6931471703520816,null,null,null,null,null,null,null,null,null,null,null,null,null
branin,fixed_iso_gpc,classifier_margin,classifier_margin,4,11,16,17,1051,0.8940157963951059,True,True,True,1038,0.5005524374070556,0.9988951251858889,0.6931465701856436,null,null,null,null,null,null,null,null,null,null,null,null,null
branin,fixed_iso_gpc,classifier_margin,classifier_margin,4,12,17,18,1368,15.145125751767374,False,False,False,1351,0.5006868187329736,0.9986263625340528,0.6931462371197047,null,null,null,null,null,null,null,null,null,null,null,null,null
branin,fixed_iso_gpc,classifier_margin,classifier_margin,4,13,18,19,609,4.51250588913863,True,True,True,602,0.5002525015737134,0.9994949968525733,0.6931470530458504,null,null,null,null,null,null,null,null,null,null,null,null,null
branin,fixed_iso_gpc,classifier_margin,classifier_margin,4,14,19,20,89,8.382359318092423,False,True,True,87,0.5002747963554476,0.9994504072891048,0.6931470295338638,null,null,null,null,null,null,null,null,null,null,null,null,null
branin,fixed_iso_gpc,classifier_margin,classifier_margin,4,15,20,21,1312,2.86531914761197,True,True,True,1294,0.49989153708068257,0.9997830741613651,0.6931471570315354,null,null,null,null,null,null,null,null,null,null,null,null,null
branin,fixed_iso_gpc,classifier_margin,classifier_margin,4,16,21,22,857,9.75749517174561,False,False,True,845,0.4998857654771581,0.9997715309543161,0.6931471544608927,null,null,null,null,null,null,null,null,null,null,null,null,null
branin,fixed_iso_gpc,classifier_margin,classifier_margin,4,17,22,23,1444,14.795308047406081,False,False,False,1422,0.4995920294475211,0.9991840588950422,0.6931468476799649,null,null,null,null,null,null,null,null,null,null,null,null,null
branin,fixed_iso_gpc,classifier_margin,classifier_margin,4,18,23,24,1394,11.129108953381596,False,False,True,1372,0.5000642778565512,0.9998714442868977,0.6931471722966596,null,null,null,null,null,null,null,null,null,null,null,null,null
branin,fixed_iso_gpc,classifier_margin,classifier_margin,4,19,24,25,81,2.632605477205523,True,True,True,79,0.5003111702272984,0.9993776595454031,0.6931469869061121,null,null,null,null,null,null,null,null,null,null,null,null,null
branin,fixed_iso_gpc,classifier_margin,classifier_margin,4,20,25,26,1343,10.660850499514474,False,False,True,1322,0.5004886539780363,0.9990226920439274,0.6931467029944488,null,null,null,null,null,null,null,null,null,null,null,null,null
branin,fixed_iso_gpc,classifier_margin,classifier_margin,4,21,26,27,795,10.843001580137823,False,False,True,783,0.5000974729867241,0.9998050540265517,0.693147161557979,null,null,null,null,null,null,null,null,null,null,null,null,null
branin,fixed_iso_gpc,classifier_margin,classifier_margin,4,22,27,28,79,3.090166445284005,True,True,True,77,0.5001704086650829,0.9996591826698342,0.693147122481718,null,null,null,null,null,null,null,null,null,null,null,null,null
branin,fixed_iso_gpc,classifier_margin,classifier_margin,4,23,28,29,1136,22.33033599867113,False,False,False,1115,0.5000359753235883,0.9999280493528233,0.6931471779714975,null,null,null,null,null,null,null,null,null,null,null,null,null
branin,fixed_iso_gpc,classifier_margin,classifier_margin,4,24,29,30,957,3.596093658962296,True,True,True,939,0.5007022860744004,0.9985954278511993,0.6931461941481604,null,null,null,null,null,null,null,null,null,null,null,null,null
branin,fixed_iso_gpc,classifier_margin,classifier_margin,4,25,30,31,292,19.969160794066802,False,False,False,283,0.4999675376615655,0.999935075323131,0.6931471784523384,null,null,null,null,null,null,null,null,null,null,null,null,null
branin,fixed_iso_gpc,classifier_margin,classifier_margin,4,26,31,32,944,6.638175581096974,False,True,True,926,0.5005150621463486,0.9989698757073029,0.6931466499818223,null,null,null,null,null,null,null,null,null,null,null,null,null
branin,fixed_iso_gpc,classifier_margin,classifier_margin,4,27,32,33,1371,1.1387862157433517,True,True,True,1341,0.4996364037389236,0.9992728074778472,0.6931469161554398,null,null,null,null,null,null,null,null,null,null,null,null,null
branin,fixed_iso_gpc,classifier_margin,classifier_margin,4,28,33,34,1018,2.067251743477911,True,True,True,996,0.49947952100573556,0.9989590420114711,0.6931466387630806,null,null,null,null,null,null,null,null,null,null,null,null,null
branin,fixed_iso_gpc,classifier_margin,classifier_margin,4,29,34,35,626,5.721380413714385,False,True,True,614,0.4994003371814235,0.998800674362847,0.6931464613687809,null,null,null,null,null,null,null,null,null,null,null,null,null
branin,fixed_iso_gpc,classifier_margin,classifier_margin,4,30,35,36,118,23.334911879895426,False,False,False,112,0.5001755524526763,0.9996488950946474,0.6931471189226168,null,null,null,null,null,null,null,null,null,null,null,null,null
branin,fixed_iso_gpc,classifier_margin,classifier_margin,4,31,36,37,147,11.116473743417217,False,False,True,139,0.499500557876706,0.999001115753412,0.6931466816749934,null,null,null,null,null,null,null,null,null,null,null,null,null
branin,fixed_iso_gpc,classifier_margin,classifier_margin,4,32,37,38,826,1.5705404498538513,True,True,True,808,0.5001526377625782,0.9996947244748435,0.6931471339633715,null,null,null,null,null,null,null,null,null,null,null,null,null
branin,fixed_iso_gpc,classifier_margin,classifier_margin,4,33,38,39,901,15.672589891395841,False,False,False,879,0.5006283395039284,0.9987433209921432,0.693146390938673,null,null,null,null,null,null,null,null,null,null,null,null,null
branin,fixed_iso_gpc,classifier_margin,classifier_margin,4,34,39,40,809,2.6988652668607003,True,True,True,791,0.4996045375899386,0.9992090751798772,0.6931468677788771,null,null,null,null,null,null,null,null,null,null,null,null,null
branin,fixed_iso_gpc,classifier_margin,classifier_margin,4,35,40,41,550,10.674332948974033,False,False,True,537,0.49912395571901613,0.9982479114380323,0.6931456456519954,null,null,null,null,null,null,null,null,null,null,null,null,null
branin,fixed_iso_gpc,classifier_margin,classifier_margin,4,36,41,42,1317,5.686383175049926,False,True,True,1282,0.4999220561591143,0.9998441123182286,0.6931471684094606,null,null,null,null,null,null,null,null,null,null,null,null,null
branin,fixed_iso_gpc,classifier_margin,classifier_margin,4,37,42,43,268,3.462099502434377,True,True,True,257,0.5000157503895123,0.9999684992209754,0.6931471800637958,null,null,null,null,null,null,null,null,null,null,null,null,null
branin,fixed_iso_gpc,classifier_margin,classifier_margin,4,38,43,44,1131,7.573688854030664,False,True,True,1098,0.49999131254164986,0.9999826250832997,0.6931471804090015,null,null,null,null,null,null,null,null,null,null,null,null,null
branin,fixed_iso_gpc,classifier_margin,classifier_margin,4,39,44,45,1298,3.7018699034647184,True,True,True,1262,0.49986385596845173,0.9997277119369035,0.6931471434895502,null,null,null,null,null,null,null,null,null,null,null,null,null
branin,fixed_iso_gpc,classifier_margin,classifier_margin,4,40,45,46,1316,11.286110299896343,False,False,True,1278,0.49978244081808837,0.9995648816361767,0.6931470858959471,null,null,null,null,null,null,null,null,null,null,null,null,null
branin,fixed_iso_gpc,classifier_margin,classifier_margin,4,41,46,47,838,3.7455580244839624,True,True,True,816,0.49911523310375183,0.9982304662075037,0.6931456149342069,null,null,null,null,null,null,null,null,null,null,null,null,null
branin,fixed_iso_gpc,classifier_margin,classifier_margin,4,42,47,48,1001,1.9992230014535863,True,True,True,970,0.5000488134197655,0.999902373160469,0.6931471757944454,null,null,null,null,null,null,null,null,null,null,null,null,null
branin,fixed_iso_gpc,classifier_margin,classifier_margin,4,43,48,49,635,1.3624732409903295,True,True,True,618,0.4999676460953985,0.999935292190797,0.693147178466395,null,null,null,null,null,null,null,null,null,null,null,null,null
branin,fixed_iso_gpc,classifier_margin,classifier_margin,4,44,49,50,171,2.1462814740363747,True,True,True,162,0.4994227685267991,0.9988455370535982,0.69314651416745,null,null,null,null,null,null,null,null,null,null,null,null,null
branin,fixed_iso_gpc,classifier_entropy,classifier_entropy,4,1,6,7,1228,1.7226768789790796,True,True,True,1223,0.5000197280680805,0.999960543863839,0.693147179781552,Binary entropy is monotone-equivalent to classifier margin.,null,null,null,null,null,null,null,null,null,null,null,null
branin,fixed_iso_gpc,classifier_entropy,classifier_entropy,4,2,7,8,57,52.87657179642254,False,False,False,56,0.4997008786569407,0.9994017573138814,0.6931470016127789,Binary entropy is monotone-equivalent to classifier margin.,null,null,null,null,null,null,null,null,null,null,null,null
branin,fixed_iso_gpc,classifier_entropy,classifier_entropy,4,3,8,9,844,10.703906521140816,False,False,True,840,0.5002002511037955,0.999599497792409,0.693147100358934,Binary entropy is monotone-equivalent to classifier margin.,null,null,null,null,null,null,null,null,null,null,null,null
branin,fixed_iso_gpc,classifier_entropy,classifier_entropy,4,4,9,10,105,28.356638087029275,False,False,False,103,0.5006661480929095,0.9986677038141809,0.6931462930531194,Binary entropy is monotone-equivalent to classifier margin.,null,null,null,null,null,null,null,null,null,null,null,null
branin,fixed_iso_gpc,classifier_entropy,classifier_entropy,4,5,10,11,201,32.511167943162484,False,False,False,197,0.4992779501282554,0.9985559002565108,0.6931461378475483,Binary entropy is monotone-equivalent to classifier margin.,null,null,null,null,null,null,null,null,null,null,null,null
branin,fixed_iso_gpc,classifier_entropy,classifier_entropy,4,6,11,12,971,20.02240762544056,False,False,False,963,0.49966475828922197,0.9993295165784439,0.6931469557859191,Binary entropy is monotone-equivalent to classifier margin.,null,null,null,null,null,null,null,null,null,null,null,null
branin,fixed_iso_gpc,classifier_entropy,classifier_entropy,4,7,12,13,776,2.337726693642054,True,True,True,770,0.5001524326569304,0.9996951346861391,0.6931471340885148,Binary entropy is monotone-equivalent to classifier margin.,null,null,null,null,null,null,null,null,null,null,null,null
branin,fixed_iso_gpc,classifier_entropy,classifier_entropy,4,8,13,14,772,6.791288094773936,False,True,True,766,0.4987619876142553,0.9975239752285106,0.6931441152074787,Binary entropy is monotone-equivalent to classifier margin.,null,null,null,null,null,null,null,null,null,null,null,null
branin,fixed_iso_gpc,classifier_entropy,classifier_entropy,4,9,14,15,862,18.862424065673075,False,False,False,853,0.49942492273376926,0.9988498454675385,0.6931465191320751,Binary entropy is monotone-equivalent to classifier margin.,null,null,null,null,null,null,null,null,null,null,null,null
branin,fixed_iso_gpc,classifier_entropy,classifier_entropy,4,10,15,16,239,37.358038705858405,False,False,False,234,0.500071441807293,0.999857116385414,0.6931471703520816,Binary entropy is monotone-equivalent to classifier margin.,null,null,null,null,null,null,null,null,null,null,null,null
branin,fixed_iso_gpc,classifier_entropy,classifier_entropy,4,11,16,17,1051,0.8940157963951059,True,True,True,1038,0.5005524374070556,0.9988951251858889,0.6931465701856436,Binary entropy is monotone-equivalent to classifier margin.,null,null,null,null,null,null,null,null,null,null,null,null
branin,fixed_iso_gpc,classifier_entropy,classifier_entropy,4,12,17,18,1368,15.145125751767374,False,False,False,1351,0.5006868187329736,0.9986263625340528,0.6931462371197047,Binary entropy is monotone-equivalent to classifier margin.,null,null,null,null,null,null,null,null,null,null,null,null
branin,fixed_iso_gpc,classifier_entropy,classifier_entropy,4,13,18,19,609,4.51250588913863,True,True,True,602,0.5002525015737134,0.9994949968525733,0.6931470530458504,Binary entropy is monotone-equivalent to classifier margin.,null,null,null,null,null,null,null,null,null,null,null,null
branin,fixed_iso_gpc,classifier_entropy,classifier_entropy,4,14,19,20,89,8.382359318092423,False,True,True,87,0.5002747963554476,0.9994504072891048,0.6931470295338638,Binary entropy is monotone-equivalent to classifier margin.,null,null,null,null,null,null,null,null,null,null,null,null
branin,fixed_iso_gpc,classifier_entropy,classifier_entropy,4,15,20,21,1312,2.86531914761197,True,True,True,1294,0.49989153708068257,0.9997830741613651,0.6931471570315354,Binary entropy is monotone-equivalent to classifier margin.,null,null,null,null,null,null,null,null,null,null,null,null
branin,fixed_iso_gpc,classifier_entropy,classifier_entropy,4,16,21,22,857,9.75749517174561,False,False,True,845,0.4998857654771581,0.9997715309543161,0.6931471544608927,Binary entropy is monotone-equivalent to classifier margin.,null,null,null,null,null,null,null,null,null,null,null,null
branin,fixed_iso_gpc,classifier_entropy,classifier_entropy,4,17,22,23,1444,14.795308047406081,False,False,False,1422,0.4995920294475211,0.9991840588950422,0.6931468476799649,Binary entropy is monotone-equivalent to classifier margin.,null,null,null,null,null,null,null,null,null,null,null,null
branin,fixed_iso_gpc,classifier_entropy,classifier_entropy,4,18,23,24,1394,11.129108953381596,False,False,True,1372,0.5000642778565512,0.9998714442868977,0.6931471722966596,Binary entropy is monotone-equivalent to classifier margin.,null,null,null,null,null,null,null,null,null,null,null,null
branin,fixed_iso_gpc,classifier_entropy,classifier_entropy,4,19,24,25,81,2.632605477205523,True,True,True,79,0.5003111702272984,0.9993776595454031,0.6931469869061121,Binary entropy is monotone-equivalent to classifier margin.,null,null,null,null,null,null,null,null,null,null,null,null
branin,fixed_iso_gpc,classifier_entropy,classifier_entropy,4,20,25,26,1343,10.660850499514474,False,False,True,1322,0.5004886539780363,0.9990226920439274,0.6931467029944488,Binary entropy is monotone-equivalent to classifier margin.,null,null,null,null,null,null,null,null,null,null,null,null
branin,fixed_iso_gpc,classifier_entropy,classifier_entropy,4,21,26,27,795,10.843001580137823,False,False,True,783,0.5000974729867241,0.9998050540265517,0.693147161557979,Binary entropy is monotone-equivalent to classifier margin.,null,null,null,null,null,null,null,null,null,null,null,null
branin,fixed_iso_gpc,classifier_entropy,classifier_entropy,4,22,27,28,79,3.090166445284005,True,True,True,77,0.5001704086650829,0.9996591826698342,0.693147122481718,Binary entropy is monotone-equivalent to classifier margin.,null,null,null,null,null,null,null,null,null,null,null,null
branin,fixed_iso_gpc,classifier_entropy,classifier_entropy,4,23,28,29,1136,22.33033599867113,False,False,False,1115,0.5000359753235883,0.9999280493528233,0.6931471779714975,Binary entropy is monotone-equivalent to classifier margin.,null,null,null,null,null,null,null,null,null,null,null,null
branin,fixed_iso_gpc,classifier_entropy,classifier_entropy,4,24,29,30,957,3.596093658962296,True,True,True,939,0.5007022860744004,0.9985954278511993,0.6931461941481604,Binary entropy is monotone-equivalent to classifier margin.,null,null,null,null,null,null,null,null,null,null,null,null
branin,fixed_iso_gpc,classifier_entropy,classifier_entropy,4,25,30,31,292,19.969160794066802,False,False,False,283,0.4999675376615655,0.999935075323131,0.6931471784523384,Binary entropy is monotone-equivalent to classifier margin.,null,null,null,null,null,null,null,null,null,null,null,null
branin,fixed_iso_gpc,classifier_entropy,classifier_entropy,4,26,31,32,944,6.638175581096974,False,True,True,926,0.5005150621463486,0.9989698757073029,0.6931466499818223,Binary entropy is monotone-equivalent to classifier margin.,null,null,null,null,null,null,null,null,null,null,null,null
branin,fixed_iso_gpc,classifier_entropy,classifier_entropy,4,27,32,33,1371,1.1387862157433517,True,True,True,1341,0.4996364037389236,0.9992728074778472,0.6931469161554398,Binary entropy is monotone-equivalent to classifier margin.,null,null,null,null,null,null,null,null,null,null,null,null
branin,fixed_iso_gpc,classifier_entropy,classifier_entropy,4,28,33,34,1018,2.067251743477911,True,True,True,996,0.49947952100573556,0.9989590420114711,0.6931466387630806,Binary entropy is monotone-equivalent to classifier margin.,null,null,null,null,null,null,null,null,null,null,null,null
branin,fixed_iso_gpc,classifier_entropy,classifier_entropy,4,29,34,35,626,5.721380413714385,False,True,True,614,0.4994003371814235,0.998800674362847,0.6931464613687809,Binary entropy is monotone-equivalent to classifier margin.,null,null,null,null,null,null,null,null,null,null,null,null
branin,fixed_iso_gpc,classifier_entropy,classifier_entropy,4,30,35,36,118,23.334911879895426,False,False,False,112,0.5001755524526763,0.9996488950946474,0.6931471189226168,Binary entropy is monotone-equivalent to classifier margin.,null,null,null,null,null,null,null,null,null,null,null,null
branin,fixed_iso_gpc,classifier_entropy,classifier_entropy,4,31,36,37,147,11.116473743417217,False,False,True,139,0.499500557876706,0.999001115753412,0.6931466816749934,Binary entropy is monotone-equivalent to classifier margin.,null,null,null,null,null,null,null,null,null,null,null,null
branin,fixed_iso_gpc,classifier_entropy,classifier_entropy,4,32,37,38,826,1.5705404498538513,True,True,True,808,0.5001526377625782,0.9996947244748435,0.6931471339633715,Binary entropy is monotone-equivalent to classifier margin.,null,null,null,null,null,null,null,null,null,null,null,null
branin,fixed_iso_gpc,classifier_entropy,classifier_entropy,4,33,38,39,901,15.672589891395841,False,False,False,879,0.5006283395039284,0.9987433209921432,0.693146390938673,Binary entropy is monotone-equivalent to classifier margin.,null,null,null,null,null,null,null,null,null,null,null,null
branin,fixed_iso_gpc,classifier_entropy,classifier_entropy,4,34,39,40,809,2.6988652668607003,True,True,True,791,0.4996045375899386,0.9992090751798772,0.6931468677788771,Binary entropy is monotone-equivalent to classifier margin.,null,null,null,null,null,null,null,null,null,null,null,null
branin,fixed_iso_gpc,classifier_entropy,classifier_entropy,4,35,40,41,550,10.674332948974033,False,False,True,537,0.49912395571901613,0.9982479114380323,0.6931456456519954,Binary entropy is monotone-equivalent to classifier margin.,null,null,null,null,null,null,null,null,null,null,null,null
branin,fixed_iso_gpc,classifier_entropy,classifier_entropy,4,36,41,42,1317,5.686383175049926,False,True,True,1282,0.4999220561591143,0.9998441123182286,0.6931471684094606,Binary entropy is monotone-equivalent to classifier margin.,null,null,null,null,null,null,null,null,null,null,null,null
branin,fixed_iso_gpc,classifier_entropy,classifier_entropy,4,37,42,43,268,3.462099502434377,True,True,True,257,0.5000157503895123,0.9999684992209754,0.6931471800637958,Binary entropy is monotone-equivalent to classifier margin.,null,null,null,null,null,null,null,null,null,null,null,null
branin,fixed_iso_gpc,classifier_entropy,classifier_entropy,4,38,43,44,1131,7.573688854030664,False,True,True,1098,0.49999131254164986,0.9999826250832997,0.6931471804090015,Binary entropy is monotone-equivalent to classifier margin.,null,null,null,null,null,null,null,null,null,null,null,null
branin,fixed_iso_gpc,classifier_entropy,classifier_entropy,4,39,44,45,1298,3.7018699034647184,True,True,True,1262,0.49986385596845173,0.9997277119369035,0.6931471434895502,Binary entropy is monotone-equivalent to classifier margin.,null,null,null,null,null,null,null,null,null,null,null,null
branin,fixed_iso_gpc,classifier_entropy,classifier_entropy,4,40,45,46,1316,11.286110299896343,False,False,True,1278,0.49978244081808837,0.9995648816361767,0.6931470858959471,Binary entropy is monotone-equivalent to classifier margin.,null,null,null,null,null,null,null,null,null,null,null,null
branin,fixed_iso_gpc,classifier_entropy,classifier_entropy,4,41,46,47,838,3.7455580244839624,True,True,True,816,0.49911523310375183,0.9982304662075037,0.6931456149342069,Binary entropy is monotone-equivalent to classifier margin.,null,null,null,null,null,null,null,null,null,null,null,null
branin,fixed_iso_gpc,classifier_entropy,classifier_entropy,4,42,47,48,1001,1.9992230014535863,True,True,True,970,0.5000488134197655,0.999902373160469,0.6931471757944454,Binary entropy is monotone-equivalent to classifier margin.,null,null,null,null,null,null,null,null,null,null,null,null
branin,fixed_iso_gpc,classifier_entropy,classifier_entropy,4,43,48,49,635,1.3624732409903295,True,True,True,618,0.4999676460953985,0.999935292190797,0.693147178466395,Binary entropy is monotone-equivalent to classifier margin.,null,null,null,null,null,null,null,null,null,null,null,null
branin,fixed_iso_gpc,classifier_entropy,classifier_entropy,4,44,49,50,171,2.1462814740363747,True,True,True,162,0.4994227685267991,0.9988455370535982,0.69314651416745,Binary entropy is monotone-equivalent to classifier margin.,null,null,null,null,null,null,null,null,null,null,null,null
branin,fixed_iso_gpc,classifier_gated_diversity,classifier_gated_diversity,4,1,6,7,1228,1.7226768789790796,True,True,True,1223,0.5000197280680805,0.999960543863839,0.693147179781552,null,0.1,25,150,0.5,0,1.0,0.4139140806880417,0.691695494543279,0.8458477472716395,null,null,null
branin,fixed_iso_gpc,classifier_gated_diversity,classifier_gated_diversity,4,2,7,8,1182,272.51372207838523,False,False,False,1177,0.4898697523328046,0.9797395046656092,0.6929419226803645,null,0.1,25,150,0.5,52,0.6089767218589418,0.5226383475761086,1.0,0.8044883609294708,null,null,null
branin,fixed_iso_gpc,classifier_gated_diversity,classifier_gated_diversity,4,3,8,9,1400,17.304529985914357,False,False,False,1392,0.5005730038324279,0.9988539923351443,0.6931465238930177,null,0.1,25,150,0.5,5,0.9753286183440102,0.3529947577403232,0.6849072316338406,0.8301179249889254,null,null,null
branin,fixed_iso_gpc,classifier_gated_diversity,classifier_gated_diversity,4,4,9,10,1352,125.62208708932084,False,False,False,1344,0.5005053305109172,0.9989893389781657,0.6931466698420079,null,0.1,25,150,0.5,3,0.9697556849829155,0.29629519504858265,0.6399902126348256,0.8048729488088706,null,null,null
branin,fixed_iso_gpc,classifier_gated_diversity,classifier_gated_diversity,4,5,10,11,202,18.645576158448083,False,False,False,200,0.501430870339826,0.9971382593203479,0.6931430857744973,null,0.1,25,149,0.5,13,0.9244230985758173,0.28921462673176956,0.6780942469257715,0.8012586727507944,null,null,null
branin,fixed_iso_gpc,classifier_gated_diversity,classifier_gated_diversity,4,6,11,12,451,65.24144362075359,False,False,False,448,0.5015193549127521,0.9969612901744958,0.6931425636741383,null,0.1,25,149,0.5,13,0.9184538962875092,0.2637209616756081,0.9747123415962148,0.946583118941862,null,null,null
branin,fixed_iso_gpc,classifier_gated_diversity,classifier_gated_diversity,4,7,12,13,162,14.214823886475493,False,False,False,160,0.500205013099928,0.9995899738001439,0.6931470964992006,null,0.1,25,149,0.5,0,1.0,0.2137237832144232,0.7119500014629524,0.8559750007314761,null,null,null
branin,fixed_iso_gpc,classifier_gated_diversity,classifier_gated_diversity,4,8,13,14,536,5.131981680105177,False,True,True,530,0.4998683057655848,0.9997366115311696,0.6931471458732021,null,0.1,25,149,0.5,1,0.9940327639904862,0.18703438818345336,0.7519323064942175,0.8729825352423519,null,null,null
branin,fixed_iso_gpc,classifier_gated_diversity,classifier_gated_diversity,4,9,14,15,630,26.426497851504635,False,False,False,623,0.5011606443047034,0.9976787113905932,0.6931444863671217,null,0.1,25,149,0.5,12,0.9174872578402562,0.19647718044744683,0.8527660150135756,0.8851266364269159,null,null,null
branin,fixed_iso_gpc,classifier_gated_diversity,classifier_gated_diversity,4,10,15,16,1039,3.224468191374399,True,True,True,1030,0.4973419453825221,0.9946838907650442,0.6931330499846886,null,0.1,25,149,0.5,20,0.8495645247293757,0.1988729358087299,0.9046876694605648,0.8771260970949702,null,null,null
branin,fixed_iso_gpc,classifier_gated_diversity,classifier_gated_diversity,4,11,16,17,677,17.187933314791486,False,False,False,669,0.49925983322096923,0.9985196664419385,0.6931460848658235,null,0.1,25,149,0.5,8,0.9752894005766403,0.14617792398965698,0.8505336113194749,0.9129115059480576,null,null,null
branin,fixed_iso_gpc,classifier_gated_diversity,classifier_gated_diversity,4,12,17,18,606,33.398317303653116,False,False,False,599,0.49715926360526463,0.9943185272105293,0.693131040906587,null,0.1,25,149,0.5,17,0.8574794385430133,0.2216335090905855,1.0,0.9287397192715067,null,null,null
branin,fixed_iso_gpc,classifier_gated_diversity,classifier_gated_diversity,4,13,18,19,988,24.74454888137627,False,False,False,977,0.50013064259206,0.9997387148158801,0.6931471464249712,null,0.1,25,149,0.5,0,1.0,0.15002234525458694,0.8353900198009545,0.9176950099004773,null,null,null
branin,fixed_iso_gpc,classifier_gated_diversity,classifier_gated_diversity,4,14,19,20,17,25.372729493104153,False,False,False,17,0.4997542832136646,0.9995085664273292,0.6931470598064622,null,0.1,25,149,0.5,1,0.9920983486095277,0.17223975198422176,0.9202644318356364,0.9561813902225821,null,null,null
branin,fixed_iso_gpc,classifier_gated_diversity,classifier_gated_diversity,4,15,20,21,626,5.721380413714385,False,True,True,617,0.49963740313244875,0.9992748062648975,0.6931469176069456,null,0.1,25,148,0.5,4,0.9829771172951477,0.14282206420009336,0.8274677350174295,0.9052224261562887,null,null,null
branin,fixed_iso_gpc,classifier_gated_diversity,classifier_gated_diversity,4,16,21,22,233,27.151561170932908,False,False,False,228,0.4985865928146871,0.9971731856293742,0.6931431851148813,null,0.1,25,148,0.5,4,0.9478569909568282,0.12637954699897608,0.8681141374594811,0.9079855642081547,null,null,null
branin,fixed_iso_gpc,classifier_gated_diversity,classifier_gated_diversity,4,17,22,23,201,32.511167943162484,False,False,False,197,0.4988976795452933,0.9977953590905866,0.6931447503372069,null,0.1,25,148,0.5,4,0.952417875309842,0.12761809541569494,0.8446795560654612,0.8985487156876516,null,null,null
branin,fixed_iso_gpc,classifier_gated_diversity,classifier_gated_diversity,4,18,23,24,241,5.808578807659835,False,True,True,234,0.5007307063294235,0.998538587341153,0.6931461126960854,null,0.1,25,148,0.5,4,0.969663080540219,0.11168042225937058,0.7849972552110416,0.8773301678756302,null,null,null
branin,fixed_iso_gpc,classifier_gated_diversity,classifier_gated_diversity,4,19,24,25,542,14.185718138774126,False,False,False,531,0.4996816861963834,0.9993633723927668,0.6931469779125765,null,0.1,25,148,0.5,2,0.9882547430901807,0.1241361406050124,0.8139495031570503,0.9011021231236155,null,null,null
branin,fixed_iso_gpc,classifier_gated_diversity,classifier_gated_diversity,4,20,25,26,1191,4.452661413135317,True,True,True,1170,0.5024243499305232,0.9951513001389536,0.6931354255687141,null,0.1,25,148,0.5,15,0.9070389542400904,0.12115427530804468,0.9231969340516412,0.9151179441458658,null,null,null
branin,fixed_iso_gpc,classifier_gated_diversity,classifier_gated_diversity,4,21,26,27,1052,4.553586966590558,True,True,True,1033,0.49511826319540475,0.9902365263908095,0.6930995170942131,null,0.1,25,148,0.5,27,0.8344706148000137,0.11667948737222783,0.9639164518467517,0.8991935333233827,null,null,null
branin,fixed_iso_gpc,classifier_gated_diversity,classifier_gated_diversity,4,22,27,28,1373,20.5361060388227,False,False,False,1347,0.4989138551084884,0.9978277102169768,0.693144821136639,null,0.1,25,148,0.5,5,0.961377830401664,0.1365858782738313,0.8207313927878419,0.891054611594753,null,null,null
branin,fixed_iso_gpc,classifier_gated_diversity,classifier_gated_diversity,4,23,28,29,635,1.3624732409903295,True,True,True,620,0.49922428490803394,0.9984485698160679,0.6931459770916547,null,0.1,25,148,0.5,5,0.9787010477589276,0.08635748706046463,0.7153563006526735,0.8470286742058006,null,null,null
branin,fixed_iso_gpc,classifier_gated_diversity,classifier_gated_diversity,4,24,29,30,497,18.888859529592672,False,False,False,487,0.4993704383630697,0.9987408767261394,0.6931463878640265,null,0.1,25,148,0.5,5,0.9774331932474463,0.09756918169235707,0.8188684366566195,0.8981508149520329,null,null,null
branin,fixed_iso_gpc,classifier_gated_diversity,classifier_gated_diversity,4,25,30,31,47,20.242739993990092,False,False,False,45,0.5056333932009895,0.9887332135980209,0.6930837089791395,null,0.1,25,147,0.5,23,0.8074329595455224,0.10403903728280706,0.8786014737926396,0.843017216669081,null,null,null
branin,fixed_iso_gpc,classifier_gated_diversity,classifier_gated_diversity,4,26,31,32,758,3.0503524403643603,True,True,True,739,0.4962666743385036,0.9925333486770072,0.6931193048599366,null,0.1,25,147,0.5,16,0.8884331300994986,0.10893628075182782,0.8922890383629872,0.8903610842312429,null,null,null
branin,fixed_iso_gpc,classifier_gated_diversity,classifier_gated_diversity,4,27,32,33,475,16.675051434128882,False,False,False,465,0.4941298780227541,0.9882597560455082,0.6930782623126337,null,0.1,25,147,0.5,25,0.79742767778075,0.10100383308521184,0.8841834478004702,0.8408055627906101,null,null,null
branin,fixed_iso_gpc,classifier_gated_diversity,classifier_gated_diversity,4,28,33,34,1267,18.9139630690425,False,False,False,1238,0.4955557768824601,0.9911115537649202,0.6931076778015497,null,0.1,25,147,0.5,22,0.8442290315380583,0.11027756276826459,0.8341851603162947,0.8392070959271765,null,null,null
branin,fixed_iso_gpc,classifier_gated_diversity,classifier_gated_diversity,4,29,34,35,826,1.5705404498538513,True,True,True,805,0.49971301309261373,0.9994260261852275,0.6931470158369663,null,0.1,25,147,0.5,0,1.0,0.08646167874968205,0.7502623665597538,0.8751311832798769,null,null,null
branin,fixed_iso_gpc,classifier_gated_diversity,classifier_gated_diversity,4,30,35,36,573,86.92465315158938,False,False,False,558,0.5045547835948341,0.9908904328103318,0.6931056878788697,null,0.1,25,147,0.5,21,0.8354088336571345,0.09345154558252315,0.8174797801415097,0.8264443068993221,null,null,null
branin,fixed_iso_gpc,classifier_gated_diversity,classifier_gated_diversity,4,31,36,37,832,1.6302977705467754,True,True,True,809,0.496135740431475,0.99227148086295,0.6931173152586061,null,0.1,25,147,0.5,18,0.8724406714864821,0.0693769073885757,0.6650416382034438,0.768741154844963,null,null,null
branin,fixed_iso_gpc,classifier_gated_diversity,classifier_gated_diversity,4,32,37,38,429,0.773036306435305,True,True,True,420,0.5009898143617646,0.9980203712764708,0.693145221093724,null,0.1,25,147,0.5,6,0.9710991252514886,0.06782951059781146,0.7706456056220168,0.8708723654367527,null,null,null
branin,fixed_iso_gpc,classifier_gated_diversity,classifier_gated_diversity,4,33,38,39,842,0.9061606362394841,True,True,True,817,0.5016070770564407,0.9967858458871186,0.6931420151577208,null,0.1,25,147,0.5,6,0.9452954294144614,0.07987996822277173,0.7302685575228686,0.837781993468665,null,null,null
branin,fixed_iso_gpc,classifier_gated_diversity,classifier_gated_diversity,4,34,39,40,307,6.4971454977237215,False,True,True,298,0.5015809094641162,0.9968381810717677,0.6931421820021493,null,0.1,25,147,0.5,7,0.9466056258418719,0.0908639645560112,0.9685002880738377,0.9575529569578548,null,null,null
branin,fixed_iso_gpc,classifier_gated_diversity,classifier_gated_diversity,4,35,40,41,816,19.990338107567773,False,False,False,792,0.5012461577144873,0.9975076845710253,0.6931440747386313,null,0.1,25,146,0.5,5,0.9569185670635455,0.11420647681634163,0.838026568385284,0.8974725677244147,null,null,null
branin,fixed_iso_gpc,classifier_gated_diversity,classifier_gated_diversity,4,36,41,42,257,25.356592558202266,False,False,False,248,0.5008791471556422,0.9982417056887156,0.6931456347597063,null,0.1,25,146,0.5,4,0.9795102278250825,0.07214099482953742,0.8164801182397841,0.8979951730324333,null,null,null
branin,fixed_iso_gpc,classifier_gated_diversity,classifier_gated_diversity,4,37,42,43,905,1.4966853470877624,True,True,True,876,0.49924075336921114,0.9984815067384223,0.6931460276486096,null,0.1,25,146,0.5,2,0.9718064557267884,0.07879487774736824,0.899893025549293,0.9358497406380406,null,null,null
branin,fixed_iso_gpc,classifier_gated_diversity,classifier_gated_diversity,4,38,43,44,1311,5.435555279375301,False,True,True,1272,0.49644427787931544,0.9928885557586309,0.6931218940272093,null,0.1,25,146,0.5,20,0.873467863869295,0.07920968839652368,0.8967845657835758,0.8851262148264354,null,null,null
branin,fixed_iso_gpc,classifier_gated_diversity,classifier_gated_diversity,4,39,44,45,902,7.337787189053742,False,True,True,873,0.5013275964893422,0.9973448070213156,0.6931436555309264,null,0.1,25,146,0.5,6,0.9615121173244243,0.063536566544463,0.7062992854823216,0.833905701403373,null,null,null
branin,fixed_iso_gpc,classifier_gated_diversity,classifier_gated_diversity,4,40,45,46,317,12.528232460104903,False,False,True,306,0.5001473243510984,0.9997053512978031,0.6931471371510158,null,0.1,25,146,0.5,0,1.0,0.06401831113882452,0.7124115436830675,0.8562057718415337,null,null,null
branin,fixed_iso_gpc,classifier_gated_diversity,classifier_gated_diversity,4,41,46,47,1337,10.0314447688598,False,False,True,1295,0.4983587500727591,0.9967175001455182,0.6931417931476231,null,0.1,25,146,0.5,12,0.9432640576734267,0.050039729999802794,0.559151831637154,0.7512079446552904,null,null,null
branin,fixed_iso_gpc,classifier_gated_diversity,classifier_gated_diversity,4,42,47,48,1196,16.020905032601274,False,False,False,1157,0.49120325728118175,0.9824065145623635,0.6929924072099284,null,0.1,25,146,0.5,50,0.6617531590600996,0.07412100514317868,1.0,0.8308765795300498,null,null,null
branin,fixed_iso_gpc,classifier_gated_diversity,classifier_gated_diversity,4,43,48,49,232,2.189418371290273,True,True,True,225,0.49696175575998414,0.9939235115199683,0.6931287185902062,null,0.1,25,146,0.5,14,0.894053028153426,0.0509814070023094,0.7384066501092869,0.8162298391313565,null,null,null
branin,fixed_iso_gpc,classifier_gated_diversity,classifier_gated_diversity,4,44,49,50,1412,26.512213431594525,False,False,False,1363,0.4976618788494376,0.9953237576988752,0.6931362468990675,null,0.1,25,146,0.5,7,0.9518797833350947,0.049285963588448806,0.5517354867277914,0.7518076350314431,null,null,null
branin,fixed_iso_gpc,classifier_uncertainty_repulsion,classifier_uncertainty_repulsion,4,1,6,7,1228,1.7226768789790796,True,True,True,1223,0.5000197280680805,0.999960543863839,0.693147179781552,null,0.1,25,150,null,0,1.0,null,null,0.9777901467531308,0.15,0.4139140806880417,0.9777901467531308
branin,fixed_iso_gpc,classifier_uncertainty_repulsion,classifier_uncertainty_repulsion,4,2,7,8,451,65.24144362075359,False,False,False,449,0.5028590066431917,0.9942819867136166,0.6931308326328887,null,0.1,25,150,null,11,0.8981831065210282,null,null,0.7066910606646122,0.15,0.2637209616756081,0.7868006596136834
branin,fixed_iso_gpc,classifier_uncertainty_repulsion,classifier_uncertainty_repulsion,4,3,8,9,772,6.791288094773936,False,True,True,768,0.5010817369949394,0.9978365260101212,0.6931448402482672,null,0.1,25,150,null,5,0.9662483237209356,null,null,0.6141926884397217,0.15,0.21315117669007383,0.6356468346299643
branin,fixed_iso_gpc,classifier_uncertainty_repulsion,classifier_uncertainty_repulsion,4,4,9,10,1182,272.51372207838523,False,False,False,1175,0.4899365969195095,0.979873193839019,0.6929446227198955,null,0.1,25,150,null,51,0.6076629954775761,null,null,0.6062586073302175,0.15,0.5226383475761086,0.9976888700516396
branin,fixed_iso_gpc,classifier_uncertainty_repulsion,classifier_uncertainty_repulsion,4,5,10,11,1400,17.304529985914357,False,False,False,1390,0.5003197254002627,0.9993605491994746,0.6931469761112683,null,0.1,25,149,null,4,0.9921109050836407,null,null,0.9298814615588841,0.15,0.3529947577403232,0.9372757186662409
branin,fixed_iso_gpc,classifier_uncertainty_repulsion,classifier_uncertainty_repulsion,4,6,11,12,1352,125.62208708932084,False,False,False,1342,0.4990721125482114,0.9981442250964228,0.6931454586087105,null,0.1,25,149,null,7,0.9474279899856006,null,null,0.8127558380624686,0.15,0.29629519504858265,0.8578549996974665
branin,fixed_iso_gpc,classifier_uncertainty_repulsion,classifier_uncertainty_repulsion,4,7,12,13,202,18.645576158448083,False,False,False,200,0.5014316830130969,0.9971366339738061,0.6931430811218435,null,0.1,25,149,null,13,0.9185625443528564,null,null,0.7753929374960226,0.15,0.28921462673176956,0.8441373342109225
branin,fixed_iso_gpc,classifier_uncertainty_repulsion,classifier_uncertainty_repulsion,4,8,13,14,903,1.6495792870374473,True,True,True,897,0.4998448859959629,0.9996897719919258,0.693147132439236,null,0.1,25,149,null,1,0.9967306535895816,null,null,0.6228840742536813,0.15,0.21006803316151834,0.6249271776787985
branin,fixed_iso_gpc,classifier_uncertainty_repulsion,classifier_uncertainty_repulsion,4,9,14,15,18,25.64015434068841,False,False,False,18,0.5004595616618981,0.9990808766762038,0.6931467581660437,null,0.1,25,149,null,3,0.9777260927896977,null,null,0.6356977256105317,0.15,0.21740541566005137,0.6501797694656248
branin,fixed_iso_gpc,classifier_uncertainty_repulsion,classifier_uncertainty_repulsion,4,10,15,16,89,8.382359318092423,False,True,True,87,0.49935458439200864,0.9987091687840173,0.6931463474370999,null,0.1,25,149,null,4,0.9948112392431844,null,null,0.5659669241503356,0.15,0.19459100092574116,0.568918908255301
branin,fixed_iso_gpc,classifier_uncertainty_repulsion,classifier_uncertainty_repulsion,4,11,16,17,1011,15.40393278326863,False,False,False,1001,0.49874755386119984,0.9974951077223997,0.6931440433140034,null,0.1,25,149,null,7,0.9524029005567021,null,null,0.4981195152810624,0.15,0.1825157889299861,0.5230134378947184
branin,fixed_iso_gpc,classifier_uncertainty_repulsion,classifier_uncertainty_repulsion,4,12,17,18,677,17.187933314791486,False,False,False,670,0.49876499684645736,0.9975299936929147,0.693144130091265,null,0.1,25,149,null,5,0.9665523272228582,null,null,0.3653741751054577,0.15,0.14617792398965698,0.3780179973858915
branin,fixed_iso_gpc,classifier_uncertainty_repulsion,classifier_uncertainty_repulsion,4,13,18,19,606,33.398317303653116,False,False,False,599,0.49595734336808484,0.9919146867361697,0.6931144940585208,null,0.1,25,149,null,22,0.7927425414594056,null,null,0.5266320606852904,0.15,0.2216335090905855,0.6643166389377603
branin,fixed_iso_gpc,classifier_uncertainty_repulsion,classifier_uncertainty_repulsion,4,14,19,20,344,27.421160120112724,False,False,False,339,0.50083718305416,0.9983256338916799,0.693145778808358,null,0.1,25,149,null,6,0.971518464863482,null,null,0.3674643713552098,0.15,0.14623215621674293,0.3782371459165689
branin,fixed_iso_gpc,classifier_uncertainty_repulsion,classifier_uncertainty_repulsion,4,15,20,21,974,2.9198235275347173,True,True,True,961,0.497150919397888,0.994301838795776,0.6931309459515362,null,0.1,25,148,null,15,0.8528845521691725,null,null,0.32246480787165976,0.15,0.1461950714652087,0.3780872886623673
branin,fixed_iso_gpc,classifier_uncertainty_repulsion,classifier_uncertainty_repulsion,4,16,21,22,587,28.477766530331905,False,False,False,579,0.4981557373597001,0.9963114747194002,0.6931403779351473,null,0.1,25,148,null,10,0.9281065620723279,null,null,0.2407157562431664,0.15,0.11623665735914158,0.2593621961961813
branin,fixed_iso_gpc,classifier_uncertainty_repulsion,classifier_uncertainty_repulsion,4,17,22,23,260,32.24044174874349,False,False,False,255,0.5013223123436346,0.9973553753127309,0.6931436835360006,null,0.1,25,148,null,6,0.948539693038939,null,null,0.32481139252129737,0.15,0.13734771587432124,0.34243310523006587
branin,fixed_iso_gpc,classifier_uncertainty_repulsion,classifier_uncertainty_repulsion,4,18,23,24,415,35.2575909690768,False,False,False,408,0.4977896472900891,0.9955792945801782,0.6931374092099144,null,0.1,25,148,null,12,0.919011505960069,null,null,0.20331302422999137,0.15,0.10607443403212918,0.22123011835155992
branin,fixed_iso_gpc,classifier_uncertainty_repulsion,classifier_uncertainty_repulsion,4,19,24,25,1410,3.2963949168810345,True,True,True,1386,0.49995385408577625,0.9999077081715525,0.6931471763010545,null,0.1,25,148,null,0,1.0,null,null,0.21074716292062956,0.15,0.1031992493221394,0.21074716292062956
branin,fixed_iso_gpc,classifier_uncertainty_repulsion,classifier_uncertainty_repulsion,4,20,25,26,986,2.008682761081513,True,True,True,969,0.4995891888604638,0.9991783777209275,0.6931468430283225,null,0.1,25,148,null,5,0.9876447042707622,null,null,0.2813240794618657,0.15,0.12282678257298273,0.2848434039542431
branin,fixed_iso_gpc,classifier_uncertainty_repulsion,classifier_uncertainty_repulsion,4,21,26,27,1026,3.522747396183064,True,True,True,1007,0.5039143314925383,0.9921713370149234,0.6931165362648528,null,0.1,25,148,null,21,0.8356252399058689,null,null,0.20386561125980332,0.15,0.11218380516397625,0.2439677519587229
branin,fixed_iso_gpc,classifier_uncertainty_repulsion,classifier_uncertainty_repulsion,4,22,27,28,192,22.684820210230647,False,False,False,188,0.5002400008066947,0.9995199983866105,0.6931470653591665,null,0.1,25,148,null,2,0.9938285867445229,null,null,0.3844717127956423,0.15,0.14836518848310726,0.3868591806712398
branin,fixed_iso_gpc,classifier_uncertainty_repulsion,classifier_uncertainty_repulsion,4,23,28,29,800,14.404631290491224,False,False,False,785,0.50691559798803,0.98616880402394,0.6930515265189439,null,0.1,25,148,null,51,0.6964478053248097,null,null,0.21846458122298215,0.15,0.13014904810379233,0.3136840687165272
branin,fixed_iso_gpc,classifier_uncertainty_repulsion,classifier_uncertainty_repulsion,4,24,29,30,170,11.986189618741928,False,False,True,166,0.49382105521138797,0.9876421104227759,0.6930708198988739,null,0.1,25,148,null,39,0.6857322639064011,null,null,0.20854882884465636,0.15,0.12773559800890869,0.304125735103405
branin,fixed_iso_gpc,classifier_uncertainty_repulsion,classifier_uncertainty_repulsion,4,25,30,31,715,7.708811544378811,False,True,True,700,0.4994827917231697,0.9989655834463393,0.6931466455510467,null,0.1,25,147,null,4,0.9852184547440986,null,null,0.15109557604049856,0.15,0.08655472343380477,0.15336251093646458
branin,fixed_iso_gpc,classifier_uncertainty_repulsion,classifier_uncertainty_repulsion,4,26,31,32,826,1.5705404498538513,True,True,True,808,0.4986811767705994,0.9973623535411988,0.693143701966491,null,0.1,25,147,null,7,0.9484792407588257,null,null,0.1451738356312479,0.15,0.08646167874968205,0.15305958147813792
branin,fixed_iso_gpc,classifier_uncertainty_repulsion,classifier_uncertainty_repulsion,4,27,32,33,963,8.492101179495783,False,True,True,942,0.5001299696672101,0.9997400606655797,0.6931471467757162,null,0.1,25,147,null,0,1.0,null,null,0.13088763384344448,0.15,0.07945268128125377,0.13088763384344448
branin,fixed_iso_gpc,classifier_uncertainty_repulsion,classifier_uncertainty_repulsion,4,28,33,34,1170,15.38851884610365,False,False,False,1143,0.5061089360736091,0.9877821278527819,0.6930725405029778,null,0.1,25,147,null,33,0.7591682557530368,null,null,0.12907821655116636,0.15,0.09157637102772682,0.17002583494897405
branin,fixed_iso_gpc,classifier_uncertainty_repulsion,classifier_uncertainty_repulsion,4,29,34,35,2,8.50684141686876,False,True,True,2,0.49799656991987673,0.9959931398397535,0.6931391530742932,null,0.1,25,147,null,9,0.9172848923405797,null,null,0.17734026468310798,0.15,0.09832559994604728,0.1933317186011858
branin,fixed_iso_gpc,classifier_uncertainty_repulsion,classifier_uncertainty_repulsion,4,30,35,36,293,12.515707157840765,False,False,True,284,0.5007092025749103,0.9985815948501795,0.6931461746230234,null,0.1,25,147,null,4,0.9861372176115727,null,null,0.11270110564566176,0.15,0.07390009195317877,0.1142854195470121
branin,fixed_iso_gpc,classifier_uncertainty_repulsion,classifier_uncertainty_repulsion,4,31,36,37,1431,6.228784021456136,False,True,True,1395,0.49629513031948846,0.9925902606389769,0.6931197281900343,null,0.1,25,147,null,21,0.8671945553412571,null,null,0.11636624806179549,0.15,0.08052257784884845,0.13418701414240686
branin,fixed_iso_gpc,classifier_uncertainty_repulsion,classifier_uncertainty_repulsion,4,32,37,38,890,6.219678892230775,False,True,True,869,0.49902913814677974,0.9980582762935595,0.6931452954132846,null,0.1,25,147,null,4,0.9667058400978554,null,null,0.19286006892450253,0.15,0.10006735060460553,0.19950233144860297
branin,fixed_iso_gpc,classifier_uncertainty_repulsion,classifier_uncertainty_repulsion,4,33,38,39,927,5.280760030741426,False,True,True,904,0.49838718458090536,0.9967743691618107,0.6931419782037717,null,0.1,25,147,null,6,0.9585202557531676,null,null,0.09300572347774155,0.15,0.06777163010633808,0.09703052483190489
branin,fixed_iso_gpc,classifier_uncertainty_repulsion,classifier_uncertainty_repulsion,4,34,39,40,1087,4.42594881378799,True,True,True,1056,0.5032523879729611,0.9934952240540778,0.6931260243556966,null,0.1,25,147,null,16,0.9022874552989469,null,null,0.1096648004019974,0.15,0.0763633757982853,0.12154086788856344
branin,fixed_iso_gpc,classifier_uncertainty_repulsion,classifier_uncertainty_repulsion,4,35,40,41,147,11.116473743417217,False,False,True,142,0.49796628248681785,0.9959325649736357,0.6931389085232895,null,0.1,25,146,null,8,0.9371477739633832,null,null,0.07616596838430202,0.15,0.061761981147318165,0.08127423497169617
branin,fixed_iso_gpc,classifier_uncertainty_repulsion,classifier_uncertainty_repulsion,4,36,41,42,626,5.721380413714385,False,True,True,609,0.49666621830565827,0.9933324366113165,0.6931249521944737,null,0.1,25,146,null,18,0.9018292555375926,null,null,0.07902506457456676,0.15,0.0642402754844797,0.08762752382374073
branin,fixed_iso_gpc,classifier_uncertainty_repulsion,classifier_uncertainty_repulsion,4,37,42,43,1311,5.435555279375301,False,True,True,1274,0.5063659742652487,0.9872680514695027,0.6930661271133429,null,0.1,25,146,null,32,0.7656642888957726,null,null,0.11146495850281127,0.15,0.0841423036523051,0.14557941400605745
branin,fixed_iso_gpc,classifier_uncertainty_repulsion,classifier_uncertainty_repulsion,4,38,43,44,1296,1.9422213402426465,True,True,True,1259,0.503748698118831,0.9925026037623379,0.6931190748214613,null,0.1,25,146,null,17,0.8899233867248697,null,null,0.0739738522361829,0.15,0.06249183217271047,0.0831238434000755
branin,fixed_iso_gpc,classifier_uncertainty_repulsion,classifier_uncertainty_repulsion,4,39,44,45,1062,14.643516581728647,False,False,False,1030,0.49730373525297544,0.9946074705059509,0.6931326408023049,null,0.1,25,146,null,13,0.9163610657240211,null,null,0.07376879229891412,0.15,0.06145508749600295,0.0805018840915388
branin,fixed_iso_gpc,classifier_uncertainty_repulsion,classifier_uncertainty_repulsion,4,40,45,46,455,5.8814250017416505,False,True,True,441,0.4977234508684525,0.995446901736905,0.6931368151722348,null,0.1,25,146,null,10,0.9417728104707712,null,null,0.06553028977531339,0.15,0.05696887238863469,0.06958184505513199
branin,fixed_iso_gpc,classifier_uncertainty_repulsion,classifier_uncertainty_repulsion,4,41,46,47,1252,32.18643932438571,False,False,False,1213,0.5042516453177299,0.9914967093645402,0.693111027148438,null,0.1,25,146,null,23,0.8777817639378453,null,null,0.078844616263339,0.15,0.06507847225968584,0.08982257265135196
branin,fixed_iso_gpc,classifier_uncertainty_repulsion,classifier_uncertainty_repulsion,4,42,47,48,1279,3.09074403982563,True,True,True,1239,0.5097116647168818,0.9805766705662364,0.6929585358342232,null,0.1,25,146,null,33,0.714525687355343,null,null,0.06135398855673871,0.15,0.06356139692412181,0.08586673599353267
branin,fixed_iso_gpc,classifier_uncertainty_repulsion,classifier_uncertainty_repulsion,4,43,48,49,1196,16.020905032601274,False,False,False,1158,0.49569553415143464,0.9913910683028693,0.693110123249712,null,0.1,25,146,null,22,0.8650925610567489,null,null,0.06290621823105104,0.15,0.05828637134992055,0.07271617057278623
branin,fixed_iso_gpc,classifier_uncertainty_repulsion,classifier_uncertainty_repulsion,4,44,49,50,1216,4.229176510152385,True,True,True,1177,0.5026527315068892,0.9946945369862217,0.6931331065250237,null,0.1,25,146,null,11,0.9227055435136481,null,null,0.06045295968619958,0.15,0.055220341661465736,0.06551706566755378
branin,optimized_iso_gpc,random,random,4,1,6,7,266,116.95731203492022,False,False,False,264,0.43050694711632786,0.8610138942326557,0.6834572729871033,null,null,null,null,null,null,null,null,null,null,null,null,null
branin,optimized_iso_gpc,random,random,4,2,7,8,15,21.976974451474348,False,False,False,15,0.4303870652935302,0.8607741305870604,0.6834237027661719,null,null,null,null,null,null,null,null,null,null,null,null,null
branin,optimized_iso_gpc,random,random,4,3,8,9,1200,33.16625155218216,False,False,False,1193,0.46535948886392475,0.9307189777278495,0.6907453269527848,null,null,null,null,null,null,null,null,null,null,null,null,null
branin,optimized_iso_gpc,random,random,4,4,9,10,459,10.420490335560615,False,False,True,455,0.5349317613663658,0.9301364772672684,0.6907047354944782,null,null,null,null,null,null,null,null,null,null,null,null,null
branin,optimized_iso_gpc,random,random,4,5,10,11,440,89.98970462310356,False,False,False,436,0.5495536735185169,0.9008926529629662,0.6882279759441192,null,null,null,null,null,null,null,null,null,null,null,null,null
branin,optimized_iso_gpc,random,random,4,6,11,12,539,7.766951404639524,False,True,True,532,0.42833874356111323,0.8566774871222265,0.6828410548489121,null,null,null,null,null,null,null,null,null,null,null,null,null
branin,optimized_iso_gpc,random,random,4,7,12,13,610,14.558078658632187,False,False,False,602,0.559341295279836,0.881317409440328,0.6860877744689229,null,null,null,null,null,null,null,null,null,null,null,null,null
branin,optimized_iso_gpc,random,random,4,8,13,14,230,86.27927614991235,False,False,False,227,0.5288018079080885,0.942396384183823,0.6914871735377861,null,null,null,null,null,null,null,null,null,null,null,null,null
branin,optimized_iso_gpc,random,random,4,9,14,15,1383,17.608712533028587,False,False,False,1369,0.36319373905388375,0.7263874781077675,0.6552336508035936,null,null,null,null,null,null,null,null,null,null,null,null,null
branin,optimized_iso_gpc,random,random,4,10,15,16,117,14.124101572276345,False,False,False,115,0.2614982317639942,0.5229964635279885,0.5746181942722727,null,null,null,null,null,null,null,null,null,null,null,null,null
branin,optimized_iso_gpc,random,random,4,11,16,17,49,16.608235257856855,False,False,False,47,0.47530318686805373,0.9506063737361075,0.6919268188938299,null,null,null,null,null,null,null,null,null,null,null,null,null
branin,optimized_iso_gpc,random,random,4,12,17,18,368,19.962138835726797,False,False,False,361,0.2300968947445199,0.4601937894890398,0.5393933939987892,null,null,null,null,null,null,null,null,null,null,null,null,null
branin,optimized_iso_gpc,random,random,4,13,18,19,132,154.51739038627673,False,False,False,127,0.7174440400718822,0.5651119198562355,0.5953511507252432,null,null,null,null,null,null,null,null,null,null,null,null,null
branin,optimized_iso_gpc,random,random,4,14,19,20,598,104.7597276462804,False,False,False,585,0.7786908990692609,0.44261820186147816,0.5285598601159389,null,null,null,null,null,null,null,null,null,null,null,null,null
branin,optimized_iso_gpc,random,random,4,15,20,21,659,26.81617955201647,False,False,False,644,0.37370276781697953,0.7474055356339591,0.6608969870601096,null,null,null,null,null,null,null,null,null,null,null,null,null
branin,optimized_iso_gpc,random,random,4,16,21,22,281,17.123859747161806,False,False,False,273,0.2720479154069153,0.5440958308138306,0.585285120734753,null,null,null,null,null,null,null,null,null,null,null,null,null
branin,optimized_iso_gpc,random,random,4,17,22,23,608,27.40723216944128,False,False,False,593,0.2785758431543286,0.5571516863086572,0.5916032204390269,null,null,null,null,null,null,null,null,null,null,null,null,null
branin,optimized_iso_gpc,random,random,4,18,23,24,367,4.365513072596965,True,True,True,358,0.29891242963287823,0.5978248592657565,0.6099399878478629,null,null,null,null,null,null,null,null,null,null,null,null,null
branin,optimized_iso_gpc,random,random,4,19,24,25,1195,37.68288777389472,False,False,False,1174,0.8216074740018939,0.35678505199621213,0.46894722391418114,null,null,null,null,null,null,null,null,null,null,null,null,null
branin,optimized_iso_gpc,random,random,4,20,25,26,1268,9.527533857448852,False,False,True,1245,0.1620462306744912,0.3240924613489824,0.44304747309603776,null,null,null,null,null,null,null,null,null,null,null,null,null
branin,optimized_iso_gpc,random,random,4,21,26,27,1023,48.90019536097921,False,False,False,1003,0.7531261123807553,0.49374777523848934,0.558874625984646,null,null,null,null,null,null,null,null,null,null,null,null,null
branin,optimized_iso_gpc,random,random,4,22,27,28,1047,26.60780313054718,False,False,False,1026,0.3521264255793426,0.7042528511586852,0.648753051314086,null,null,null,null,null,null,null,null,null,null,null,null,null
branin,optimized_iso_gpc,random,random,4,23,28,29,468,18.511994050610717,False,False,False,455,0.2847626606109088,0.5695253212218176,0.5973954031454072,null,null,null,null,null,null,null,null,null,null,null,null,null
branin,optimized_iso_gpc,random,random,4,24,29,30,951,14.56494410269318,False,False,False,931,0.1632033535984192,0.3264067071968384,0.4449437992586919,null,null,null,null,null,null,null,null,null,null,null,null,null
branin,optimized_iso_gpc,random,random,4,25,30,31,851,73.8905239523047,False,False,False,831,0.9121198468192233,0.17576030636155338,0.2976056406415349,null,null,null,null,null,null,null,null,null,null,null,null,null
branin,optimized_iso_gpc,random,random,4,26,31,32,300,55.507412380990075,False,False,False,291,0.788230526133475,0.42353894773305,0.5162916743618053,null,null,null,null,null,null,null,null,null,null,null,null,null
branin,optimized_iso_gpc,random,random,4,27,32,33,880,49.30189682813065,False,False,False,858,0.9242287505165905,0.15154249896681904,0.26831780408403444,null,null,null,null,null,null,null,null,null,null,null,null,null
branin,optimized_iso_gpc,random,random,4,28,33,34,79,3.090166445284005,True,True,True,76,0.2429806136113939,0.4859612272227878,0.5544913355881974,null,null,null,null,null,null,null,null,null,null,null,null,null
branin,optimized_iso_gpc,random,random,4,29,34,35,113,32.88969759811424,False,False,False,109,0.7973417442117352,0.4053165115765296,0.5040655391370961,null,null,null,null,null,null,null,null,null,null,null,null,null
branin,optimized_iso_gpc,random,random,4,30,35,36,1132,91.96856932421139,False,False,False,1102,0.9310254086939267,0.13794918261214661,0.25097842069105575,null,null,null,null,null,null,null,null,null,null,null,null,null
branin,optimized_iso_gpc,random,random,4,31,36,37,1343,10.660850499514474,False,False,True,1309,0.28143662851306317,0.5628732570261263,0.594305044453871,null,null,null,null,null,null,null,null,null,null,null,null,null
branin,optimized_iso_gpc,random,random,4,32,37,38,1229,11.05362253288775,False,False,True,1196,0.12181029483656403,0.24362058967312805,0.3705164272943624,null,null,null,null,null,null,null,null,null,null,null,null,null
branin,optimized_iso_gpc,random,random,4,33,38,39,576,28.00529596174225,False,False,False,557,0.12457621854218814,0.2491524370843763,0.3759446988339067,null,null,null,null,null,null,null,null,null,null,null,null,null
branin,optimized_iso_gpc,random,random,4,34,39,40,302,5.326402800259174,False,True,True,290,0.2232407164004826,0.4464814328009652,0.5309791332654934,null,null,null,null,null,null,null,null,null,null,null,null,null
branin,optimized_iso_gpc,random,random,4,35,40,41,1147,20.75846126788948,False,False,False,1114,0.2232046431360004,0.4464092862720008,0.5309341504860433,null,null,null,null,null,null,null,null,null,null,null,null,null
branin,optimized_iso_gpc,random,random,4,36,41,42,534,13.281287910837692,False,False,False,515,0.3608867483534368,0.7217734967068736,0.6539266921841522,null,null,null,null,null,null,null,null,null,null,null,null,null
branin,optimized_iso_gpc,random,random,4,37,42,43,1341,4.761141064297199,True,True,True,1302,0.29842882389613123,0.5968576477922625,0.6095271644145183,null,null,null,null,null,null,null,null,null,null,null,null,null
branin,optimized_iso_gpc,random,random,4,38,43,44,273,14.267788179975105,False,False,False,263,0.18349434719345936,0.3669886943869187,0.47665097482822455,null,null,null,null,null,null,null,null,null,null,null,null,null
branin,optimized_iso_gpc,random,random,4,39,44,45,1335,193.45773942471362,False,False,False,1295,0.8126995012116822,0.37460099757663556,0.4822848984913465,null,null,null,null,null,null,null,null,null,null,null,null,null
branin,optimized_iso_gpc,random,random,4,40,45,46,657,53.908024716524636,False,False,False,631,0.7986716080008591,0.40265678399828175,0.5022384605457613,null,null,null,null,null,null,null,null,null,null,null,null,null
branin,optimized_iso_gpc,random,random,4,41,46,47,1089,21.503099516718308,False,False,False,1054,0.19918601185474927,0.39837202370949854,0.4992719236988072,null,null,null,null,null,null,null,null,null,null,null,null,null
branin,optimized_iso_gpc,random,random,4,42,47,48,1269,10.63513715113546,False,False,True,1227,0.09495561021060439,0.18991122042120878,0.3138557816083808,null,null,null,null,null,null,null,null,null,null,null,null,null
branin,optimized_iso_gpc,random,random,4,43,48,49,486,31.718561692790296,False,False,False,467,0.715399739324198,0.569200521351604,0.5972457748135793,null,null,null,null,null,null,null,null,null,null,null,null,null
branin,optimized_iso_gpc,random,random,4,44,49,50,844,10.703906521140816,False,False,True,815,0.38670253520831466,0.7734050704166293,0.6672502145084611,null,null,null,null,null,null,null,null,null,null,null,null,null
branin,optimized_iso_gpc,classifier_margin,classifier_margin,4,1,6,7,16,14.405470324094154,False,False,False,16,0.49957283301893496,0.9991456660378699,0.6931468156166415,null,null,null,null,null,null,null,null,null,null,null,null,null
branin,optimized_iso_gpc,classifier_margin,classifier_margin,4,2,7,8,1263,4.095593901974539,True,True,True,1257,0.4995850385475693,0.9991700770951386,0.6931468361738917,null,null,null,null,null,null,null,null,null,null,null,null,null
branin,optimized_iso_gpc,classifier_margin,classifier_margin,4,3,8,9,329,26.29981266276672,False,False,False,326,0.5005885064225142,0.9988229871549716,0.6931464878801668,null,null,null,null,null,null,null,null,null,null,null,null,null
branin,optimized_iso_gpc,classifier_margin,classifier_margin,4,4,9,10,952,10.759319213858333,False,False,True,947,0.49907391978854476,0.9981478395770895,0.6931454653098486,null,null,null,null,null,null,null,null,null,null,null,null,null
branin,optimized_iso_gpc,classifier_margin,classifier_margin,4,5,10,11,715,7.708811544378811,False,True,True,710,0.501074632053268,0.9978507358934641,0.6931448708900674,null,null,null,null,null,null,null,null,null,null,null,null,null
branin,optimized_iso_gpc,classifier_margin,classifier_margin,4,6,11,12,1388,7.434408150813923,False,True,True,1377,0.5007979455139133,0.9984041089721734,0.6931459071253184,null,null,null,null,null,null,null,null,null,null,null,null,null
branin,optimized_iso_gpc,classifier_margin,classifier_margin,4,7,12,13,52,33.475893724158844,False,False,False,50,0.5002266444523076,0.9995467110953848,0.6931470778245263,null,null,null,null,null,null,null,null,null,null,null,null,null
branin,optimized_iso_gpc,classifier_margin,classifier_margin,4,8,13,14,1300,11.794368533506336,False,False,True,1289,0.5001007512388262,0.9997984975223475,0.6931471602583209,null,null,null,null,null,null,null,null,null,null,null,null,null
branin,optimized_iso_gpc,classifier_margin,classifier_margin,4,9,14,15,974,2.9198235275347173,True,True,True,965,0.5000856139579843,0.9998287720840313,0.6931471659004456,null,null,null,null,null,null,null,null,null,null,null,null,null
branin,optimized_iso_gpc,classifier_margin,classifier_margin,4,10,15,16,1265,4.604989304938499,True,True,True,1253,0.5012069522505214,0.9975860954989573,0.6931442670896457,null,null,null,null,null,null,null,null,null,null,null,null,null
branin,optimized_iso_gpc,classifier_margin,classifier_margin,4,11,16,17,1305,8.168415705328286,False,True,True,1291,0.49923790059921536,0.9984758011984307,0.6931460189685021,null,null,null,null,null,null,null,null,null,null,null,null,null
branin,optimized_iso_gpc,classifier_margin,classifier_margin,4,12,17,18,1220,3.888675671390864,True,True,True,1209,0.4999035071518873,0.9998070143037746,0.6931471619382057,null,null,null,null,null,null,null,null,null,null,null,null,null
branin,optimized_iso_gpc,classifier_margin,classifier_margin,4,13,18,19,1311,5.435555279375301,False,True,True,1295,0.5012751353869573,0.9974497292260853,0.69314392861591,null,null,null,null,null,null,null,null,null,null,null,null,null
branin,optimized_iso_gpc,classifier_margin,classifier_margin,4,14,19,20,749,10.031777576461337,False,False,True,742,0.4998158692750555,0.999631738550111,0.693147112751696,null,null,null,null,null,null,null,null,null,null,null,null,null
branin,optimized_iso_gpc,classifier_margin,classifier_margin,4,15,20,21,110,7.85100168720394,False,True,True,107,0.5029161389737675,0.994167722052465,0.6931301727304944,null,null,null,null,null,null,null,null,null,null,null,null,null
branin,optimized_iso_gpc,classifier_margin,classifier_margin,4,16,21,22,548,5.229305448981954,False,True,True,541,0.500399638778858,0.9992007224422841,0.6931468611376042,null,null,null,null,null,null,null,null,null,null,null,null,null
branin,optimized_iso_gpc,classifier_margin,classifier_margin,4,17,22,23,838,3.7455580244839624,True,True,True,828,0.501731107469936,0.996537785060128,0.6931411870818265,null,null,null,null,null,null,null,null,null,null,null,null,null
branin,optimized_iso_gpc,classifier_margin,classifier_margin,4,18,23,24,967,16.779081365843254,False,False,False,954,0.49794491377682126,0.9958898275536425,0.6931387337773931,null,null,null,null,null,null,null,null,null,null,null,null,null
branin,optimized_iso_gpc,classifier_margin,classifier_margin,4,19,24,25,1055,12.132009015017715,False,False,True,1040,0.506035279073215,0.98792944185357,0.6930743296038577,null,null,null,null,null,null,null,null,null,null,null,null,null
branin,optimized_iso_gpc,classifier_margin,classifier_margin,4,20,25,26,390,22.02274815163144,False,False,False,384,0.4998444287654478,0.9996888575308956,0.6931471321551265,null,null,null,null,null,null,null,null,null,null,null,null,null
branin,optimized_iso_gpc,classifier_margin,classifier_margin,4,21,26,27,447,9.502290753274288,False,False,True,440,0.5011044148491934,0.9977911703016131,0.6931447410936434,null,null,null,null,null,null,null,null,null,null,null,null,null
branin,optimized_iso_gpc,classifier_margin,classifier_margin,4,22,27,28,1216,4.229176510152385,True,True,True,1197,0.49788748452365317,0.9957749690473063,0.6931382550901151,null,null,null,null,null,null,null,null,null,null,null,null,null
branin,optimized_iso_gpc,classifier_margin,classifier_margin,4,23,28,29,790,1.4840352381666975,True,True,True,778,0.49743728713640945,0.9948745742728189,0.693134045507993,null,null,null,null,null,null,null,null,null,null,null,null,null
branin,optimized_iso_gpc,classifier_margin,classifier_margin,4,24,29,30,713,3.6603621688039283,True,True,True,703,0.49755984647038165,0.9951196929407633,0.6931352718141763,null,null,null,null,null,null,null,null,null,null,null,null,null
branin,optimized_iso_gpc,classifier_margin,classifier_margin,4,25,30,31,23,8.992209401809347,False,True,True,22,0.4971581044423594,0.9943162088847188,0.6931310277322527,null,null,null,null,null,null,null,null,null,null,null,null,null
branin,optimized_iso_gpc,classifier_margin,classifier_margin,4,26,31,32,508,0.23633119761034393,True,True,True,498,0.5017855891921079,0.9964288216157842,0.6931408038888653,null,null,null,null,null,null,null,null,null,null,null,null,null
branin,optimized_iso_gpc,classifier_margin,classifier_margin,4,27,32,33,1101,2.154487916309048,True,True,True,1078,0.4982952863614014,0.9965905727228028,0.6931413684515059,null,null,null,null,null,null,null,null,null,null,null,null,null
branin,optimized_iso_gpc,classifier_margin,classifier_margin,4,28,33,34,796,9.166703990466623,False,True,True,780,0.49990644045442684,0.9998128809088537,0.693147163053168,null,null,null,null,null,null,null,null,null,null,null,null,null
branin,optimized_iso_gpc,classifier_margin,classifier_margin,4,29,34,35,780,10.772060085359186,False,False,True,765,0.4962484647092751,0.9924969294185502,0.6931190322617603,null,null,null,null,null,null,null,null,null,null,null,null,null
branin,optimized_iso_gpc,classifier_margin,classifier_margin,4,30,35,36,1182,272.51372207838523,False,False,False,1156,0.4998283268364162,0.9996566536728324,0.6931471216165939,null,null,null,null,null,null,null,null,null,null,null,null,null
branin,optimized_iso_gpc,classifier_margin,classifier_margin,4,31,36,37,1296,1.9422213402426465,True,True,True,1265,0.5003499786390248,0.9993000427219505,0.6931469355898299,null,null,null,null,null,null,null,null,null,null,null,null,null
branin,optimized_iso_gpc,classifier_margin,classifier_margin,4,32,37,38,1314,2.037230057228914,True,True,True,1279,0.5010683483059095,0.997863303388181,0.693144897822003,null,null,null,null,null,null,null,null,null,null,null,null,null
branin,optimized_iso_gpc,classifier_margin,classifier_margin,4,33,38,39,682,142.067851865737,False,False,False,670,0.49986148525481516,0.9997229705096303,0.6931471421872755,null,null,null,null,null,null,null,null,null,null,null,null,null
branin,optimized_iso_gpc,classifier_margin,classifier_margin,4,34,39,40,460,27.145320854357784,False,False,False,451,0.5006035573200032,0.9987928853599937,0.6931464519968913,null,null,null,null,null,null,null,null,null,null,null,null,null
branin,optimized_iso_gpc,classifier_margin,classifier_margin,4,35,40,41,230,86.27927614991235,False,False,False,224,0.4998156342975244,0.9996312685950488,0.6931471125785194,null,null,null,null,null,null,null,null,null,null,null,null,null
branin,optimized_iso_gpc,classifier_margin,classifier_margin,4,36,41,42,1287,4.036428076849461,True,True,True,1253,0.4992079890599068,0.9984159781198136,0.6931459259967622,null,null,null,null,null,null,null,null,null,null,null,null,null
branin,optimized_iso_gpc,classifier_margin,classifier_margin,4,37,42,43,1404,23.95778727737897,False,False,False,1362,0.5008280590058212,0.9983438819883577,0.6931458091958842,null,null,null,null,null,null,null,null,null,null,null,null,null
branin,optimized_iso_gpc,classifier_margin,classifier_margin,4,38,43,44,79,3.090166445284005,True,True,True,75,0.4996377946186682,0.9992755892373364,0.6931469181744458,null,null,null,null,null,null,null,null,null,null,null,null,null
branin,optimized_iso_gpc,classifier_margin,classifier_margin,4,39,44,45,429,0.773036306435305,True,True,True,419,0.49911668681411947,0.9982333736282389,0.6931456200747649,null,null,null,null,null,null,null,null,null,null,null,null,null
branin,optimized_iso_gpc,classifier_margin,classifier_margin,4,40,45,46,1341,4.761141064297199,True,True,True,1299,0.4996179597944086,0.9992359195888172,0.6931468886504795,null,null,null,null,null,null,null,null,null,null,null,null,null
branin,optimized_iso_gpc,classifier_margin,classifier_margin,4,41,46,47,147,11.116473743417217,False,False,True,140,0.5017004565874763,0.9965990868250474,0.6931413974435854,null,null,null,null,null,null,null,null,null,null,null,null,null
branin,optimized_iso_gpc,classifier_margin,classifier_margin,4,42,47,48,1157,10.07444149522064,False,False,True,1125,0.49897610406627546,0.9979522081325509,0.6931450838327137,null,null,null,null,null,null,null,null,null,null,null,null,null
branin,optimized_iso_gpc,classifier_margin,classifier_margin,4,43,48,49,81,2.632605477205523,True,True,True,76,0.49908611501691125,0.9981722300338225,0.6931455101874906,null,null,null,null,null,null,null,null,null,null,null,null,null
branin,optimized_iso_gpc,classifier_margin,classifier_margin,4,44,49,50,751,51.03070930454098,False,False,False,729,0.5013720131776189,0.9972559736447622,0.6931434157149015,null,null,null,null,null,null,null,null,null,null,null,null,null
branin,optimized_iso_gpc,classifier_entropy,classifier_entropy,4,1,6,7,16,14.405470324094154,False,False,False,16,0.49957283301893496,0.9991456660378699,0.6931468156166415,Binary entropy is monotone-equivalent to classifier margin.,null,null,null,null,null,null,null,null,null,null,null,null
branin,optimized_iso_gpc,classifier_entropy,classifier_entropy,4,2,7,8,1263,4.095593901974539,True,True,True,1257,0.4995850385475693,0.9991700770951386,0.6931468361738917,Binary entropy is monotone-equivalent to classifier margin.,null,null,null,null,null,null,null,null,null,null,null,null
branin,optimized_iso_gpc,classifier_entropy,classifier_entropy,4,3,8,9,329,26.29981266276672,False,False,False,326,0.5005885064225142,0.9988229871549716,0.6931464878801668,Binary entropy is monotone-equivalent to classifier margin.,null,null,null,null,null,null,null,null,null,null,null,null
branin,optimized_iso_gpc,classifier_entropy,classifier_entropy,4,4,9,10,952,10.759319213858333,False,False,True,947,0.49907391978854476,0.9981478395770895,0.6931454653098486,Binary entropy is monotone-equivalent to classifier margin.,null,null,null,null,null,null,null,null,null,null,null,null
branin,optimized_iso_gpc,classifier_entropy,classifier_entropy,4,5,10,11,715,7.708811544378811,False,True,True,710,0.501074632053268,0.9978507358934641,0.6931448708900674,Binary entropy is monotone-equivalent to classifier margin.,null,null,null,null,null,null,null,null,null,null,null,null
branin,optimized_iso_gpc,classifier_entropy,classifier_entropy,4,6,11,12,1388,7.434408150813923,False,True,True,1377,0.5007979455139133,0.9984041089721734,0.6931459071253184,Binary entropy is monotone-equivalent to classifier margin.,null,null,null,null,null,null,null,null,null,null,null,null
branin,optimized_iso_gpc,classifier_entropy,classifier_entropy,4,7,12,13,52,33.475893724158844,False,False,False,50,0.5002266444523076,0.9995467110953848,0.6931470778245263,Binary entropy is monotone-equivalent to classifier margin.,null,null,null,null,null,null,null,null,null,null,null,null
branin,optimized_iso_gpc,classifier_entropy,classifier_entropy,4,8,13,14,1300,11.794368533506336,False,False,True,1289,0.5001007512388262,0.9997984975223475,0.6931471602583209,Binary entropy is monotone-equivalent to classifier margin.,null,null,null,null,null,null,null,null,null,null,null,null
branin,optimized_iso_gpc,classifier_entropy,classifier_entropy,4,9,14,15,974,2.9198235275347173,True,True,True,965,0.5000856139579843,0.9998287720840313,0.6931471659004456,Binary entropy is monotone-equivalent to classifier margin.,null,null,null,null,null,null,null,null,null,null,null,null
branin,optimized_iso_gpc,classifier_entropy,classifier_entropy,4,10,15,16,1265,4.604989304938499,True,True,True,1253,0.5012069522505214,0.9975860954989573,0.6931442670896457,Binary entropy is monotone-equivalent to classifier margin.,null,null,null,null,null,null,null,null,null,null,null,null
branin,optimized_iso_gpc,classifier_entropy,classifier_entropy,4,11,16,17,1305,8.168415705328286,False,True,True,1291,0.49923790059921536,0.9984758011984307,0.6931460189685021,Binary entropy is monotone-equivalent to classifier margin.,null,null,null,null,null,null,null,null,null,null,null,null
branin,optimized_iso_gpc,classifier_entropy,classifier_entropy,4,12,17,18,1220,3.888675671390864,True,True,True,1209,0.4999035071518873,0.9998070143037746,0.6931471619382057,Binary entropy is monotone-equivalent to classifier margin.,null,null,null,null,null,null,null,null,null,null,null,null
branin,optimized_iso_gpc,classifier_entropy,classifier_entropy,4,13,18,19,1311,5.435555279375301,False,True,True,1295,0.5012751353869573,0.9974497292260853,0.69314392861591,Binary entropy is monotone-equivalent to classifier margin.,null,null,null,null,null,null,null,null,null,null,null,null
branin,optimized_iso_gpc,classifier_entropy,classifier_entropy,4,14,19,20,749,10.031777576461337,False,False,True,742,0.4998158692750555,0.999631738550111,0.693147112751696,Binary entropy is monotone-equivalent to classifier margin.,null,null,null,null,null,null,null,null,null,null,null,null
branin,optimized_iso_gpc,classifier_entropy,classifier_entropy,4,15,20,21,110,7.85100168720394,False,True,True,107,0.5029161389737675,0.994167722052465,0.6931301727304944,Binary entropy is monotone-equivalent to classifier margin.,null,null,null,null,null,null,null,null,null,null,null,null
branin,optimized_iso_gpc,classifier_entropy,classifier_entropy,4,16,21,22,548,5.229305448981954,False,True,True,541,0.500399638778858,0.9992007224422841,0.6931468611376042,Binary entropy is monotone-equivalent to classifier margin.,null,null,null,null,null,null,null,null,null,null,null,null
branin,optimized_iso_gpc,classifier_entropy,classifier_entropy,4,17,22,23,838,3.7455580244839624,True,True,True,828,0.501731107469936,0.996537785060128,0.6931411870818265,Binary entropy is monotone-equivalent to classifier margin.,null,null,null,null,null,null,null,null,null,null,null,null
branin,optimized_iso_gpc,classifier_entropy,classifier_entropy,4,18,23,24,967,16.779081365843254,False,False,False,954,0.49794491377682126,0.9958898275536425,0.6931387337773931,Binary entropy is monotone-equivalent to classifier margin.,null,null,null,null,null,null,null,null,null,null,null,null
branin,optimized_iso_gpc,classifier_entropy,classifier_entropy,4,19,24,25,1055,12.132009015017715,False,False,True,1040,0.506035279073215,0.98792944185357,0.6930743296038577,Binary entropy is monotone-equivalent to classifier margin.,null,null,null,null,null,null,null,null,null,null,null,null
branin,optimized_iso_gpc,classifier_entropy,classifier_entropy,4,20,25,26,390,22.02274815163144,False,False,False,384,0.4998444287654478,0.9996888575308956,0.6931471321551265,Binary entropy is monotone-equivalent to classifier margin.,null,null,null,null,null,null,null,null,null,null,null,null
branin,optimized_iso_gpc,classifier_entropy,classifier_entropy,4,21,26,27,447,9.502290753274288,False,False,True,440,0.5011044148491934,0.9977911703016131,0.6931447410936434,Binary entropy is monotone-equivalent to classifier margin.,null,null,null,null,null,null,null,null,null,null,null,null
branin,optimized_iso_gpc,classifier_entropy,classifier_entropy,4,22,27,28,1216,4.229176510152385,True,True,True,1197,0.49788748452365317,0.9957749690473063,0.6931382550901151,Binary entropy is monotone-equivalent to classifier margin.,null,null,null,null,null,null,null,null,null,null,null,null
branin,optimized_iso_gpc,classifier_entropy,classifier_entropy,4,23,28,29,790,1.4840352381666975,True,True,True,778,0.49743728713640945,0.9948745742728189,0.693134045507993,Binary entropy is monotone-equivalent to classifier margin.,null,null,null,null,null,null,null,null,null,null,null,null
branin,optimized_iso_gpc,classifier_entropy,classifier_entropy,4,24,29,30,713,3.6603621688039283,True,True,True,703,0.49755984647038165,0.9951196929407633,0.6931352718141763,Binary entropy is monotone-equivalent to classifier margin.,null,null,null,null,null,null,null,null,null,null,null,null
branin,optimized_iso_gpc,classifier_entropy,classifier_entropy,4,25,30,31,23,8.992209401809347,False,True,True,22,0.4971581044423594,0.9943162088847188,0.6931310277322527,Binary entropy is monotone-equivalent to classifier margin.,null,null,null,null,null,null,null,null,null,null,null,null
branin,optimized_iso_gpc,classifier_entropy,classifier_entropy,4,26,31,32,508,0.23633119761034393,True,True,True,498,0.5017855891921079,0.9964288216157842,0.6931408038888653,Binary entropy is monotone-equivalent to classifier margin.,null,null,null,null,null,null,null,null,null,null,null,null
branin,optimized_iso_gpc,classifier_entropy,classifier_entropy,4,27,32,33,1101,2.154487916309048,True,True,True,1078,0.4982952863614014,0.9965905727228028,0.6931413684515059,Binary entropy is monotone-equivalent to classifier margin.,null,null,null,null,null,null,null,null,null,null,null,null
branin,optimized_iso_gpc,classifier_entropy,classifier_entropy,4,28,33,34,796,9.166703990466623,False,True,True,780,0.49990644045442684,0.9998128809088537,0.693147163053168,Binary entropy is monotone-equivalent to classifier margin.,null,null,null,null,null,null,null,null,null,null,null,null
branin,optimized_iso_gpc,classifier_entropy,classifier_entropy,4,29,34,35,780,10.772060085359186,False,False,True,765,0.4962484647092751,0.9924969294185502,0.6931190322617603,Binary entropy is monotone-equivalent to classifier margin.,null,null,null,null,null,null,null,null,null,null,null,null
branin,optimized_iso_gpc,classifier_entropy,classifier_entropy,4,30,35,36,1182,272.51372207838523,False,False,False,1156,0.4998283268364162,0.9996566536728324,0.6931471216165939,Binary entropy is monotone-equivalent to classifier margin.,null,null,null,null,null,null,null,null,null,null,null,null
branin,optimized_iso_gpc,classifier_entropy,classifier_entropy,4,31,36,37,1296,1.9422213402426465,True,True,True,1265,0.5003499786390248,0.9993000427219505,0.6931469355898299,Binary entropy is monotone-equivalent to classifier margin.,null,null,null,null,null,null,null,null,null,null,null,null
branin,optimized_iso_gpc,classifier_entropy,classifier_entropy,4,32,37,38,1314,2.037230057228914,True,True,True,1279,0.5010683483059095,0.997863303388181,0.693144897822003,Binary entropy is monotone-equivalent to classifier margin.,null,null,null,null,null,null,null,null,null,null,null,null
branin,optimized_iso_gpc,classifier_entropy,classifier_entropy,4,33,38,39,682,142.067851865737,False,False,False,670,0.49986148525481516,0.9997229705096303,0.6931471421872755,Binary entropy is monotone-equivalent to classifier margin.,null,null,null,null,null,null,null,null,null,null,null,null
branin,optimized_iso_gpc,classifier_entropy,classifier_entropy,4,34,39,40,460,27.145320854357784,False,False,False,451,0.5006035573200032,0.9987928853599937,0.6931464519968913,Binary entropy is monotone-equivalent to classifier margin.,null,null,null,null,null,null,null,null,null,null,null,null
branin,optimized_iso_gpc,classifier_entropy,classifier_entropy,4,35,40,41,230,86.27927614991235,False,False,False,224,0.4998156342975244,0.9996312685950488,0.6931471125785194,Binary entropy is monotone-equivalent to classifier margin.,null,null,null,null,null,null,null,null,null,null,null,null
branin,optimized_iso_gpc,classifier_entropy,classifier_entropy,4,36,41,42,1287,4.036428076849461,True,True,True,1253,0.4992079890599068,0.9984159781198136,0.6931459259967622,Binary entropy is monotone-equivalent to classifier margin.,null,null,null,null,null,null,null,null,null,null,null,null
branin,optimized_iso_gpc,classifier_entropy,classifier_entropy,4,37,42,43,1404,23.95778727737897,False,False,False,1362,0.5008280590058212,0.9983438819883577,0.6931458091958842,Binary entropy is monotone-equivalent to classifier margin.,null,null,null,null,null,null,null,null,null,null,null,null
branin,optimized_iso_gpc,classifier_entropy,classifier_entropy,4,38,43,44,79,3.090166445284005,True,True,True,75,0.4996377946186682,0.9992755892373364,0.6931469181744458,Binary entropy is monotone-equivalent to classifier margin.,null,null,null,null,null,null,null,null,null,null,null,null
branin,optimized_iso_gpc,classifier_entropy,classifier_entropy,4,39,44,45,429,0.773036306435305,True,True,True,419,0.49911668681411947,0.9982333736282389,0.6931456200747649,Binary entropy is monotone-equivalent to classifier margin.,null,null,null,null,null,null,null,null,null,null,null,null
branin,optimized_iso_gpc,classifier_entropy,classifier_entropy,4,40,45,46,1341,4.761141064297199,True,True,True,1299,0.4996179597944086,0.9992359195888172,0.6931468886504795,Binary entropy is monotone-equivalent to classifier margin.,null,null,null,null,null,null,null,null,null,null,null,null
branin,optimized_iso_gpc,classifier_entropy,classifier_entropy,4,41,46,47,147,11.116473743417217,False,False,True,140,0.5017004565874763,0.9965990868250474,0.6931413974435854,Binary entropy is monotone-equivalent to classifier margin.,null,null,null,null,null,null,null,null,null,null,null,null
branin,optimized_iso_gpc,classifier_entropy,classifier_entropy,4,42,47,48,1157,10.07444149522064,False,False,True,1125,0.49897610406627546,0.9979522081325509,0.6931450838327137,Binary entropy is monotone-equivalent to classifier margin.,null,null,null,null,null,null,null,null,null,null,null,null
branin,optimized_iso_gpc,classifier_entropy,classifier_entropy,4,43,48,49,81,2.632605477205523,True,True,True,76,0.49908611501691125,0.9981722300338225,0.6931455101874906,Binary entropy is monotone-equivalent to classifier margin.,null,null,null,null,null,null,null,null,null,null,null,null
branin,optimized_iso_gpc,classifier_entropy,classifier_entropy,4,44,49,50,751,51.03070930454098,False,False,False,729,0.5013720131776189,0.9972559736447622,0.6931434157149015,Binary entropy is monotone-equivalent to classifier margin.,null,null,null,null,null,null,null,null,null,null,null,null
branin,optimized_iso_gpc,classifier_gated_diversity,classifier_gated_diversity,4,1,6,7,1263,4.095593901974539,True,True,True,1258,0.4995597072079636,0.9991194144159272,0.6931467928444097,null,0.1,25,150,0.5,1,0.9997189016567806,0.417066749348661,0.6942787062836108,0.8469988039701957,null,null,null
branin,optimized_iso_gpc,classifier_gated_diversity,classifier_gated_diversity,4,2,7,8,1182,272.51372207838523,False,False,False,1177,0.4779556590340377,0.9559113180680754,0.6921749595105756,null,0.1,25,150,0.5,44,0.6084375223805335,0.5226383475761086,1.0,0.8042187611902667,null,null,null
branin,optimized_iso_gpc,classifier_gated_diversity,classifier_gated_diversity,4,3,8,9,1296,1.9422213402426465,True,True,True,1289,0.4988636673494642,0.9977273346989284,0.6931445980539368,null,0.1,25,150,0.5,6,0.9714934041268788,0.4130589200208306,0.7951248075211544,0.8833091058240166,null,null,null
branin,optimized_iso_gpc,classifier_gated_diversity,classifier_gated_diversity,4,4,9,10,1209,9.094726470548657,False,True,True,1203,0.5009700032872226,0.9980599934255547,0.6931452987460105,null,0.1,25,150,0.5,3,0.9708558597674087,0.32721415620128563,0.8481015310133463,0.9094786953903775,null,null,null
branin,optimized_iso_gpc,classifier_gated_diversity,classifier_gated_diversity,4,5,10,11,1352,125.62208708932084,False,False,False,1342,0.5004484368768505,0.999103126246299,0.6931467783686264,null,0.1,25,149,0.5,0,1.0,0.29629519504858265,1.0,1.0,null,null,null
branin,optimized_iso_gpc,classifier_gated_diversity,classifier_gated_diversity,4,6,11,12,809,2.6988652668607003,True,True,True,806,0.49785129546841755,0.9957025909368351,0.6931379466691956,null,0.1,25,149,0.5,7,0.9663766685450095,0.25792550333240816,0.9249734279549494,0.9456750482499794,null,null,null
branin,optimized_iso_gpc,classifier_gated_diversity,classifier_gated_diversity,4,7,12,13,36,55.94900997406286,False,False,False,35,0.49719689775577613,0.9943937955115523,0.6931314657132432,null,0.1,25,149,0.5,14,0.9534502691125462,0.2606534260455163,0.9724183657804389,0.9629343174464926,null,null,null
branin,optimized_iso_gpc,classifier_gated_diversity,classifier_gated_diversity,4,8,13,14,14,4.730162451190637,True,True,True,14,0.5068347721664068,0.9863304556671864,0.6930537494289836,null,0.1,25,149,0.5,25,0.8809935259034309,0.2311793341943403,0.9978692698746272,0.9394313978890291,null,null,null
branin,optimized_iso_gpc,classifier_gated_diversity,classifier_gated_diversity,4,9,14,15,128,23.649676955755005,False,False,False,124,0.4963537004453693,0.9927074008907386,0.6931205893233623,null,0.1,25,149,0.5,13,0.9383936339566455,0.21335330182531728,0.9695443790294869,0.9539690064930662,null,null,null
branin,optimized_iso_gpc,classifier_gated_diversity,classifier_gated_diversity,4,10,15,16,89,8.382359318092423,False,True,True,86,0.4997818182528786,0.9995636365057572,0.6931470853533928,null,0.1,25,149,0.5,4,0.9932178188537194,0.19459100092574116,0.8771031145527289,0.9351604667032242,null,null,null
branin,optimized_iso_gpc,classifier_gated_diversity,classifier_gated_diversity,4,11,16,17,905,1.4966853470877624,True,True,True,897,0.4989001245007185,0.997800249001437,0.6931447611057662,null,0.1,25,149,0.5,12,0.9517125216881847,0.21542626594165726,0.9639040122948048,0.9578082669914947,null,null,null
branin,optimized_iso_gpc,classifier_gated_diversity,classifier_gated_diversity,4,12,17,18,793,45.957895051252564,False,False,False,786,0.49924383612786727,0.9984876722557345,0.6931460369919062,null,0.1,25,149,0.5,10,0.9554784618678143,0.20792722772081257,0.8789532571233393,0.9172158594955768,null,null,null
branin,optimized_iso_gpc,classifier_gated_diversity,classifier_gated_diversity,4,13,18,19,1404,23.95778727737897,False,False,False,1386,0.5013068943491219,0.9973862113017562,0.6931437646103762,null,0.1,25,149,0.5,12,0.912276580982509,0.1691679047652238,0.8943334181356649,0.9033049995590869,null,null,null
branin,optimized_iso_gpc,classifier_gated_diversity,classifier_gated_diversity,4,14,19,20,589,36.60179316360019,False,False,False,582,0.49957007868475156,0.9991401573695031,0.6931468108952252,null,0.1,25,149,0.5,2,0.9780786904514549,0.12251696472057269,0.8006186636687771,0.889348677060116,null,null,null
branin,optimized_iso_gpc,classifier_gated_diversity,classifier_gated_diversity,4,15,20,21,1048,0.6298132314956604,True,True,True,1036,0.5020984528575356,0.9958030942849287,0.6931383735253001,null,0.1,25,148,0.5,13,0.8978205538406385,0.14388602063272318,0.921437512736891,0.9096290332887648,null,null,null
branin,optimized_iso_gpc,classifier_gated_diversity,classifier_gated_diversity,4,16,21,22,9,24.106539469970514,False,False,False,9,0.49984804468830396,0.9996960893766079,0.6931471343791111,null,0.1,25,148,0.5,0,1.0,0.17599150855719123,0.9549177918424344,0.9774588959212172,null,null,null
branin,optimized_iso_gpc,classifier_gated_diversity,classifier_gated_diversity,4,17,22,23,779,24.525628203210104,False,False,False,770,0.4997593236393534,0.9995186472787068,0.6931470647097197,null,0.1,25,148,0.5,3,0.9924058635280619,0.14819491045266955,0.509299947969689,0.7508529057488755,null,null,null
branin,optimized_iso_gpc,classifier_gated_diversity,classifier_gated_diversity,4,18,23,24,232,2.189418371290273,True,True,True,225,0.4893286053215675,0.978657210643135,0.6929194059368946,null,0.1,25,148,0.5,17,0.8650176206905459,0.12852937552443544,0.8346126785103936,0.8498151496004698,null,null,null
branin,optimized_iso_gpc,classifier_gated_diversity,classifier_gated_diversity,4,19,24,25,164,29.751382606126448,False,False,False,157,0.49638805544839393,0.9927761108967879,0.693121088046117,null,0.1,25,148,0.5,2,0.9670702718975678,0.11310003946740022,0.8227280030594486,0.8948991374785082,null,null,null
branin,optimized_iso_gpc,classifier_gated_diversity,classifier_gated_diversity,4,20,25,26,902,7.337787189053742,False,True,True,888,0.5027103587072741,0.9945792825854518,0.6931324883993477,null,0.1,25,148,0.5,3,0.9669188213852737,0.11379093967403876,0.9005231814339245,0.9337210014095991,null,null,null
branin,optimized_iso_gpc,classifier_gated_diversity,classifier_gated_diversity,4,21,26,27,713,3.6603621688039283,True,True,True,702,0.49155964418483933,0.9831192883696787,0.6930046945798255,null,0.1,25,148,0.5,16,0.8890682331452054,0.11154166935897081,0.990353049965562,0.9397106415553838,null,null,null
branin,optimized_iso_gpc,classifier_gated_diversity,classifier_gated_diversity,4,22,27,28,1051,0.8940157963951059,True,True,True,1032,0.5030654608839544,0.9938690782320911,0.6931283863413421,null,0.1,25,148,0.5,6,0.9609369357003535,0.10840546543229103,0.932647998523146,0.9467924671117498,null,null,null
branin,optimized_iso_gpc,classifier_gated_diversity,classifier_gated_diversity,4,23,28,29,1391,26.229508518342396,False,False,False,1364,0.4896596350972757,0.9793192701945515,0.6929333190212816,null,0.1,25,148,0.5,17,0.8611665383456671,0.11102574756833809,0.9038642294291732,0.8825153838874202,null,null,null
branin,optimized_iso_gpc,classifier_gated_diversity,classifier_gated_diversity,4,24,29,30,516,21.455841675022583,False,False,False,506,0.509921126069397,0.980157747861206,0.6929503101553177,null,0.1,25,148,0.5,13,0.8886164986484651,0.1041255203251196,0.8617541496462903,0.8751853241473777,null,null,null
branin,optimized_iso_gpc,classifier_gated_diversity,classifier_gated_diversity,4,25,30,31,1171,7.373879158513084,False,True,True,1149,0.5092478013026884,0.9815043973946231,0.692976127148765,null,0.1,25,147,0.5,11,0.9059551682175393,0.09026063347893694,0.7312558340599871,0.8186055011387632,null,null,null
branin,optimized_iso_gpc,classifier_gated_diversity,classifier_gated_diversity,4,26,31,32,1343,10.660850499514474,False,False,True,1316,0.49625134635730017,0.9925026927146003,0.6931190754883801,null,0.1,25,147,0.5,3,0.9654618274733634,0.08104506292759797,0.6475920933978239,0.8065269604355936,null,null,null
branin,optimized_iso_gpc,classifier_gated_diversity,classifier_gated_diversity,4,27,32,33,1092,11.55422894814646,False,False,True,1070,0.4998344360105251,0.9996688720210501,0.6931471257370752,null,0.1,25,147,0.5,0,1.0,0.11669098050067629,0.8529478915477983,0.9264739457738991,null,null,null
branin,optimized_iso_gpc,classifier_gated_diversity,classifier_gated_diversity,4,28,33,34,319,5.712677119335858,False,True,True,310,0.49476689415057784,0.9895337883011557,0.6930924087662924,null,0.1,25,147,0.5,13,0.9014425899960246,0.11580886417577121,0.9522246139656659,0.9268336019808452,null,null,null
branin,optimized_iso_gpc,classifier_gated_diversity,classifier_gated_diversity,4,29,34,35,1344,14.63233267860262,False,False,False,1314,0.5012445185628063,0.9975109628743875,0.6931440829038404,null,0.1,25,147,0.5,6,0.9629091718025529,0.12569096775024147,0.7936241513632055,0.8782666615828791,null,null,null
branin,optimized_iso_gpc,classifier_gated_diversity,classifier_gated_diversity,4,30,35,36,557,9.432496135512167,False,True,True,545,0.501540040344552,0.996919919310896,0.6931424371039194,null,0.1,25,147,0.5,6,0.9770197894276028,0.08971936794178838,0.7218754289651473,0.8494476091963751,null,null,null
branin,optimized_iso_gpc,classifier_gated_diversity,classifier_gated_diversity,4,31,36,37,93,5.931759049600647,False,True,True,88,0.4998721195939605,0.999744239187921,0.6931471478531485,null,0.1,25,147,0.5,0,1.0,0.083810203838637,0.7211802180315382,0.860590109015769,null,null,null
branin,optimized_iso_gpc,classifier_gated_diversity,classifier_gated_diversity,4,32,37,38,249,17.600002424090786,False,False,False,239,0.5045224861479909,0.9909550277040182,0.693106274240249,null,0.1,25,147,0.5,7,0.9558096396332377,0.06771091633582271,0.5666793912986685,0.7612445154659531,null,null,null
branin,optimized_iso_gpc,classifier_gated_diversity,classifier_gated_diversity,4,33,38,39,370,3.1598204593881007,True,True,True,358,0.49399220729979554,0.9879844145995911,0.693074991676593,null,0.1,25,147,0.5,8,0.9371960593177808,0.06822230253555615,0.5768857885790029,0.7570409239483918,null,null,null
branin,optimized_iso_gpc,classifier_gated_diversity,classifier_gated_diversity,4,34,39,40,999,34.91040689580487,False,False,False,975,0.5063020835228365,0.9873958329543271,0.6930677459431793,null,0.1,25,147,0.5,6,0.9476693109619848,0.11245747358344675,1.0,0.9738346554809925,null,null,null
branin,optimized_iso_gpc,classifier_gated_diversity,classifier_gated_diversity,4,35,40,41,1396,7.68789490574979,False,True,True,1357,0.5143706244185502,0.9712587511628996,0.6927340939842805,null,0.1,25,146,0.5,24,0.8300751619129974,0.08173168679076954,0.8720545354922485,0.8510648487026229,null,null,null
branin,optimized_iso_gpc,classifier_gated_diversity,classifier_gated_diversity,4,36,41,42,529,2.1181881460804206,True,True,True,514,0.500375980194262,0.999248039611476,0.6931468978377058,null,0.1,25,146,0.5,0,1.0,0.07149467971754422,0.6644694392019788,0.8322347196009894,null,null,null
branin,optimized_iso_gpc,classifier_gated_diversity,classifier_gated_diversity,4,37,42,43,582,4.572612616699175,True,True,True,565,0.5098195120466826,0.9803609759066347,0.692954322527883,null,0.1,25,146,0.5,13,0.8898365123351238,0.06874635504398671,0.7159455377658761,0.8028910250504999,null,null,null
branin,optimized_iso_gpc,classifier_gated_diversity,classifier_gated_diversity,4,38,43,44,87,8.172522157257049,False,True,True,83,0.5070424396643531,0.9859151206712937,0.6930479853671544,null,0.1,25,146,0.5,7,0.9388022677587623,0.07129933564993425,0.742433370523199,0.8406178191409807,null,null,null
branin,optimized_iso_gpc,classifier_gated_diversity,classifier_gated_diversity,4,39,44,45,200,8.490799026485082,False,True,True,190,0.49887225765094456,0.9977445153018891,0.693144636952177,null,0.1,25,146,0.5,2,0.9936054604047254,0.05871511938605985,0.6266866995916889,0.8101460799982072,null,null,null
branin,optimized_iso_gpc,classifier_gated_diversity,classifier_gated_diversity,4,40,45,46,306,3.7367592989445626,True,True,True,293,0.4978288787470939,0.9956577574941878,0.6931377529953293,null,0.1,25,146,0.5,0,1.0,0.06077651385532092,0.7254161067111662,0.8627080533555831,null,null,null
branin,optimized_iso_gpc,classifier_gated_diversity,classifier_gated_diversity,4,41,46,47,2,8.50684141686876,False,True,True,2,0.470992180668496,0.941984361336992,0.691463328063058,null,0.1,25,146,0.5,32,0.7245395103620554,0.07984177116223713,0.9522412709494332,0.8383903906557444,null,null,null
branin,optimized_iso_gpc,classifier_gated_diversity,classifier_gated_diversity,4,42,47,48,626,5.721380413714385,False,True,True,603,0.49908434495112197,0.9981686899022439,0.6931455037106711,null,0.1,25,146,0.5,1,0.9958190331765131,0.054982175157294824,0.6378555858160198,0.8168373094962664,null,null,null
branin,optimized_iso_gpc,classifier_gated_diversity,classifier_gated_diversity,4,43,48,49,81,2.632605477205523,True,True,True,76,0.49896652226786764,0.9979330445357353,0.6931450444059787,null,0.1,25,146,0.5,0,1.0,0.03693603570238297,0.1097196672948136,0.5548598336474068,null,null,null
branin,optimized_iso_gpc,classifier_gated_diversity,classifier_gated_diversity,4,44,49,50,477,18.70170862364659,False,False,False,459,0.41147598090219617,0.8229519618043923,0.6773912513872973,null,0.1,25,146,0.5,107,0.1690054420586282,0.25782972783625824,1.0,0.5845027210293141,null,null,null
branin,optimized_iso_gpc,classifier_uncertainty_repulsion,classifier_uncertainty_repulsion,4,1,6,7,1263,4.095593901974539,True,True,True,1258,0.4995597072079636,0.9991194144159272,0.6931467928444097,null,0.1,25,150,null,1,0.9997189016567806,null,null,0.9787710319979116,0.15,0.417066749348661,0.9790462402739878
branin,optimized_iso_gpc,classifier_uncertainty_repulsion,classifier_uncertainty_repulsion,4,2,7,8,80,57.94220409626675,False,False,False,79,0.4991969738684514,0.9983939477369028,0.693145890857455,null,0.1,25,150,null,4,0.9857986853026629,null,null,0.7633884599257218,0.15,0.258847035886182,0.7743857557401225
branin,optimized_iso_gpc,classifier_uncertainty_repulsion,classifier_uncertainty_repulsion,4,3,8,9,809,2.6988652668607003,True,True,True,805,0.5015095313533342,0.9969809372933316,0.6931426231832087,null,0.1,25,150,null,2,0.9917200465361357,null,null,0.7655934596424562,0.15,0.25792550333240816,0.7719854633538055
branin,optimized_iso_gpc,classifier_uncertainty_repulsion,classifier_uncertainty_repulsion,4,4,9,10,128,23.649676955755005,False,False,False,125,0.49806455225140267,0.9961291045028053,0.6931396886252605,null,0.1,25,150,null,1,0.9790618032748319,null,null,0.6230202648176933,0.15,0.21335330182531728,0.636344164110757
branin,optimized_iso_gpc,classifier_uncertainty_repulsion,classifier_uncertainty_repulsion,4,5,10,11,106,16.732552430596805,False,False,False,104,0.503425295978098,0.9931494080438039,0.6931237150713265,null,0.1,25,149,null,8,0.9547615294686719,null,null,0.5341229391222083,0.15,0.19205713120978402,0.5594307297021588
branin,optimized_iso_gpc,classifier_uncertainty_repulsion,classifier_uncertainty_repulsion,4,6,11,12,1182,272.51372207838523,False,False,False,1173,0.475326784744432,0.950653569488864,0.6919291508453493,null,0.1,25,149,null,46,0.6257240063193722,null,null,0.6242778768289595,0.15,0.5226383475761086,0.9976888700516396
branin,optimized_iso_gpc,classifier_uncertainty_repulsion,classifier_uncertainty_repulsion,4,7,12,13,720,13.865057031843293,False,False,False,714,0.5019463205314181,0.9961073589371638,0.6931396042135896,null,0.1,25,149,null,9,0.9563624952706519,null,null,0.9069288762058566,0.15,0.3651202303230724,0.9483107929166488
branin,optimized_iso_gpc,classifier_uncertainty_repulsion,classifier_uncertainty_repulsion,4,8,13,14,296,10.473338801184298,False,False,True,291,0.5009296592798214,0.9981406814403573,0.6931454520261963,null,0.1,25,149,null,6,0.9760198166223786,null,null,0.9020851528924637,0.15,0.3407543835811836,0.9242488088143808
branin,optimized_iso_gpc,classifier_uncertainty_repulsion,classifier_uncertainty_repulsion,4,9,14,15,1352,125.62208708932084,False,False,False,1338,0.5018577965784679,0.9962844068430643,0.6931402777278083,null,0.1,25,149,null,7,0.9515367300900052,null,null,0.8162805413034896,0.15,0.29629519504858265,0.8578549996974665
branin,optimized_iso_gpc,classifier_uncertainty_repulsion,classifier_uncertainty_repulsion,4,10,15,16,89,8.382359318092423,False,True,True,87,0.49802460213568045,0.9960492042713609,0.6931393761461977,null,0.1,25,149,null,6,0.928646491913849,null,null,0.5283245483347422,0.15,0.19459100092574116,0.568918908255301
branin,optimized_iso_gpc,classifier_uncertainty_repulsion,classifier_uncertainty_repulsion,4,11,16,17,1433,6.557109465875751,False,True,True,1417,0.49955074639960084,0.9991014927992017,0.6931467769022961,null,0.1,25,149,null,2,0.992367905798059,null,null,0.6117501806444289,0.15,0.20766181008444554,0.6164550234546948
branin,optimized_iso_gpc,classifier_uncertainty_repulsion,classifier_uncertainty_repulsion,4,12,17,18,1348,10.583909988799,False,False,True,1334,0.501229913191946,0.997540173616108,0.6931441551839749,null,0.1,25,149,null,6,0.9704692321619666,null,null,0.48926824612928665,0.15,0.17767177593100736,0.5041563708715602
branin,optimized_iso_gpc,classifier_uncertainty_repulsion,classifier_uncertainty_repulsion,4,13,18,19,398,15.256224060161067,False,False,False,391,0.49634648900823297,0.9926929780164659,0.6931204840372425,null,0.1,25,149,null,12,0.9544122169578175,null,null,0.36372967886496427,0.15,0.14694135956156304,0.38110333501843696
branin,optimized_iso_gpc,classifier_uncertainty_repulsion,classifier_uncertainty_repulsion,4,14,19,20,1412,26.512213431594525,False,False,False,1394,0.4870015433201971,0.9740030866403941,0.6928092227342855,null,0.1,25,149,null,26,0.8388957484268337,null,null,0.3941497086415602,0.15,0.16898590439852243,0.46984349292591143
branin,optimized_iso_gpc,classifier_uncertainty_repulsion,classifier_uncertainty_repulsion,4,15,20,21,1200,33.16625155218216,False,False,False,1186,0.4911617283104306,0.9823234566208612,0.6929909423300638,null,0.1,25,148,null,17,0.8819099663794379,null,null,0.28347156636994947,0.15,0.132096506107636,0.32142914489752694
branin,optimized_iso_gpc,classifier_uncertainty_repulsion,classifier_uncertainty_repulsion,4,16,21,22,1461,19.41076149284327,False,False,False,1440,0.49454497022698796,0.9890899404539759,0.6930876646795736,null,0.1,25,148,null,15,0.8359129664589441,null,null,0.2656130916527193,0.15,0.13117277990014,0.317752089404591
branin,optimized_iso_gpc,classifier_uncertainty_repulsion,classifier_uncertainty_repulsion,4,17,22,23,713,3.6603621688039283,True,True,True,704,0.5008283999566581,0.9983432000866839,0.6931458080663411,null,0.1,25,148,null,2,0.9887142962195581,null,null,0.2600400938922797,0.15,0.11718805784351531,0.26300832797357887
branin,optimized_iso_gpc,classifier_uncertainty_repulsion,classifier_uncertainty_repulsion,4,18,23,24,751,51.03070930454098,False,False,False,740,0.5176872726370121,0.9646254547259758,0.6925213707764146,null,0.1,25,148,null,26,0.7520889971318637,null,null,0.23750028115935998,0.15,0.1306786178237265,0.3157874693887046
branin,optimized_iso_gpc,classifier_uncertainty_repulsion,classifier_uncertainty_repulsion,4,19,24,25,511,23.295211053289893,False,False,False,502,0.4964903859262586,0.9929807718525172,0.6931225455757573,null,0.1,25,148,null,39,0.7935508636218056,null,null,0.30468489464599935,0.15,0.14764591944771185,0.3839513112686972
branin,optimized_iso_gpc,classifier_uncertainty_repulsion,classifier_uncertainty_repulsion,4,20,25,26,17,25.372729493104153,False,False,False,17,0.4992667219698641,0.9985334439397282,0.6931461051662209,null,0.1,25,148,null,1,0.9996383001544406,null,null,0.21979517653904412,0.15,0.10570493461627466,0.2198747051859523
branin,optimized_iso_gpc,classifier_uncertainty_repulsion,classifier_uncertainty_repulsion,4,21,26,27,560,23.461468459664182,False,False,False,549,0.4896818887415577,0.9793637774831154,0.6929342386048741,null,0.1,25,148,null,14,0.8746368508524794,null,null,0.23799367866574045,0.15,0.11954904828715622,0.27210570699573877
branin,optimized_iso_gpc,classifier_uncertainty_repulsion,classifier_uncertainty_repulsion,4,22,27,28,919,17.11879565524937,False,False,False,903,0.5047218179785311,0.9905563640429378,0.6931025887670873,null,0.1,25,148,null,23,0.8747913231518791,null,null,0.22868612709285022,0.15,0.1167734416800245,0.2614179188116459
branin,optimized_iso_gpc,classifier_uncertainty_repulsion,classifier_uncertainty_repulsion,4,23,28,29,463,11.272964586786898,False,False,True,454,0.506714803666517,0.986570392666966,0.6930570006725489,null,0.1,25,148,null,10,0.9114528849907967,null,null,0.15987419107178688,0.15,0.09316050272909332,0.17540587528383456
branin,optimized_iso_gpc,classifier_uncertainty_repulsion,classifier_uncertainty_repulsion,4,24,29,30,567,4.596414958909321,True,True,True,554,0.5035157302746285,0.992968539450743,0.6931224596375087,null,0.1,25,148,null,9,0.9587280073774364,null,null,0.21457485655899372,0.15,0.10677651821567795,0.22381202479518147
branin,optimized_iso_gpc,classifier_uncertainty_repulsion,classifier_uncertainty_repulsion,4,25,30,31,626,5.721380413714385,False,True,True,612,0.48840189064235773,0.9768037812847155,0.6928781241472848,null,0.1,25,147,null,18,0.8711539305868352,null,null,0.18633029228762346,0.15,0.10406527094466934,0.21388905650934253
branin,optimized_iso_gpc,classifier_uncertainty_repulsion,classifier_uncertainty_repulsion,4,26,31,32,200,8.490799026485082,False,True,True,193,0.5061834747573126,0.9876330504853748,0.6930707078904204,null,0.1,25,147,null,14,0.9198213298000502,null,null,0.1821539180137184,0.15,0.09965383702251326,0.19803184826483078
branin,optimized_iso_gpc,classifier_uncertainty_repulsion,classifier_uncertainty_repulsion,4,27,32,33,1343,10.660850499514474,False,False,True,1317,0.4937005809502786,0.9874011619005572,0.6930678130994639,null,0.1,25,147,null,15,0.9394208136177379,null,null,0.13754252636123576,0.15,0.08440261409879944,0.14641204917693418
branin,optimized_iso_gpc,classifier_uncertainty_repulsion,classifier_uncertainty_repulsion,4,28,33,34,385,5.186024386444146,False,True,True,376,0.48226808799604726,0.9645361759920945,0.6925182072731184,null,0.1,25,147,null,34,0.809067881550004,null,null,0.15991827967810568,0.15,0.09954839476735673,0.1976574318730041
branin,optimized_iso_gpc,classifier_uncertainty_repulsion,classifier_uncertainty_repulsion,4,29,34,35,177,3.0829577342454613,True,True,True,170,0.4981815865740242,0.9963631731480485,0.6931405672905913,null,0.1,25,147,null,5,0.9605211921895671,null,null,0.24993344143856844,0.15,0.1164571251839253,0.26020606673844415
branin,optimized_iso_gpc,classifier_uncertainty_repulsion,classifier_uncertainty_repulsion,4,30,35,36,170,11.986189618741928,False,False,True,163,0.4986515845696662,0.9973031691393324,0.6931435441071918,null,0.1,25,147,null,5,0.956174162014648,null,null,0.3130227980260065,0.15,0.13358592319026208,0.327370065476849
branin,optimized_iso_gpc,classifier_uncertainty_repulsion,classifier_uncertainty_repulsion,4,31,36,37,1344,14.63233267860262,False,False,False,1314,0.5025624932720341,0.9948750134559319,0.6931340477589166,null,0.1,25,147,null,9,0.9496122577585773,null,null,0.27788338498207144,0.15,0.12481567610300472,0.2926282624425838
branin,optimized_iso_gpc,classifier_uncertainty_repulsion,classifier_uncertainty_repulsion,4,32,37,38,1026,3.522747396183064,True,True,True,1001,0.5191022831942576,0.9617954336114849,0.6924172084764353,null,0.1,25,147,null,37,0.7246085024416326,null,null,0.11889317622252046,0.15,0.08980513789665802,0.1640791901032066
branin,optimized_iso_gpc,classifier_uncertainty_repulsion,classifier_uncertainty_repulsion,4,33,38,39,1303,7.231149809165402,False,True,True,1273,0.5007173594537357,0.9985652810925285,0.6931461513504205,null,0.1,25,147,null,3,0.9936179997757537,null,null,0.12146609978462414,0.15,0.07659970583578746,0.12224627554254996
branin,optimized_iso_gpc,classifier_uncertainty_repulsion,classifier_uncertainty_repulsion,4,34,39,40,256,28.625122840029192,False,False,False,246,0.4799593198687404,0.9599186397374808,0.6923437076270496,null,0.1,25,147,null,30,0.7724189964684964,null,null,0.1299948067815765,0.15,0.0910633006516497,0.1682957143414564
branin,optimized_iso_gpc,classifier_uncertainty_repulsion,classifier_uncertainty_repulsion,4,35,40,41,427,5.896749725779721,False,True,True,413,0.4890550033538723,0.9781100067077446,0.6929075755193079,null,0.1,25,146,null,20,0.8685224521407137,null,null,0.09580239644211361,0.15,0.07252204710454517,0.11030503150031656
branin,optimized_iso_gpc,classifier_uncertainty_repulsion,classifier_uncertainty_repulsion,4,36,41,42,477,18.70170862364659,False,False,False,461,0.4442025911709493,0.8884051823418986,0.6869074901463397,null,0.1,25,146,null,103,0.35886195916887453,null,null,0.30428833719635434,0.15,0.2911226917469966,0.8479258651462727
branin,optimized_iso_gpc,classifier_uncertainty_repulsion,classifier_uncertainty_repulsion,4,37,42,43,529,2.1181881460804206,True,True,True,510,0.4917473948519415,0.983494789703883,0.6930109633913344,null,0.1,25,146,null,12,0.9068144775536807,null,null,0.09736914818492941,0.15,0.07149467971754422,0.10737493786777952
branin,optimized_iso_gpc,classifier_uncertainty_repulsion,classifier_uncertainty_repulsion,4,38,43,44,1396,7.68789490574979,False,True,True,1356,0.5345897066996201,0.9308205866007597,0.6907523726278437,null,0.1,25,146,null,53,0.617868814823642,null,null,0.08523711441210466,0.15,0.08173168679076954,0.1379534172418685
branin,optimized_iso_gpc,classifier_uncertainty_repulsion,classifier_uncertainty_repulsion,4,39,44,45,79,3.090166445284005,True,True,True,77,0.49582291926719346,0.9916458385343869,0.6931122841471268,null,0.1,25,146,null,6,0.9601826071951393,null,null,0.07699554986470956,0.15,0.06133017812247478,0.08018844466431962
branin,optimized_iso_gpc,classifier_uncertainty_repulsion,classifier_uncertainty_repulsion,4,40,45,46,1371,1.1387862157433517,True,True,True,1330,0.49293846330287217,0.9858769266057443,0.6930474466432335,null,0.1,25,146,null,11,0.9303625378413178,null,null,0.09544968617851687,0.15,0.06979336899621126,0.10259407735825743
branin,optimized_iso_gpc,classifier_uncertainty_repulsion,classifier_uncertainty_repulsion,4,41,46,47,798,2.6174863544806684,True,True,True,771,0.48596064509570525,0.9719212901914105,0.6927529217716327,null,0.1,25,146,null,18,0.8830048091420992,null,null,0.07135706328037429,0.15,0.061578320166694366,0.080811636065383
branin,optimized_iso_gpc,classifier_uncertainty_repulsion,classifier_uncertainty_repulsion,4,42,47,48,1341,4.761141064297199,True,True,True,1304,0.48362071691082775,0.9672414338216555,0.6926105227234989,null,0.1,25,146,null,15,0.8566049800887775,null,null,0.07270457819937787,0.15,0.06317650456071877,0.08487526910226795
branin,optimized_iso_gpc,classifier_uncertainty_repulsion,classifier_uncertainty_repulsion,4,43,48,49,1145,12.799059613153826,False,False,True,1112,0.4548691597440211,0.9097383194880422,0.6890680456042199,null,0.1,25,146,null,50,0.580789468527192,null,null,0.07016749870025449,0.15,0.07611928775456721,0.12081399974105989
branin,optimized_iso_gpc,classifier_uncertainty_repulsion,classifier_uncertainty_repulsion,4,44,49,50,305,7.742707132959772,False,True,True,292,0.48615342414465346,0.9723068482893069,0.6927636762064058,null,0.1,25,146,null,11,0.8761315477543862,null,null,0.0671794816692182,0.15,0.05991616036882877,0.07667739147323938
branin,optimized_ard_gpc,random,random,4,1,6,7,266,116.95731203492022,False,False,False,264,0.41371377353030425,0.8274275470606085,0.6781817497894969,null,null,null,null,null,null,null,null,null,null,null,null,null
branin,optimized_ard_gpc,random,random,4,2,7,8,15,21.976974451474348,False,False,False,15,0.487498178915736,0.974996357831472,0.6928345569198945,null,null,null,null,null,null,null,null,null,null,null,null,null
branin,optimized_ard_gpc,random,random,4,3,8,9,1200,33.16625155218216,False,False,False,1193,0.42904044098457916,0.8580808819691583,0.6830425820935629,null,null,null,null,null,null,null,null,null,null,null,null,null
branin,optimized_ard_gpc,random,random,4,4,9,10,459,10.420490335560615,False,False,True,455,0.6810930983901926,0.6378138032196148,0.6260427636179305,null,null,null,null,null,null,null,null,null,null,null,null,null
branin,optimized_ard_gpc,random,random,4,5,10,11,440,89.98970462310356,False,False,False,436,0.44437820558829344,0.8887564111765869,0.6869467869387768,null,null,null,null,null,null,null,null,null,null,null,null,null
branin,optimized_ard_gpc,random,random,4,6,11,12,539,7.766951404639524,False,True,True,532,0.24669360120583406,0.4933872024116681,0.5586734551977934,null,null,null,null,null,null,null,null,null,null,null,null,null
branin,optimized_ard_gpc,random,random,4,7,12,13,610,14.558078658632187,False,False,False,602,0.7863743713218128,0.4272512573563745,0.5187209062290756,null,null,null,null,null,null,null,null,null,null,null,null,null
branin,optimized_ard_gpc,random,random,4,8,13,14,230,86.27927614991235,False,False,False,227,0.5848569000126531,0.8302861999746938,0.6786758512778763,null,null,null,null,null,null,null,null,null,null,null,null,null
branin,optimized_ard_gpc,random,random,4,9,14,15,1383,17.608712533028587,False,False,False,1369,0.31892152294557263,0.6378430458911453,0.6260538577923117,null,null,null,null,null,null,null,null,null,null,null,null,null
branin,optimized_ard_gpc,random,random,4,10,15,16,117,14.124101572276345,False,False,False,115,0.19394058831926486,0.3878811766385297,0.4918866727400176,null,null,null,null,null,null,null,null,null,null,null,null,null
branin,optimized_ard_gpc,random,random,4,11,16,17,49,16.608235257856855,False,False,False,47,0.3888810800899307,0.7777621601798614,0.668244948075285,null,null,null,null,null,null,null,null,null,null,null,null,null
branin,optimized_ard_gpc,random,random,4,12,17,18,368,19.962138835726797,False,False,False,361,0.26141252149909633,0.5228250429981927,0.5745291911987056,null,null,null,null,null,null,null,null,null,null,null,null,null
branin,optimized_ard_gpc,random,random,4,13,18,19,132,154.51739038627673,False,False,False,127,0.6717387787383586,0.6565224425232827,0.6329404154050713,null,null,null,null,null,null,null,null,null,null,null,null,null
branin,optimized_ard_gpc,random,random,4,14,19,20,598,104.7597276462804,False,False,False,585,0.7795283115103757,0.44094337697924857,0.5275043137426478,null,null,null,null,null,null,null,null,null,null,null,null,null
branin,optimized_ard_gpc,random,random,4,15,20,21,659,26.81617955201647,False,False,False,644,0.3442642100840203,0.6885284201680406,0.6438234693110287,null,null,null,null,null,null,null,null,null,null,null,null,null
branin,optimized_ard_gpc,random,random,4,16,21,22,281,17.123859747161806,False,False,False,273,0.2994844737970084,0.5989689475940168,0.6104268648195649,null,null,null,null,null,null,null,null,null,null,null,null,null
branin,optimized_ard_gpc,random,random,4,17,22,23,608,27.40723216944128,False,False,False,593,0.2723710351323234,0.5447420702646468,0.5856028900553584,null,null,null,null,null,null,null,null,null,null,null,null,null
branin,optimized_ard_gpc,random,random,4,18,23,24,367,4.365513072596965,True,True,True,358,0.3417197955842539,0.6834395911685078,0.6421696234801144,null,null,null,null,null,null,null,null,null,null,null,null,null
branin,optimized_ard_gpc,random,random,4,19,24,25,1195,37.68288777389472,False,False,False,1174,0.8148342681218992,0.37033146375620163,0.479136800566146,null,null,null,null,null,null,null,null,null,null,null,null,null
branin,optimized_ard_gpc,random,random,4,20,25,26,1268,9.527533857448852,False,False,True,1245,0.16416197098112661,0.32832394196225323,0.44650738084054925,null,null,null,null,null,null,null,null,null,null,null,null,null
branin,optimized_ard_gpc,random,random,4,21,26,27,1023,48.90019536097921,False,False,False,1003,0.7545316824073893,0.49093663518522135,0.557301596631725,null,null,null,null,null,null,null,null,null,null,null,null,null
branin,optimized_ard_gpc,random,random,4,22,27,28,1047,26.60780313054718,False,False,False,1026,0.3517078019168025,0.703415603833605,0.648497430092019,null,null,null,null,null,null,null,null,null,null,null,null,null
branin,optimized_ard_gpc,random,random,4,23,28,29,468,18.511994050610717,False,False,False,455,0.2910688410394755,0.582137682078951,0.6031059336060514,null,null,null,null,null,null,null,null,null,null,null,null,null
branin,optimized_ard_gpc,random,random,4,24,29,30,951,14.56494410269318,False,False,False,931,0.16039461497780394,0.3207892299556079,0.4403236621029143,null,null,null,null,null,null,null,null,null,null,null,null,null
branin,optimized_ard_gpc,random,random,4,25,30,31,851,73.8905239523047,False,False,False,831,0.9060934376487921,0.18781312470241573,0.3114842010599836,null,null,null,null,null,null,null,null,null,null,null,null,null
branin,optimized_ard_gpc,random,random,4,26,31,32,300,55.507412380990075,False,False,False,291,0.789007623383327,0.42198475323334605,0.5152685309540608,null,null,null,null,null,null,null,null,null,null,null,null,null
branin,optimized_ard_gpc,random,random,4,27,32,33,880,49.30189682813065,False,False,False,858,0.9227949313566342,0.1544101372867317,0.2718895368202192,null,null,null,null,null,null,null,null,null,null,null,null,null
branin,optimized_ard_gpc,random,random,4,28,33,34,79,3.090166445284005,True,True,True,76,0.23676318751370218,0.47352637502740436,0.5473201119057717,null,null,null,null,null,null,null,null,null,null,null,null,null
branin,optimized_ard_gpc,random,random,4,29,34,35,113,32.88969759811424,False,False,False,109,0.8107497667527923,0.3785004664944154,0.48513396704938405,null,null,null,null,null,null,null,null,null,null,null,null,null
branin,optimized_ard_gpc,random,random,4,30,35,36,1132,91.96856932421139,False,False,False,1102,0.9382869840821968,0.12342603183560641,0.23165516040020345,null,null,null,null,null,null,null,null,null,null,null,null,null
branin,optimized_ard_gpc,random,random,4,31,36,37,1343,10.660850499514474,False,False,True,1309,0.2617496112472395,0.523499222494479,0.5748790118639345,null,null,null,null,null,null,null,null,null,null,null,null,null
branin,optimized_ard_gpc,random,random,4,32,37,38,1229,11.05362253288775,False,False,True,1196,0.11926512217382879,0.23853024434765757,0.36545823696913715,null,null,null,null,null,null,null,null,null,null,null,null,null
branin,optimized_ard_gpc,random,random,4,33,38,39,576,28.00529596174225,False,False,False,557,0.12513068609689526,0.2502613721937905,0.3770243866072651,null,null,null,null,null,null,null,null,null,null,null,null,null
branin,optimized_ard_gpc,random,random,4,34,39,40,302,5.326402800259174,False,True,True,290,0.21698287014055495,0.4339657402811099,0.5230626697985034,null,null,null,null,null,null,null,null,null,null,null,null,null
branin,optimized_ard_gpc,random,random,4,35,40,41,1147,20.75846126788948,False,False,False,1114,0.23154349841468047,0.46308699682936094,0.541134652332092,null,null,null,null,null,null,null,null,null,null,null,null,null
branin,optimized_ard_gpc,random,random,4,36,41,42,534,13.281287910837692,False,False,False,515,0.36478521957144494,0.7295704391428899,0.656121841242422,null,null,null,null,null,null,null,null,null,null,null,null,null
branin,optimized_ard_gpc,random,random,4,37,42,43,1341,4.761141064297199,True,True,True,1302,0.3008906729156138,0.6017813458312276,0.6116170795712983,null,null,null,null,null,null,null,null,null,null,null,null,null
branin,optimized_ard_gpc,random,random,4,38,43,44,273,14.267788179975105,False,False,False,263,0.18353269052909127,0.36706538105818254,0.4767082107696373,null,null,null,null,null,null,null,null,null,null,null,null,null
branin,optimized_ard_gpc,random,random,4,39,44,45,1335,193.45773942471362,False,False,False,1295,0.8115540349065213,0.3768919301869573,0.483961735705006,null,null,null,null,null,null,null,null,null,null,null,null,null
branin,optimized_ard_gpc,random,random,4,40,45,46,657,53.908024716524636,False,False,False,631,0.7985437261118022,0.4029125477763955,0.5024146325415888,null,null,null,null,null,null,null,null,null,null,null,null,null
branin,optimized_ard_gpc,random,random,4,41,46,47,1089,21.503099516718308,False,False,False,1054,0.1989050061887383,0.3978100123774766,0.4988806877375901,null,null,null,null,null,null,null,null,null,null,null,null,null
branin,optimized_ard_gpc,random,random,4,42,47,48,1269,10.63513715113546,False,False,True,1227,0.09614506994671501,0.19229013989343002,0.31652930623395453,null,null,null,null,null,null,null,null,null,null,null,null,null
branin,optimized_ard_gpc,random,random,4,43,48,49,486,31.718561692790296,False,False,False,467,0.7158422449991235,0.568315510001753,0.5968374115985281,null,null,null,null,null,null,null,null,null,null,null,null,null
branin,optimized_ard_gpc,random,random,4,44,49,50,844,10.703906521140816,False,False,True,815,0.38568751306917193,0.7713750261383439,0.6667799192896388,null,null,null,null,null,null,null,null,null,null,null,null,null
branin,optimized_ard_gpc,classifier_margin,classifier_margin,4,1,6,7,409,22.48457145560475,False,False,False,407,0.49792870460027583,0.9958574092005517,0.6931386000061375,null,null,null,null,null,null,null,null,null,null,null,null,null
branin,optimized_ard_gpc,classifier_margin,classifier_margin,4,2,7,8,542,14.185718138774126,False,False,False,538,0.49945837531425075,0.9989167506285015,0.6931465938452301,null,null,null,null,null,null,null,null,null,null,null,null,null
branin,optimized_ard_gpc,classifier_margin,classifier_margin,4,3,8,9,38,11.87114781386408,False,False,True,37,0.5001289239312667,0.9997421521374665,0.6931471473171849,null,null,null,null,null,null,null,null,null,null,null,null,null
branin,optimized_ard_gpc,classifier_margin,classifier_margin,4,4,9,10,1027,14.973501520925367,False,False,False,1020,0.4995682692798684,0.9991365385597368,0.6931468077770696,null,null,null,null,null,null,null,null,null,null,null,null,null
branin,optimized_ard_gpc,classifier_margin,classifier_margin,4,5,10,11,1393,35.16990837761017,False,False,False,1383,0.5005980483711869,0.9988039032576261,0.6931464652360662,null,null,null,null,null,null,null,null,null,null,null,null,null
branin,optimized_ard_gpc,classifier_margin,classifier_margin,4,6,11,12,1195,37.68288777389472,False,False,False,1186,0.49969300251662285,0.9993860050332457,0.693146992065024,null,null,null,null,null,null,null,null,null,null,null,null,null
branin,optimized_ard_gpc,classifier_margin,classifier_margin,4,7,12,13,1055,12.132009015017715,False,False,True,1047,0.5001766071346752,0.9996467857306497,0.6931471181797839,null,null,null,null,null,null,null,null,null,null,null,null,null
branin,optimized_ard_gpc,classifier_margin,classifier_margin,4,8,13,14,405,14.714196685548771,False,False,False,402,0.49990677782321313,0.9998135556464263,0.6931471631791968,null,null,null,null,null,null,null,null,null,null,null,null,null
branin,optimized_ard_gpc,classifier_margin,classifier_margin,4,9,14,15,1368,15.145125751767374,False,False,False,1355,0.5002506253311656,0.9994987493376688,0.6931470549338268,null,null,null,null,null,null,null,null,null,null,null,null,null
branin,optimized_ard_gpc,classifier_margin,classifier_margin,4,10,15,16,291,44.21759038837928,False,False,False,288,0.4976831537249202,0.9953663074498404,0.6931364449682029,null,null,null,null,null,null,null,null,null,null,null,null,null
branin,optimized_ard_gpc,classifier_margin,classifier_margin,4,11,16,17,558,6.440111529471352,False,True,True,550,0.5005530243593272,0.9988939512813455,0.6931465688879366,null,null,null,null,null,null,null,null,null,null,null,null,null
branin,optimized_ard_gpc,classifier_margin,classifier_margin,4,12,17,18,741,15.663099058488015,False,False,False,732,0.4994316837191144,0.9988633674382288,0.6931465345930159,null,null,null,null,null,null,null,null,null,null,null,null,null
branin,optimized_ard_gpc,classifier_margin,classifier_margin,4,13,18,19,897,10.216049389427049,False,False,True,887,0.4999889412647204,0.9999778825294408,0.693147180315354,null,null,null,null,null,null,null,null,null,null,null,null,null
branin,optimized_ard_gpc,classifier_margin,classifier_margin,4,14,19,20,42,3.1670635494441655,True,True,True,40,0.49981542870377876,0.9996308574075575,0.693147112426817,null,null,null,null,null,null,null,null,null,null,null,null,null
branin,optimized_ard_gpc,classifier_margin,classifier_margin,4,15,20,21,484,1.440439731736987,True,True,True,477,0.5019181270664026,0.9961637458671948,0.6931398221190107,null,null,null,null,null,null,null,null,null,null,null,null,null
branin,optimized_ard_gpc,classifier_margin,classifier_margin,4,16,21,22,1030,15.9064109527492,False,False,False,1015,0.49992141329249173,0.9998428265849835,0.693147168208204,null,null,null,null,null,null,null,null,null,null,null,null,null
branin,optimized_ard_gpc,classifier_margin,classifier_margin,4,17,22,23,1476,18.217282149650323,False,False,False,1454,0.5006931469385842,0.9986137061228315,0.6931462196542806,null,null,null,null,null,null,null,null,null,null,null,null,null
branin,optimized_ard_gpc,classifier_margin,classifier_margin,4,18,23,24,1330,7.700740203924081,False,True,True,1311,0.500240451232397,0.999519097535206,0.6931470649263505,null,null,null,null,null,null,null,null,null,null,null,null,null
branin,optimized_ard_gpc,classifier_margin,classifier_margin,4,19,24,25,1101,2.154487916309048,True,True,True,1083,0.500248683668323,0.999502632663354,0.6931470568728064,null,null,null,null,null,null,null,null,null,null,null,null,null
branin,optimized_ard_gpc,classifier_margin,classifier_margin,4,20,25,26,935,7.887521865007855,False,True,True,922,0.49998399030284735,0.9999679806056947,0.6931471800473246,null,null,null,null,null,null,null,null,null,null,null,null,null
branin,optimized_ard_gpc,classifier_margin,classifier_margin,4,21,26,27,1247,25.544508990299725,False,False,False,1226,0.5001223599485363,0.9997552801029275,0.693147150616031,null,null,null,null,null,null,null,null,null,null,null,null,null
branin,optimized_ard_gpc,classifier_margin,classifier_margin,4,22,27,28,423,14.440735939108869,False,False,False,416,0.5002409137279133,0.9995181725441733,0.6931470644810922,null,null,null,null,null,null,null,null,null,null,null,null,null
branin,optimized_ard_gpc,classifier_margin,classifier_margin,4,23,28,29,826,1.5705404498538513,True,True,True,813,0.4994528019571276,0.9989056039142552,0.6931465817084295,null,null,null,null,null,null,null,null,null,null,null,null,null
branin,optimized_ard_gpc,classifier_margin,classifier_margin,4,24,29,30,700,1.3651764443519738,True,True,True,688,0.49840766385768376,0.9968153277153675,0.6931421094825931,null,null,null,null,null,null,null,null,null,null,null,null,null
branin,optimized_ard_gpc,classifier_margin,classifier_margin,4,25,30,31,1316,11.286110299896343,False,False,True,1291,0.49733805297186695,0.9946761059437339,0.6931330085690356,null,null,null,null,null,null,null,null,null,null,null,null,null
branin,optimized_ard_gpc,classifier_margin,classifier_margin,4,26,31,32,1298,3.7018699034647184,True,True,True,1273,0.4984509278698921,0.9969018557397842,0.693142381303339,null,null,null,null,null,null,null,null,null,null,null,null,null
branin,optimized_ard_gpc,classifier_margin,classifier_margin,4,27,32,33,534,13.281287910837692,False,False,False,524,0.5005514118536492,0.9988971762927017,0.6931465724497574,null,null,null,null,null,null,null,null,null,null,null,null,null
branin,optimized_ard_gpc,classifier_margin,classifier_margin,4,28,33,34,991,5.338308310746314,False,True,True,972,0.4996002629888183,0.9992005259776366,0.6931468609805551,null,null,null,null,null,null,null,null,null,null,null,null,null
branin,optimized_ard_gpc,classifier_margin,classifier_margin,4,29,34,35,614,0.23545640567608572,True,True,True,601,0.4984372041536478,0.9968744083072956,0.6931422958902771,null,null,null,null,null,null,null,null,null,null,null,null,null
branin,optimized_ard_gpc,classifier_margin,classifier_margin,4,30,35,36,674,0.9476670727025436,True,True,True,660,0.4979923554709158,0.9959847109418316,0.6931391192651735,null,null,null,null,null,null,null,null,null,null,null,null,null
branin,optimized_ard_gpc,classifier_margin,classifier_margin,4,31,36,37,63,20.031028454425098,False,False,False,60,0.5006673595226447,0.9986652809547105,0.6931462898222159,null,null,null,null,null,null,null,null,null,null,null,null,null
branin,optimized_ard_gpc,classifier_margin,classifier_margin,4,32,37,38,838,3.7455580244839624,True,True,True,819,0.5007185508619043,0.9985628982761914,0.6931461479289076,null,null,null,null,null,null,null,null,null,null,null,null,null
branin,optimized_ard_gpc,classifier_margin,classifier_margin,4,33,38,39,351,1.4751609637152256,True,True,True,345,0.4998345764292695,0.999669152858539,0.6931471258300288,null,null,null,null,null,null,null,null,null,null,null,null,null
branin,optimized_ard_gpc,classifier_margin,classifier_margin,4,34,39,40,1312,2.86531914761197,True,True,True,1279,0.5039782302159317,0.9920435395681366,0.6931155275946719,null,null,null,null,null,null,null,null,null,null,null,null,null
branin,optimized_ard_gpc,classifier_margin,classifier_margin,4,35,40,41,944,6.638175581096974,False,True,True,921,0.5009739245278129,0.9980521509443743,0.693145283500774,null,null,null,null,null,null,null,null,null,null,null,null,null
branin,optimized_ard_gpc,classifier_margin,classifier_margin,4,36,41,42,776,2.337726693642054,True,True,True,757,0.4995056969422216,0.9990113938844432,0.6931466918888398,null,null,null,null,null,null,null,null,null,null,null,null,null
branin,optimized_ard_gpc,classifier_margin,classifier_margin,4,37,42,43,51,0.491240595506266,True,True,True,48,0.49883626953313964,0.9976725390662793,0.6931444720203009,null,null,null,null,null,null,null,null,null,null,null,null,null
branin,optimized_ard_gpc,classifier_margin,classifier_margin,4,38,43,44,1182,272.51372207838523,False,False,False,1149,0.4949069052169275,0.989813810433855,0.6930953004338178,null,null,null,null,null,null,null,null,null,null,null,null,null
branin,optimized_ard_gpc,classifier_margin,classifier_margin,4,39,44,45,994,46.3946658642912,False,False,False,966,0.5008920506314138,0.9982158987371723,0.693145589050443,null,null,null,null,null,null,null,null,null,null,null,null,null
branin,optimized_ard_gpc,classifier_margin,classifier_margin,4,40,45,46,964,59.568498383601806,False,False,False,937,0.4990904403827523,0.9981808807655046,0.6931455259616381,null,null,null,null,null,null,null,null,null,null,null,null,null
branin,optimized_ard_gpc,classifier_margin,classifier_margin,4,41,46,47,1005,20.03362217471171,False,False,False,975,0.496213790986344,0.992427581972688,0.6931185095285448,null,null,null,null,null,null,null,null,null,null,null,null,null
branin,optimized_ard_gpc,classifier_margin,classifier_margin,4,42,47,48,215,2.3208629450808402,True,True,True,209,0.5008556925880359,0.9982886148239283,0.69314571613962,null,null,null,null,null,null,null,null,null,null,null,null,null
branin,optimized_ard_gpc,classifier_margin,classifier_margin,4,43,48,49,1402,6.7974419835541156,False,True,True,1355,0.5001498811626734,0.9997002376746531,0.6931471356312189,null,null,null,null,null,null,null,null,null,null,null,null,null
branin,optimized_ard_gpc,classifier_margin,classifier_margin,4,44,49,50,508,0.23633119761034393,True,True,True,494,0.499341318735558,0.998682637471116,0.693146312837678,null,null,null,null,null,null,null,null,null,null,null,null,null
branin,optimized_ard_gpc,classifier_entropy,classifier_entropy,4,1,6,7,409,22.48457145560475,False,False,False,407,0.49792870460027583,0.9958574092005517,0.6931386000061375,Binary entropy is monotone-equivalent to classifier margin.,null,null,null,null,null,null,null,null,null,null,null,null
branin,optimized_ard_gpc,classifier_entropy,classifier_entropy,4,2,7,8,542,14.185718138774126,False,False,False,538,0.49945837531425075,0.9989167506285015,0.6931465938452301,Binary entropy is monotone-equivalent to classifier margin.,null,null,null,null,null,null,null,null,null,null,null,null
branin,optimized_ard_gpc,classifier_entropy,classifier_entropy,4,3,8,9,38,11.87114781386408,False,False,True,37,0.5001289239312667,0.9997421521374665,0.6931471473171849,Binary entropy is monotone-equivalent to classifier margin.,null,null,null,null,null,null,null,null,null,null,null,null
branin,optimized_ard_gpc,classifier_entropy,classifier_entropy,4,4,9,10,1027,14.973501520925367,False,False,False,1020,0.4995682692798684,0.9991365385597368,0.6931468077770696,Binary entropy is monotone-equivalent to classifier margin.,null,null,null,null,null,null,null,null,null,null,null,null
branin,optimized_ard_gpc,classifier_entropy,classifier_entropy,4,5,10,11,1393,35.16990837761017,False,False,False,1383,0.5005980483711869,0.9988039032576261,0.6931464652360662,Binary entropy is monotone-equivalent to classifier margin.,null,null,null,null,null,null,null,null,null,null,null,null
branin,optimized_ard_gpc,classifier_entropy,classifier_entropy,4,6,11,12,1195,37.68288777389472,False,False,False,1186,0.49969300251662285,0.9993860050332457,0.693146992065024,Binary entropy is monotone-equivalent to classifier margin.,null,null,null,null,null,null,null,null,null,null,null,null
branin,optimized_ard_gpc,classifier_entropy,classifier_entropy,4,7,12,13,1055,12.132009015017715,False,False,True,1047,0.5001766071346752,0.9996467857306497,0.6931471181797839,Binary entropy is monotone-equivalent to classifier margin.,null,null,null,null,null,null,null,null,null,null,null,null
branin,optimized_ard_gpc,classifier_entropy,classifier_entropy,4,8,13,14,405,14.714196685548771,False,False,False,402,0.49990677782321313,0.9998135556464263,0.6931471631791968,Binary entropy is monotone-equivalent to classifier margin.,null,null,null,null,null,null,null,null,null,null,null,null
branin,optimized_ard_gpc,classifier_entropy,classifier_entropy,4,9,14,15,1368,15.145125751767374,False,False,False,1355,0.5002506253311656,0.9994987493376688,0.6931470549338268,Binary entropy is monotone-equivalent to classifier margin.,null,null,null,null,null,null,null,null,null,null,null,null
branin,optimized_ard_gpc,classifier_entropy,classifier_entropy,4,10,15,16,291,44.21759038837928,False,False,False,288,0.4976831537249202,0.9953663074498404,0.6931364449682029,Binary entropy is monotone-equivalent to classifier margin.,null,null,null,null,null,null,null,null,null,null,null,null
branin,optimized_ard_gpc,classifier_entropy,classifier_entropy,4,11,16,17,558,6.440111529471352,False,True,True,550,0.5005530243593272,0.9988939512813455,0.6931465688879366,Binary entropy is monotone-equivalent to classifier margin.,null,null,null,null,null,null,null,null,null,null,null,null
branin,optimized_ard_gpc,classifier_entropy,classifier_entropy,4,12,17,18,741,15.663099058488015,False,False,False,732,0.4994316837191144,0.9988633674382288,0.6931465345930159,Binary entropy is monotone-equivalent to classifier margin.,null,null,null,null,null,null,null,null,null,null,null,null
branin,optimized_ard_gpc,classifier_entropy,classifier_entropy,4,13,18,19,897,10.216049389427049,False,False,True,887,0.4999889412647204,0.9999778825294408,0.693147180315354,Binary entropy is monotone-equivalent to classifier margin.,null,null,null,null,null,null,null,null,null,null,null,null
branin,optimized_ard_gpc,classifier_entropy,classifier_entropy,4,14,19,20,42,3.1670635494441655,True,True,True,40,0.49981542870377876,0.9996308574075575,0.693147112426817,Binary entropy is monotone-equivalent to classifier margin.,null,null,null,null,null,null,null,null,null,null,null,null
branin,optimized_ard_gpc,classifier_entropy,classifier_entropy,4,15,20,21,484,1.440439731736987,True,True,True,477,0.5019181270664026,0.9961637458671948,0.6931398221190107,Binary entropy is monotone-equivalent to classifier margin.,null,null,null,null,null,null,null,null,null,null,null,null
branin,optimized_ard_gpc,classifier_entropy,classifier_entropy,4,16,21,22,1030,15.9064109527492,False,False,False,1015,0.49992141329249173,0.9998428265849835,0.693147168208204,Binary entropy is monotone-equivalent to classifier margin.,null,null,null,null,null,null,null,null,null,null,null,null
branin,optimized_ard_gpc,classifier_entropy,classifier_entropy,4,17,22,23,1476,18.217282149650323,False,False,False,1454,0.5006931469385842,0.9986137061228315,0.6931462196542806,Binary entropy is monotone-equivalent to classifier margin.,null,null,null,null,null,null,null,null,null,null,null,null
branin,optimized_ard_gpc,classifier_entropy,classifier_entropy,4,18,23,24,1330,7.700740203924081,False,True,True,1311,0.500240451232397,0.999519097535206,0.6931470649263505,Binary entropy is monotone-equivalent to classifier margin.,null,null,null,null,null,null,null,null,null,null,null,null
branin,optimized_ard_gpc,classifier_entropy,classifier_entropy,4,19,24,25,1101,2.154487916309048,True,True,True,1083,0.500248683668323,0.999502632663354,0.6931470568728064,Binary entropy is monotone-equivalent to classifier margin.,null,null,null,null,null,null,null,null,null,null,null,null
branin,optimized_ard_gpc,classifier_entropy,classifier_entropy,4,20,25,26,935,7.887521865007855,False,True,True,922,0.49998399030284735,0.9999679806056947,0.6931471800473246,Binary entropy is monotone-equivalent to classifier margin.,null,null,null,null,null,null,null,null,null,null,null,null
branin,optimized_ard_gpc,classifier_entropy,classifier_entropy,4,21,26,27,1247,25.544508990299725,False,False,False,1226,0.5001223599485363,0.9997552801029275,0.693147150616031,Binary entropy is monotone-equivalent to classifier margin.,null,null,null,null,null,null,null,null,null,null,null,null
branin,optimized_ard_gpc,classifier_entropy,classifier_entropy,4,22,27,28,423,14.440735939108869,False,False,False,416,0.5002409137279133,0.9995181725441733,0.6931470644810922,Binary entropy is monotone-equivalent to classifier margin.,null,null,null,null,null,null,null,null,null,null,null,null
branin,optimized_ard_gpc,classifier_entropy,classifier_entropy,4,23,28,29,826,1.5705404498538513,True,True,True,813,0.4994528019571276,0.9989056039142552,0.6931465817084295,Binary entropy is monotone-equivalent to classifier margin.,null,null,null,null,null,null,null,null,null,null,null,null
branin,optimized_ard_gpc,classifier_entropy,classifier_entropy,4,24,29,30,700,1.3651764443519738,True,True,True,688,0.49840766385768376,0.9968153277153675,0.6931421094825931,Binary entropy is monotone-equivalent to classifier margin.,null,null,null,null,null,null,null,null,null,null,null,null
branin,optimized_ard_gpc,classifier_entropy,classifier_entropy,4,25,30,31,1316,11.286110299896343,False,False,True,1291,0.49733805297186695,0.9946761059437339,0.6931330085690356,Binary entropy is monotone-equivalent to classifier margin.,null,null,null,null,null,null,null,null,null,null,null,null
branin,optimized_ard_gpc,classifier_entropy,classifier_entropy,4,26,31,32,1298,3.7018699034647184,True,True,True,1273,0.4984509278698921,0.9969018557397842,0.693142381303339,Binary entropy is monotone-equivalent to classifier margin.,null,null,null,null,null,null,null,null,null,null,null,null
branin,optimized_ard_gpc,classifier_entropy,classifier_entropy,4,27,32,33,534,13.281287910837692,False,False,False,524,0.5005514118536492,0.9988971762927017,0.6931465724497574,Binary entropy is monotone-equivalent to classifier margin.,null,null,null,null,null,null,null,null,null,null,null,null
branin,optimized_ard_gpc,classifier_entropy,classifier_entropy,4,28,33,34,991,5.338308310746314,False,True,True,972,0.4996002629888183,0.9992005259776366,0.6931468609805551,Binary entropy is monotone-equivalent to classifier margin.,null,null,null,null,null,null,null,null,null,null,null,null
branin,optimized_ard_gpc,classifier_entropy,classifier_entropy,4,29,34,35,614,0.23545640567608572,True,True,True,601,0.4984372041536478,0.9968744083072956,0.6931422958902771,Binary entropy is monotone-equivalent to classifier margin.,null,null,null,null,null,null,null,null,null,null,null,null
branin,optimized_ard_gpc,classifier_entropy,classifier_entropy,4,30,35,36,674,0.9476670727025436,True,True,True,660,0.4979923554709158,0.9959847109418316,0.6931391192651735,Binary entropy is monotone-equivalent to classifier margin.,null,null,null,null,null,null,null,null,null,null,null,null
branin,optimized_ard_gpc,classifier_entropy,classifier_entropy,4,31,36,37,63,20.031028454425098,False,False,False,60,0.5006673595226447,0.9986652809547105,0.6931462898222159,Binary entropy is monotone-equivalent to classifier margin.,null,null,null,null,null,null,null,null,null,null,null,null
branin,optimized_ard_gpc,classifier_entropy,classifier_entropy,4,32,37,38,838,3.7455580244839624,True,True,True,819,0.5007185508619043,0.9985628982761914,0.6931461479289076,Binary entropy is monotone-equivalent to classifier margin.,null,null,null,null,null,null,null,null,null,null,null,null
branin,optimized_ard_gpc,classifier_entropy,classifier_entropy,4,33,38,39,351,1.4751609637152256,True,True,True,345,0.4998345764292695,0.999669152858539,0.6931471258300288,Binary entropy is monotone-equivalent to classifier margin.,null,null,null,null,null,null,null,null,null,null,null,null
branin,optimized_ard_gpc,classifier_entropy,classifier_entropy,4,34,39,40,1312,2.86531914761197,True,True,True,1279,0.5039782302159317,0.9920435395681366,0.6931155275946719,Binary entropy is monotone-equivalent to classifier margin.,null,null,null,null,null,null,null,null,null,null,null,null
branin,optimized_ard_gpc,classifier_entropy,classifier_entropy,4,35,40,41,944,6.638175581096974,False,True,True,921,0.5009739245278129,0.9980521509443743,0.693145283500774,Binary entropy is monotone-equivalent to classifier margin.,null,null,null,null,null,null,null,null,null,null,null,null
branin,optimized_ard_gpc,classifier_entropy,classifier_entropy,4,36,41,42,776,2.337726693642054,True,True,True,757,0.4995056969422216,0.9990113938844432,0.6931466918888398,Binary entropy is monotone-equivalent to classifier margin.,null,null,null,null,null,null,null,null,null,null,null,null
branin,optimized_ard_gpc,classifier_entropy,classifier_entropy,4,37,42,43,51,0.491240595506266,True,True,True,48,0.49883626953313964,0.9976725390662793,0.6931444720203009,Binary entropy is monotone-equivalent to classifier margin.,null,null,null,null,null,null,null,null,null,null,null,null
branin,optimized_ard_gpc,classifier_entropy,classifier_entropy,4,38,43,44,1182,272.51372207838523,False,False,False,1149,0.4949069052169275,0.989813810433855,0.6930953004338178,Binary entropy is monotone-equivalent to classifier margin.,null,null,null,null,null,null,null,null,null,null,null,null
branin,optimized_ard_gpc,classifier_entropy,classifier_entropy,4,39,44,45,994,46.3946658642912,False,False,False,966,0.5008920506314138,0.9982158987371723,0.693145589050443,Binary entropy is monotone-equivalent to classifier margin.,null,null,null,null,null,null,null,null,null,null,null,null
branin,optimized_ard_gpc,classifier_entropy,classifier_entropy,4,40,45,46,964,59.568498383601806,False,False,False,937,0.4990904403827523,0.9981808807655046,0.6931455259616381,Binary entropy is monotone-equivalent to classifier margin.,null,null,null,null,null,null,null,null,null,null,null,null
branin,optimized_ard_gpc,classifier_entropy,classifier_entropy,4,41,46,47,1005,20.03362217471171,False,False,False,975,0.496213790986344,0.992427581972688,0.6931185095285448,Binary entropy is monotone-equivalent to classifier margin.,null,null,null,null,null,null,null,null,null,null,null,null
branin,optimized_ard_gpc,classifier_entropy,classifier_entropy,4,42,47,48,215,2.3208629450808402,True,True,True,209,0.5008556925880359,0.9982886148239283,0.69314571613962,Binary entropy is monotone-equivalent to classifier margin.,null,null,null,null,null,null,null,null,null,null,null,null
branin,optimized_ard_gpc,classifier_entropy,classifier_entropy,4,43,48,49,1402,6.7974419835541156,False,True,True,1355,0.5001498811626734,0.9997002376746531,0.6931471356312189,Binary entropy is monotone-equivalent to classifier margin.,null,null,null,null,null,null,null,null,null,null,null,null
branin,optimized_ard_gpc,classifier_entropy,classifier_entropy,4,44,49,50,508,0.23633119761034393,True,True,True,494,0.499341318735558,0.998682637471116,0.693146312837678,Binary entropy is monotone-equivalent to classifier margin.,null,null,null,null,null,null,null,null,null,null,null,null
branin,optimized_ard_gpc,classifier_gated_diversity,classifier_gated_diversity,4,1,6,7,1182,272.51372207838523,False,False,False,1177,0.47509857298119584,0.9501971459623917,0.6919065052481164,null,0.1,25,150,0.5,47,0.44780554321655985,0.5226383475761086,1.0,0.72390277160828,null,null,null
branin,optimized_ard_gpc,classifier_gated_diversity,classifier_gated_diversity,4,2,7,8,1360,16.042802701545746,False,False,False,1353,0.49486764504228553,0.9897352900845711,0.6930944974999466,null,0.1,25,150,0.5,12,0.912803911026128,0.306244466190558,0.8223133704353837,0.8675586407307558,null,null,null
branin,optimized_ard_gpc,classifier_gated_diversity,classifier_gated_diversity,4,3,8,9,258,27.30644842142434,False,False,False,256,0.4996628436217023,0.9993256872434046,0.6931469532110812,null,0.1,25,150,0.5,0,1.0,0.27903776828574833,0.7664915174211072,0.8832457587105536,null,null,null
branin,optimized_ard_gpc,classifier_gated_diversity,classifier_gated_diversity,4,4,9,10,256,28.625122840029192,False,False,False,254,0.5003694175298921,0.9992611649402159,0.6931469076212977,null,0.1,25,150,0.5,1,0.9954954751286275,0.34230683351552177,0.9978917021766265,0.9966935886526269,null,null,null
branin,optimized_ard_gpc,classifier_gated_diversity,classifier_gated_diversity,4,5,10,11,697,11.862418183770977,False,False,True,692,0.5013472137984456,0.9973055724031088,0.6931435505855157,null,0.1,25,149,0.5,4,0.9826182463261807,0.25487847160466803,0.9377065289437694,0.960162387634975,null,null,null
branin,optimized_ard_gpc,classifier_gated_diversity,classifier_gated_diversity,4,6,11,12,271,49.229730368818565,False,False,False,267,0.4907688225254567,0.9815376450509135,0.6929767416014461,null,0.1,25,149,0.5,16,0.8961362069489718,0.2524356653269492,0.9591876613154542,0.927661934132213,null,null,null
branin,optimized_ard_gpc,classifier_gated_diversity,classifier_gated_diversity,4,7,12,13,188,56.17064153959127,False,False,False,186,0.49407606570032314,0.9881521314006463,0.6930769929226547,null,0.1,25,149,0.5,6,0.949946041320758,0.23096483883357236,0.9823303043027938,0.9661381728117759,null,null,null
branin,optimized_ard_gpc,classifier_gated_diversity,classifier_gated_diversity,4,8,13,14,1312,2.86531914761197,True,True,True,1301,0.49980798792726194,0.9996159758545239,0.6931471068226713,null,0.1,25,149,0.5,0,1.0,0.16418565026735063,0.7835245405149761,0.8917622702574881,null,null,null
branin,optimized_ard_gpc,classifier_gated_diversity,classifier_gated_diversity,4,9,14,15,889,83.8762109255657,False,False,False,881,0.5010410359636941,0.9979179280726118,0.6931450130466239,null,0.1,25,149,0.5,2,0.9937830040499415,0.17546377715935993,0.7780049342024304,0.885893969126186,null,null,null
branin,optimized_ard_gpc,classifier_gated_diversity,classifier_gated_diversity,4,10,15,16,647,62.74592971426917,False,False,False,640,0.4977399309053192,0.9954798618106384,0.6931369647005319,null,0.1,25,149,0.5,3,0.9657798287361963,0.22758880950824356,0.7895734911160508,0.8776766599261235,null,null,null
branin,optimized_ard_gpc,classifier_gated_diversity,classifier_gated_diversity,4,11,16,17,474,16.405669074943766,False,False,False,468,0.4964736629162303,0.9929473258324606,0.6931223102473104,null,0.1,25,149,0.5,11,0.9417372141284269,0.2080306083428788,0.816690606669483,0.8792139103989549,null,null,null
branin,optimized_ard_gpc,classifier_gated_diversity,classifier_gated_diversity,4,12,17,18,1087,4.42594881378799,True,True,True,1074,0.4975021070211909,0.9950042140423818,0.6931347015693696,null,0.1,25,149,0.5,4,0.9740835298295498,0.1683201648200681,0.9131870298412734,0.9436352798354116,null,null,null
branin,optimized_ard_gpc,classifier_gated_diversity,classifier_gated_diversity,4,13,18,19,1321,5.494056560484957,False,True,True,1305,0.4957974272016834,0.9915948544033668,0.6931118569077729,null,0.1,25,149,0.5,7,0.9589368469208129,0.16333187741991254,0.8904880036361243,0.9247124252784686,null,null,null
branin,optimized_ard_gpc,classifier_gated_diversity,classifier_gated_diversity,4,14,19,20,60,1.751763700112413,True,True,True,59,0.5135186039478583,0.9729627921042834,0.6927816307101449,null,0.1,25,149,0.5,20,0.8446295188245441,0.13093817724730125,0.8958234348464573,0.8702264768355007,null,null,null
branin,optimized_ard_gpc,classifier_gated_diversity,classifier_gated_diversity,4,15,20,21,124,16.502126184779073,False,False,False,122,0.4978695867847973,0.9957391735695946,0.6931381032115442,null,0.1,25,148,0.5,8,0.9795806387390973,0.12434142016828416,0.7320182589315247,0.855799448835311,null,null,null
branin,optimized_ard_gpc,classifier_gated_diversity,classifier_gated_diversity,4,16,21,22,1200,33.16625155218216,False,False,False,1183,0.49331702857152315,0.9866340571430463,0.6930578536859224,null,0.1,25,148,0.5,9,0.9207666676875443,0.132096506107636,0.8107748486292667,0.8657707581584055,null,null,null
branin,optimized_ard_gpc,classifier_gated_diversity,classifier_gated_diversity,4,17,22,23,987,17.994121877754843,False,False,False,973,0.5028937857381282,0.9942124285237437,0.6931304324746492,null,0.1,25,148,0.5,4,0.9741342525757398,0.1243156270614884,0.7048728321169226,0.8395035423463313,null,null,null
branin,optimized_ard_gpc,classifier_gated_diversity,classifier_gated_diversity,4,18,23,24,370,3.1598204593881007,True,True,True,362,0.5189843609383331,0.9620312781233338,0.6924261953495828,null,0.1,25,148,0.5,31,0.7611070472699935,0.1445015283482745,0.9117458970341369,0.8364264721520651,null,null,null
branin,optimized_ard_gpc,classifier_gated_diversity,classifier_gated_diversity,4,19,24,25,1109,11.495269533066676,False,False,True,1091,0.5056576162399953,0.9886847675200094,0.693083161950768,null,0.1,25,148,0.5,8,0.9343145858906382,0.11226362546533698,0.7932240004120474,0.8637692931513428,null,null,null
branin,optimized_ard_gpc,classifier_gated_diversity,classifier_gated_diversity,4,20,25,26,902,7.337787189053742,False,True,True,888,0.49582280351993724,0.9916456070398745,0.6931122822131125,null,0.1,25,148,0.5,4,0.9626626600760021,0.1150328639402302,0.6783946585857235,0.8205286593308627,null,null,null
branin,optimized_ard_gpc,classifier_gated_diversity,classifier_gated_diversity,4,21,26,27,560,23.461468459664182,False,False,False,549,0.48252048416387794,0.9650409683277559,0.6925359890837237,null,0.1,25,148,0.5,31,0.8245176225657485,0.11665974160155139,0.922003740514054,0.8732606815399012,null,null,null
branin,optimized_ard_gpc,classifier_gated_diversity,classifier_gated_diversity,4,22,27,28,1314,2.037230057228914,True,True,True,1290,0.5001744697021706,0.9996510605956588,0.6931471196805901,null,0.1,25,148,0.5,1,0.9984893188975144,0.09144681492396228,0.6997725497492456,0.8491309343233799,null,null,null
branin,optimized_ard_gpc,classifier_gated_diversity,classifier_gated_diversity,4,23,28,29,427,5.896749725779721,False,True,True,418,0.49292229595403825,0.9858445919080765,0.6930469894246882,null,0.1,25,148,0.5,11,0.9279309255403209,0.10361005070186777,0.904432407706605,0.916181666623463,null,null,null
branin,optimized_ard_gpc,classifier_gated_diversity,classifier_gated_diversity,4,24,29,30,713,3.6603621688039283,True,True,True,698,0.49764594663551076,0.9952918932710215,0.693136097384514,null,0.1,25,148,0.5,6,0.9784409181979222,0.09314138654350058,0.7195090906896796,0.8489750044438009,null,null,null
branin,optimized_ard_gpc,classifier_gated_diversity,classifier_gated_diversity,4,25,30,31,1196,16.020905032601274,False,False,False,1172,0.49523617197065306,0.9904723439413061,0.6931017917582403,null,0.1,25,147,0.5,7,0.9615717051676212,0.08907298606279122,0.6842528608062013,0.8229122829869113,null,null,null
branin,optimized_ard_gpc,classifier_gated_diversity,classifier_gated_diversity,4,26,31,32,1491,10.858217724279442,False,False,True,1460,0.5126184355650878,0.9747631288698244,0.6928286969156782,null,0.1,25,147,0.5,20,0.8832356903212961,0.08982149183002751,0.9708205339937794,0.9270281121575378,null,null,null
branin,optimized_ard_gpc,classifier_gated_diversity,classifier_gated_diversity,4,27,32,33,1191,4.452661413135317,True,True,True,1167,0.4996130886059613,0.9992261772119226,0.6931468811590618,null,0.1,25,147,0.5,0,1.0,0.06625480083635531,0.6483105571617942,0.8241552785808971,null,null,null
branin,optimized_ard_gpc,classifier_gated_diversity,classifier_gated_diversity,4,28,33,34,1453,5.9849654071424325,False,True,True,1421,0.4935128373819424,0.9870256747638848,0.6930630116407835,null,0.1,25,147,0.5,2,0.961692336076213,0.06789893473074349,0.6258441197389357,0.7937682279075744,null,null,null
branin,optimized_ard_gpc,classifier_gated_diversity,classifier_gated_diversity,4,29,34,35,1342,21.819707206181135,False,False,False,1312,0.5004367373263454,0.9991265253473092,0.6931467990809124,null,0.1,25,147,0.5,0,1.0,0.09228836646211337,0.6225570038656548,0.8112785019328275,null,null,null
branin,optimized_ard_gpc,classifier_gated_diversity,classifier_gated_diversity,4,30,35,36,491,14.906541015119272,False,False,False,480,0.5019046539428698,0.9961906921142605,0.6931399251291139,null,0.1,25,147,0.5,2,0.9982900499605821,0.107245047692973,0.676711660133178,0.8375008550468801,null,null,null
branin,optimized_ard_gpc,classifier_gated_diversity,classifier_gated_diversity,4,31,36,37,896,28.71987094842237,False,False,False,878,0.5045700853041275,0.990859829391745,0.6931054086189363,null,0.1,25,147,0.5,15,0.9119309862076721,0.164941919525193,0.4861040767452844,0.6990175314764783,null,null,null
branin,optimized_ard_gpc,classifier_gated_diversity,classifier_gated_diversity,4,32,37,38,533,33.858803620931155,False,False,False,520,0.49640998455116137,0.9928199691023227,0.6931214039166202,null,0.1,25,147,0.5,6,0.9634906808320254,0.20662403665032503,0.9463101936876126,0.954900437259819,null,null,null
branin,optimized_ard_gpc,classifier_gated_diversity,classifier_gated_diversity,4,33,38,39,1115,18.473210478527427,False,False,False,1089,0.504820162503977,0.990359674992046,0.6931007119070327,null,0.1,25,147,0.5,7,0.9407248337934182,0.13461364920432808,0.6666862624753422,0.8037055481343802,null,null,null
branin,optimized_ard_gpc,classifier_gated_diversity,classifier_gated_diversity,4,34,39,40,734,9.12105568946847,False,True,True,716,0.4994551411539154,0.9989102823078309,0.6931465868175035,null,0.1,25,147,0.5,0,1.0,0.0906273996957559,0.7285311976137442,0.8642655988068721,null,null,null
branin,optimized_ard_gpc,classifier_gated_diversity,classifier_gated_diversity,4,35,40,41,362,7.501746993715674,False,True,True,354,0.4984348628682955,0.996869725736591,0.6931422812434621,null,0.1,25,146,0.5,2,0.984002677310949,0.0940089465445558,0.7582554705519617,0.8711290739314554,null,null,null
branin,optimized_ard_gpc,classifier_gated_diversity,classifier_gated_diversity,4,36,41,42,1144,9.49351547873193,False,True,True,1115,0.5183320675361358,0.9633358649277284,0.6924749004926405,null,0.1,25,146,0.5,25,0.8201519370158183,0.09911452584462714,0.8031342314885117,0.811643084252165,null,null,null
branin,optimized_ard_gpc,classifier_gated_diversity,classifier_gated_diversity,4,37,42,43,441,4.869988107807913,True,True,True,430,0.4985730874904455,0.997146174980891,0.693143108395798,null,0.1,25,146,0.5,2,0.9884097243465793,0.08869262318640325,0.849286689389122,0.9188482068678506,null,null,null
branin,optimized_ard_gpc,classifier_gated_diversity,classifier_gated_diversity,4,38,43,44,909,5.322557193951209,False,True,True,885,0.5076341173866386,0.9847317652267229,0.6930306165342717,null,0.1,25,146,0.5,17,0.9145101320937515,0.14478582750274321,1.0,0.9572550660468757,null,null,null
branin,optimized_ard_gpc,classifier_gated_diversity,classifier_gated_diversity,4,39,44,45,175,12.989003178399926,False,False,False,171,0.5010256427093773,0.9979487145812453,0.6931450766725353,null,0.1,25,146,0.5,2,0.9907035040004732,0.07993103834220504,0.9272798985681371,0.9589917012843052,null,null,null
branin,optimized_ard_gpc,classifier_gated_diversity,classifier_gated_diversity,4,40,45,46,222,3.022372578767726,True,True,True,216,0.49830750591443795,0.9966150118288759,0.6931414514765453,null,0.1,25,146,0.5,3,0.9968884334916146,0.07305085149915662,0.8418910277043794,0.919389730597997,null,null,null
branin,optimized_ard_gpc,classifier_gated_diversity,classifier_gated_diversity,4,41,46,47,1396,7.68789490574979,False,True,True,1352,0.5013486009442003,0.9973027981115994,0.6931435431065216,null,0.1,25,146,0.5,2,0.9963472167921856,0.07462093766813262,0.7935097794898863,0.8949284981410359,null,null,null
branin,optimized_ard_gpc,classifier_gated_diversity,classifier_gated_diversity,4,42,47,48,1279,3.09074403982563,True,True,True,1241,0.49492001391547724,0.9898400278309545,0.6930955671547201,null,0.1,25,146,0.5,11,0.9512813007016602,0.06547343151792365,0.6456469184918994,0.7984641095967797,null,null,null
branin,optimized_ard_gpc,classifier_gated_diversity,classifier_gated_diversity,4,43,48,49,943,0.46090295318951036,True,True,True,916,0.5019503945662622,0.9960992108674755,0.6931395724627227,null,0.1,25,146,0.5,1,0.99467182766047,0.054379870471217485,0.4989382223631294,0.7468050250117997,null,null,null
branin,optimized_ard_gpc,classifier_gated_diversity,classifier_gated_diversity,4,44,49,50,378,11.690355574474722,False,False,True,366,0.5121001597998216,0.9757996804003568,0.6928543242361909,null,0.1,25,146,0.5,10,0.8847593342100916,0.06044299557597925,0.6144514018933545,0.749605368051723,null,null,null
branin,optimized_ard_gpc,classifier_uncertainty_repulsion,classifier_uncertainty_repulsion,4,1,6,7,451,65.24144362075359,False,False,False,449,0.5056544117877877,0.9886911764244246,0.693083234451567,null,0.1,25,150,null,6,0.9133348400915478,null,null,0.7186124546321878,0.15,0.2637209616756081,0.7868006596136834
branin,optimized_ard_gpc,classifier_uncertainty_repulsion,classifier_uncertainty_repulsion,4,2,7,8,499,4.360254524464622,True,True,True,495,0.5004320875344745,0.9991358249310509,0.6931468071606239,null,0.1,25,150,null,0,1.0,null,null,0.5033457143865385,0.15,0.1774647834922253,0.5033457143865385
branin,optimized_ard_gpc,classifier_uncertainty_repulsion,classifier_uncertainty_repulsion,4,3,8,9,1164,1.2308338072995468,True,True,True,1157,0.5040248172079567,0.9919503655840867,0.6931147819029378,null,0.1,25,150,null,3,0.935136269829101,null,null,0.6012804497651576,0.15,0.21528872876351665,0.642986983998646
branin,optimized_ard_gpc,classifier_uncertainty_repulsion,classifier_uncertainty_repulsion,4,4,9,10,1437,114.50148209708783,False,False,False,1428,0.48478675324262355,0.9695735064852471,0.692684223358609,null,0.1,25,150,null,10,0.6618831775422678,null,null,0.657248122562612,0.15,0.47250909566064536,0.9929971705930541
branin,optimized_ard_gpc,classifier_uncertainty_repulsion,classifier_uncertainty_repulsion,4,5,10,11,678,25.381349471745764,False,False,False,673,0.49595066636634755,0.9919013327326951,0.6931143859956961,null,0.1,25,149,null,5,0.9580934389814875,null,null,0.8373951053803246,0.15,0.3053265373465343,0.8740223774734616
branin,optimized_ard_gpc,classifier_uncertainty_repulsion,classifier_uncertainty_repulsion,4,6,11,12,318,14.06443371434065,False,False,False,316,0.49461944454748874,0.9892388890949775,0.6930892786884393,null,0.1,25,149,null,7,0.9469281725171573,null,null,0.7622246560125885,0.15,0.271203261893015,0.8049445334237089
branin,optimized_ard_gpc,classifier_uncertainty_repulsion,classifier_uncertainty_repulsion,4,7,12,13,793,45.957895051252564,False,False,False,786,0.48462573600107817,0.9692514720021563,0.692674370051637,null,0.1,25,149,null,23,0.833179129362833,null,null,0.6291575542653227,0.15,0.2516267693050805,0.7551287977490097
branin,optimized_ard_gpc,classifier_uncertainty_repulsion,classifier_uncertainty_repulsion,4,8,13,14,121,20.98696006934469,False,False,False,120,0.5002419782589884,0.9995160434820232,0.693147063452985,null,0.1,25,149,null,0,1.0,null,null,0.5971313549631485,0.15,0.20226594396003114,0.5971313549631485
branin,optimized_ard_gpc,classifier_uncertainty_repulsion,classifier_uncertainty_repulsion,4,9,14,15,1387,234.45635064549077,False,False,False,1374,0.49974431791300167,0.9994886358260033,0.6931470498132805,null,0.1,25,149,null,1,0.9984825916634706,null,null,0.3900893195253223,0.15,0.14931069864057578,0.3906821438673598
branin,optimized_ard_gpc,classifier_uncertainty_repulsion,classifier_uncertainty_repulsion,4,10,15,16,782,24.584119838096818,False,False,False,774,0.5068099638414285,0.986380072317143,0.6930544264770935,null,0.1,25,149,null,9,0.9256934491023026,null,null,0.413248625235994,0.15,0.16312802919904343,0.4464206002934823
branin,optimized_ard_gpc,classifier_uncertainty_repulsion,classifier_uncertainty_repulsion,4,11,16,17,183,86.47765313325797,False,False,False,180,0.49981905295513684,0.9996381059102737,0.6931471150762778,null,0.1,25,149,null,0,1.0,null,null,0.6333320559094944,0.15,0.21248161832356896,0.6333320559094944
branin,optimized_ard_gpc,classifier_uncertainty_repulsion,classifier_uncertainty_repulsion,4,12,17,18,215,2.3208629450808402,True,True,True,211,0.5124698168554893,0.9750603662890214,0.6928361556482905,null,0.1,25,149,null,13,0.8600622805825564,null,null,0.4831981136449755,0.15,0.1926924992016454,0.5618175852540412
branin,optimized_ard_gpc,classifier_uncertainty_repulsion,classifier_uncertainty_repulsion,4,13,18,19,164,29.751382606126448,False,False,False,161,0.502073878233849,0.9958522435323021,0.693138578593423,null,0.1,25,149,null,4,0.982279023514086,null,null,0.3930192760651413,0.15,0.15164225828857442,0.4001096090387044
branin,optimized_ard_gpc,classifier_uncertainty_repulsion,classifier_uncertainty_repulsion,4,14,19,20,1267,18.9139630690425,False,False,False,1251,0.4984372948015112,0.9968745896030224,0.693142296456919,null,0.1,25,149,null,2,0.9869312570304741,null,null,0.36804111818345564,0.15,0.14491469077011473,0.3729146438130203
branin,optimized_ard_gpc,classifier_uncertainty_repulsion,classifier_uncertainty_repulsion,4,15,20,21,1304,2.6467704767957763,True,True,True,1287,0.5163922332396105,0.967215533520779,0.6926096736273101,null,0.1,25,148,null,18,0.8283152319324725,null,null,0.256887514654717,0.15,0.12925366928976212,0.3101325494828755
branin,optimized_ard_gpc,classifier_uncertainty_repulsion,classifier_uncertainty_repulsion,4,16,21,22,41,5.516784453791356,False,True,True,40,0.5130691718094376,0.9738616563811249,0.6928055351474074,null,0.1,25,148,null,18,0.8926127188348935,null,null,0.17071109134129045,0.15,0.09773370184499162,0.19124877759317127
branin,optimized_ard_gpc,classifier_uncertainty_repulsion,classifier_uncertainty_repulsion,4,17,22,23,822,0.46044918968459214,True,True,True,808,0.49888805098320077,0.9977761019664015,0.693144707696675,null,0.1,25,148,null,3,0.9921888635015816,null,null,0.20725672404727769,0.15,0.10268509810222541,0.20888837969400098
branin,optimized_ard_gpc,classifier_uncertainty_repulsion,classifier_uncertainty_repulsion,4,18,23,24,403,27.94492492086622,False,False,False,395,0.4948689701363218,0.9897379402726436,0.6930945247008018,null,0.1,25,148,null,4,0.9578289860651514,null,null,0.23372561296273062,0.15,0.11219660848604487,0.24401601576383347
branin,optimized_ard_gpc,classifier_uncertainty_repulsion,classifier_uncertainty_repulsion,4,19,24,25,1010,7.629007827330138,False,True,True,993,0.49598904453658665,0.9919780890731733,0.6931150046873893,null,0.1,25,148,null,4,0.9525773222584776,null,null,0.5651938195558338,0.15,0.2012188491282339,0.5933311725454566
branin,optimized_ard_gpc,classifier_uncertainty_repulsion,classifier_uncertainty_repulsion,4,20,25,26,427,5.896749725779721,False,True,True,418,0.5221203599134867,0.9557592801730266,0.6921682404315632,null,0.1,25,148,null,26,0.7759928034158664,null,null,0.18170653960949024,0.15,0.10956822203343983,0.23416008345648398
branin,optimized_ard_gpc,classifier_uncertainty_repulsion,classifier_uncertainty_repulsion,4,21,26,27,861,6.980622153153725,False,True,True,844,0.5049807305923366,0.9900385388153268,0.6930975643848847,null,0.1,25,148,null,8,0.9498209347212232,null,null,0.22899243348866996,0.15,0.11141925493371854,0.2410901098488425
branin,optimized_ard_gpc,classifier_uncertainty_repulsion,classifier_uncertainty_repulsion,4,22,27,28,1257,19.422263256925476,False,False,False,1235,0.5002646846869545,0.999470630626091,0.6931470404439717,null,0.1,25,148,null,2,0.9991630717853343,null,null,0.1953956087786822,0.15,0.09895635358854714,0.1955592778559595
branin,optimized_ard_gpc,classifier_uncertainty_repulsion,classifier_uncertainty_repulsion,4,23,28,29,1453,5.9849654071424325,False,True,True,1425,0.520623961434886,0.958752077130228,0.6922962435974398,null,0.1,25,148,null,51,0.7204183387924027,null,null,0.22027205766275937,0.15,0.1281480211211778,0.3057557613427626
branin,optimized_ard_gpc,classifier_uncertainty_repulsion,classifier_uncertainty_repulsion,4,24,29,30,261,21.461031074352086,False,False,False,254,0.49804507542585075,0.9960901508517015,0.6931395370802897,null,0.1,25,148,null,4,0.9637324257665105,null,null,0.7340362354102635,0.15,0.2540325322377878,0.7616597883239669
branin,optimized_ard_gpc,classifier_uncertainty_repulsion,classifier_uncertainty_repulsion,4,25,30,31,70,18.820111802446036,False,False,False,68,0.5014118917979506,0.9971762164040987,0.6931431936777487,null,0.1,25,147,null,6,0.9861471466054523,null,null,0.7017497978917249,0.15,0.23654702318068183,0.711607593559755
branin,optimized_ard_gpc,classifier_uncertainty_repulsion,classifier_uncertainty_repulsion,4,26,31,32,636,8.608871778023818,False,True,True,621,0.488523475258134,0.977046950516268,0.6928837361845182,null,0.1,25,147,null,30,0.840643529500178,null,null,0.5193764240581009,0.15,0.20805111648502364,0.6178319416398851
branin,optimized_ard_gpc,classifier_uncertainty_repulsion,classifier_uncertainty_repulsion,4,27,32,33,905,1.4966853470877624,True,True,True,884,0.5084252845949955,0.983149430810009,0.6930052029995956,null,0.1,25,147,null,18,0.9239615058310363,null,null,0.4593179021374355,0.15,0.1758777655283919,0.4971180067986841
branin,optimized_ard_gpc,classifier_uncertainty_repulsion,classifier_uncertainty_repulsion,4,28,33,34,424,24.962426730545513,False,False,False,413,0.49745689413758587,0.9949137882751717,0.6931342457293204,null,0.1,25,147,null,4,0.9701382150462843,null,null,0.2772406096031016,0.15,0.12306516291819017,0.285774341535319
branin,optimized_ard_gpc,classifier_uncertainty_repulsion,classifier_uncertainty_repulsion,4,29,34,35,1402,6.7974419835541156,False,True,True,1370,0.477387138983957,0.954774277967914,0.6921241486809261,null,0.1,25,147,null,38,0.7529523772323699,null,null,0.1706613245145371,0.15,0.10754729462078802,0.22665619988057895
branin,optimized_ard_gpc,classifier_uncertainty_repulsion,classifier_uncertainty_repulsion,4,30,35,36,715,7.708811544378811,False,True,True,697,0.5017603209461621,0.9964793581076758,0.6931409830874754,null,0.1,25,147,null,4,0.987533862992898,null,null,0.09313361737947247,0.15,0.06676513676056806,0.0943092899085145
branin,optimized_ard_gpc,classifier_uncertainty_repulsion,classifier_uncertainty_repulsion,4,31,36,37,999,34.91040689580487,False,False,False,974,0.4536569388935021,0.9073138777870042,0.6888456506681963,null,0.1,25,147,null,74,0.4801410886653706,null,null,0.11763452263014079,0.15,0.11245747358344675,0.2449999081668367
branin,optimized_ard_gpc,classifier_uncertainty_repulsion,classifier_uncertainty_repulsion,4,32,37,38,1186,12.379311051427234,False,False,True,1157,0.5046112116664698,0.9907775766670603,0.6931046534110231,null,0.1,25,147,null,9,0.944856578108833,null,null,0.18458254460564041,0.15,0.0988986317611694,0.19535509291271436
branin,optimized_ard_gpc,classifier_uncertainty_repulsion,classifier_uncertainty_repulsion,4,33,38,39,1051,0.8940157963951059,True,True,True,1024,0.497593445469378,0.995186890938756,0.6931355975058051,null,0.1,25,147,null,6,0.9842682771616401,null,null,0.1116368121612388,0.15,0.07360253470800765,0.11342112181362662
branin,optimized_ard_gpc,classifier_uncertainty_repulsion,classifier_uncertainty_repulsion,4,34,39,40,429,0.773036306435305,True,True,True,416,0.5036328625325064,0.9927342749349872,0.6931207849473415,null,0.1,25,147,null,7,0.9630086378837887,null,null,0.09359288564784295,0.15,0.06782951059781146,0.09718800223174873
branin,optimized_ard_gpc,classifier_uncertainty_repulsion,classifier_uncertainty_repulsion,4,35,40,41,1491,10.858217724279442,False,False,True,1451,0.4828821504972609,0.9657643009945218,0.6925610244814785,null,0.1,25,146,null,27,0.8136281351991929,null,null,0.0952375519564455,0.15,0.0748468485254558,0.11705292361003394
branin,optimized_ard_gpc,classifier_uncertainty_repulsion,classifier_uncertainty_repulsion,4,36,41,42,475,16.675051434128882,False,False,False,460,0.46407496544939875,0.9281499308987975,0.6905637388538319,null,0.1,25,146,null,58,0.611029051429842,null,null,0.08490115105858835,0.15,0.08204881140281327,0.13894781411770019
branin,optimized_ard_gpc,classifier_uncertainty_repulsion,classifier_uncertainty_repulsion,4,37,42,43,795,10.843001580137823,False,False,True,772,0.5089874348071497,0.9820251303857006,0.6929856238907466,null,0.1,25,146,null,14,0.9076247612556304,null,null,0.09424836882200292,0.15,0.0702400734740426,0.10384067606487224
branin,optimized_ard_gpc,classifier_uncertainty_repulsion,classifier_uncertainty_repulsion,4,38,43,44,696,4.448759446394135,True,True,True,676,0.5080511073977974,0.9838977852044053,0.6930175342964688,null,0.1,25,146,null,11,0.9189242150422856,null,null,0.10481730707423288,0.15,0.07382437415170215,0.11406523558573278
branin,optimized_ard_gpc,classifier_uncertainty_repulsion,classifier_uncertainty_repulsion,4,39,44,45,1191,4.452661413135317,True,True,True,1156,0.4956114202811541,0.9912228405623082,0.6931086608014548,null,0.1,25,146,null,9,0.9603353506305706,null,null,0.06661298129012719,0.15,0.05687645911869138,0.06936429159500179
branin,optimized_ard_gpc,classifier_uncertainty_repulsion,classifier_uncertainty_repulsion,4,40,45,46,370,3.1598204593881007,True,True,True,360,0.49873945085124305,0.9974789017024861,0.693144002588266,null,0.1,25,146,null,5,0.9885491104676202,null,null,0.08564753588509713,0.15,0.06386011923039928,0.08663963679516407
branin,optimized_ard_gpc,classifier_uncertainty_repulsion,classifier_uncertainty_repulsion,4,41,46,47,1234,21.479392775899555,False,False,False,1197,0.4496704253653263,0.8993408507306526,0.6880724582994733,null,0.1,25,146,null,76,0.5138519250899435,null,null,0.08423517106490173,0.15,0.08976007994092153,0.16392888097122027
branin,optimized_ard_gpc,classifier_uncertainty_repulsion,classifier_uncertainty_repulsion,4,42,47,48,888,11.8285334741777,False,False,True,860,0.4640636569773875,0.928127313954775,0.6905621107626894,null,0.1,25,146,null,53,0.650256793776715,null,null,0.08942616588096501,0.15,0.08159459633140165,0.13752438534563338
branin,optimized_ard_gpc,classifier_uncertainty_repulsion,classifier_uncertainty_repulsion,4,43,48,49,1043,7.276317397496385,False,True,True,1010,0.4901059994457988,0.9802119988915976,0.6929513852870823,null,0.1,25,146,null,14,0.9179068856681666,null,null,0.07590182493378778,0.15,0.06232131907765695,0.08269011390903447
branin,optimized_ard_gpc,classifier_uncertainty_repulsion,classifier_uncertainty_repulsion,4,44,49,50,526,2.529103983997036,True,True,True,507,0.5147176049888174,0.9705647900223653,0.6927139021863993,null,0.1,25,146,null,19,0.8202445573869124,null,null,0.1391125177410951,0.15,0.09144991047228056,0.1695988306027555
ackley,fixed_iso_gpc,random,random,0,1,12,13,3252,0.37344243423842727,False,True,True,3241,0.49563928074039687,0.9912785614807937,0.6931091483328706,null,null,null,null,null,null,null,null,null,null,null,null,null
ackley,fixed_iso_gpc,random,random,0,2,13,14,1687,0.6222902661973624,False,False,False,1683,0.4310831898705203,0.8621663797410406,0.6836178188652765,null,null,null,null,null,null,null,null,null,null,null,null,null
ackley,fixed_iso_gpc,random,random,0,3,14,15,142,0.046059412865973925,True,True,True,142,0.44854446438715456,0.8970889287743091,0.6878424495570066,null,null,null,null,null,null,null,null,null,null,null,null,null
ackley,fixed_iso_gpc,random,random,0,4,15,16,1313,0.25738216230301525,False,True,True,1308,0.5254371550882766,0.9491256898234468,0.6918525240336151,null,null,null,null,null,null,null,null,null,null,null,null,null
ackley,fixed_iso_gpc,random,random,0,5,16,17,1221,0.8982551322854597,False,False,False,1216,0.38646922222781654,0.7729384444556331,0.6671424971151363,null,null,null,null,null,null,null,null,null,null,null,null,null
ackley,fixed_iso_gpc,random,random,0,6,17,18,3175,0.7277702452315058,False,False,False,3160,0.5204455071202077,0.9591089857595847,0.692310909894926,null,null,null,null,null,null,null,null,null,null,null,null,null
ackley,fixed_iso_gpc,random,random,0,7,18,19,2764,3.3644651749044208,False,False,False,2752,0.3874829828401687,0.7749659656803374,0.6676088687141437,null,null,null,null,null,null,null,null,null,null,null,null,null
ackley,fixed_iso_gpc,random,random,0,8,19,20,3639,1.9741412422837907,False,False,False,3621,0.5883199204778009,0.8233601590443982,0.6774642055625081,null,null,null,null,null,null,null,null,null,null,null,null,null
ackley,fixed_iso_gpc,random,random,0,9,20,21,3691,0.5190363590865612,False,False,True,3671,0.5232246082805858,0.9535507834388284,0.6920680274540051,null,null,null,null,null,null,null,null,null,null,null,null,null
ackley,fixed_iso_gpc,random,random,0,10,21,22,1616,0.14940433234323613,True,True,True,1609,0.4909740112342007,0.9819480224684014,0.692984234762908,null,null,null,null,null,null,null,null,null,null,null,null,null
ackley,fixed_iso_gpc,random,random,0,11,22,23,710,2.9520920590294892,False,False,False,706,0.3535364563266512,0.7070729126533024,0.6496083996732964,null,null,null,null,null,null,null,null,null,null,null,null,null
ackley,fixed_iso_gpc,random,random,0,12,23,24,2168,2.083951108374274,False,False,False,2157,0.5857458167330094,0.8285083665339812,0.6783695529227348,null,null,null,null,null,null,null,null,null,null,null,null,null
ackley,fixed_iso_gpc,random,random,0,13,24,25,3872,1.8813979022092298,False,False,False,3848,0.39966055754661056,0.7993211150932211,0.6728737948714171,null,null,null,null,null,null,null,null,null,null,null,null,null
ackley,fixed_iso_gpc,random,random,0,14,25,26,304,1.063870405288112,False,False,False,303,0.48405902356773467,0.9681180471354693,0.6926388649666306,null,null,null,null,null,null,null,null,null,null,null,null,null
ackley,fixed_iso_gpc,random,random,0,15,26,27,1287,2.427674259760135,False,False,False,1279,0.47362137140350313,0.9472427428070063,0.6917548701705515,null,null,null,null,null,null,null,null,null,null,null,null,null
ackley,fixed_iso_gpc,random,random,0,16,27,28,483,0.22223092241935305,False,True,True,479,0.5400037788778462,0.9199924422443075,0.6899431525143676,null,null,null,null,null,null,null,null,null,null,null,null,null
ackley,fixed_iso_gpc,random,random,0,17,28,29,2032,0.7484289441074168,False,False,False,2018,0.5098535920538652,0.9802928158922697,0.6929529814357919,null,null,null,null,null,null,null,null,null,null,null,null,null
ackley,fixed_iso_gpc,random,random,0,18,29,30,1288,1.340835049233112,False,False,False,1278,0.3860750247169733,0.7721500494339466,0.6669599799014123,null,null,null,null,null,null,null,null,null,null,null,null,null
ackley,fixed_iso_gpc,random,random,0,19,30,31,3243,0.9925178393508904,False,False,False,3218,0.4979185258332852,0.9958370516665704,0.6931385154655039,null,null,null,null,null,null,null,null,null,null,null,null,null
ackley,fixed_iso_gpc,random,random,0,20,31,32,1960,0.3513364241505599,False,True,True,1945,0.5108148221873243,0.9783703556253514,0.692913241559004,null,null,null,null,null,null,null,null,null,null,null,null,null
ackley,fixed_iso_gpc,random,random,0,21,32,33,1655,1.19649756270967,False,False,False,1642,0.39928574540360273,0.7985714908072055,0.6727209986482423,null,null,null,null,null,null,null,null,null,null,null,null,null
ackley,fixed_iso_gpc,random,random,0,22,33,34,1109,0.17631363220888296,True,True,True,1101,0.5138391383466931,0.9723217233066137,0.6927640881371533,null,null,null,null,null,null,null,null,null,null,null,null,null
ackley,fixed_iso_gpc,random,random,0,23,34,35,1517,0.16251897956376915,True,True,True,1504,0.4006074853995756,0.8012149707991512,0.6732572124417461,null,null,null,null,null,null,null,null,null,null,null,null,null
ackley,fixed_iso_gpc,random,random,0,24,35,36,3726,0.5092197523352482,False,False,True,3692,0.5383632297652241,0.9232735404695518,0.6902008109271167,null,null,null,null,null,null,null,null,null,null,null,null,null
ackley,fixed_iso_gpc,random,random,0,25,36,37,1104,2.607325006281094,False,False,False,1096,0.517463602999797,0.965072794000406,0.6925371016249451,null,null,null,null,null,null,null,null,null,null,null,null,null
ackley,fixed_iso_gpc,random,random,0,26,37,38,680,3.325215028334629,False,False,False,674,0.3491898536059921,0.6983797072119842,0.6469436836382416,null,null,null,null,null,null,null,null,null,null,null,null,null
ackley,fixed_iso_gpc,random,random,0,27,38,39,3428,1.2090694995355857,False,False,False,3395,0.4334555921545302,0.8669111843090604,0.6842645323342296,null,null,null,null,null,null,null,null,null,null,null,null,null
ackley,fixed_iso_gpc,random,random,0,28,39,40,2419,4.433977565055676,False,False,False,2395,0.2677670029170258,0.5355340058340516,0.5810251796331981,null,null,null,null,null,null,null,null,null,null,null,null,null
ackley,fixed_iso_gpc,random,random,0,29,40,41,2261,4.155506719143643,False,False,False,2238,0.413202750668745,0.82640550133749,0.678003051589567,null,null,null,null,null,null,null,null,null,null,null,null,null
ackley,fixed_iso_gpc,random,random,0,30,41,42,176,0.5126663654217296,False,False,True,175,0.5484604534279924,0.9030790931440151,0.6884429682895816,null,null,null,null,null,null,null,null,null,null,null,null,null
ackley,fixed_iso_gpc,random,random,0,31,42,43,3844,0.6671514917728931,False,False,False,3803,0.40287703933668695,0.8057540786733739,0.6741609752507083,null,null,null,null,null,null,null,null,null,null,null,null,null
ackley,fixed_iso_gpc,random,random,0,32,43,44,3203,0.5830444737052343,False,False,False,3169,0.3604995133061948,0.7209990266123896,0.6537050554703823,null,null,null,null,null,null,null,null,null,null,null,null,null
ackley,fixed_iso_gpc,random,random,0,33,44,45,878,1.4429610477451664,False,False,False,868,0.4427643865137867,0.8855287730275734,0.6865809652982314,null,null,null,null,null,null,null,null,null,null,null,null,null
ackley,fixed_iso_gpc,random,random,0,34,45,46,1980,2.35555078878099,False,False,False,1957,0.2629089483795042,0.5258178967590084,0.5760776479158547,null,null,null,null,null,null,null,null,null,null,null,null,null
ackley,fixed_iso_gpc,random,random,0,35,46,47,1411,1.2795008357392081,False,False,False,1394,0.4555908838156597,0.9111817676313194,0.6891976389885803,null,null,null,null,null,null,null,null,null,null,null,null,null
ackley,fixed_iso_gpc,random,random,0,36,47,48,594,0.7687263272651865,False,False,False,588,0.4536887493491264,0.9073774986982528,0.6888515623758312,null,null,null,null,null,null,null,null,null,null,null,null,null
ackley,fixed_iso_gpc,random,random,0,37,48,49,464,0.7855352724359932,False,False,False,459,0.5522528328518348,0.8954943342963304,0.6876764799889217,null,null,null,null,null,null,null,null,null,null,null,null,null
ackley,fixed_iso_gpc,random,random,0,38,49,50,1417,2.0197518123677387,False,False,False,1397,0.5033179901945575,0.993364019610885,0.6931251622804808,null,null,null,null,null,null,null,null,null,null,null,null,null
ackley,fixed_iso_gpc,random,random,0,39,50,51,2130,1.2995935770689666,False,False,False,2101,0.48488959463748316,0.9697791892749663,0.6926904623247554,null,null,null,null,null,null,null,null,null,null,null,null,null
ackley,fixed_iso_gpc,random,random,0,40,51,52,1154,1.5636587604078596,False,False,False,1139,0.2576998290964525,0.515399658192905,0.5706372348109715,null,null,null,null,null,null,null,null,null,null,null,null,null
ackley,fixed_iso_gpc,random,random,0,41,52,53,2230,0.05779772877514411,True,True,True,2198,0.4672540845028763,0.9345081690057526,0.6910010548714147,null,null,null,null,null,null,null,null,null,null,null,null,null
ackley,fixed_iso_gpc,random,random,0,42,53,54,2862,1.585703536971792,False,False,False,2823,0.4141008161703894,0.8282016323407788,0.6783163771424061,null,null,null,null,null,null,null,null,null,null,null,null,null
ackley,fixed_iso_gpc,random,random,0,43,54,55,3473,2.0880179812577104,False,False,False,3425,0.6358154135258189,0.7283691729483621,0.6557879187974578,null,null,null,null,null,null,null,null,null,null,null,null,null
ackley,fixed_iso_gpc,random,random,0,44,55,56,107,2.2577927334803434,False,False,False,107,0.44021509230167055,0.8804301846033411,0.6859815784762373,null,null,null,null,null,null,null,null,null,null,null,null,null
ackley,fixed_iso_gpc,random,random,0,45,56,57,845,1.7359655469391786,False,False,False,832,0.4854082382564435,0.970816476512887,0.6927212810714913,null,null,null,null,null,null,null,null,null,null,null,null,null
ackley,fixed_iso_gpc,random,random,0,46,57,58,1064,1.6231647878228745,False,False,False,1049,0.4051003169173555,0.810200633834711,0.675025548967944,null,null,null,null,null,null,null,null,null,null,null,null,null
ackley,fixed_iso_gpc,random,random,0,47,58,59,1666,1.8578635753109456,False,False,False,1638,0.30266033169846196,0.6053206633969239,0.6131015728392959,null,null,null,null,null,null,null,null,null,null,null,null,null
ackley,fixed_iso_gpc,random,random,0,48,59,60,3982,2.1593312907720996,False,False,False,3923,0.4722097888515293,0.9444195777030586,0.6916017926498109,null,null,null,null,null,null,null,null,null,null,null,null,null
ackley,fixed_iso_gpc,random,random,0,49,60,61,229,0.4432823567934072,False,False,True,226,0.5127787977330414,0.9744424045339173,0.692820549652809,null,null,null,null,null,null,null,null,null,null,null,null,null
ackley,fixed_iso_gpc,random,random,0,50,61,62,3024,2.2223266273318227,False,False,False,2978,0.5147448088407423,0.9705103823185155,0.6927122987400566,null,null,null,null,null,null,null,null,null,null,null,null,null
ackley,fixed_iso_gpc,random,random,0,51,62,63,3634,1.7854392581146783,False,False,False,3579,0.4190522554793006,0.8381045109586012,0.6799842494579598,null,null,null,null,null,null,null,null,null,null,null,null,null
ackley,fixed_iso_gpc,random,random,0,52,63,64,2377,1.3377740668403053,False,False,False,2337,0.39280228531544026,0.7856045706308805,0.6699850930397058,null,null,null,null,null,null,null,null,null,null,null,null,null
ackley,fixed_iso_gpc,random,random,0,53,64,65,90,1.833906888170544,False,False,False,90,0.30796603133387634,0.6159320626677527,0.617463564666376,null,null,null,null,null,null,null,null,null,null,null,null,null
ackley,fixed_iso_gpc,random,random,0,54,65,66,2393,1.2390655355892637,False,False,False,2351,0.5477192729788101,0.9045614540423799,0.688585983464064,null,null,null,null,null,null,null,null,null,null,null,null,null
ackley,fixed_iso_gpc,random,random,0,55,66,67,1656,0.9550268222097227,False,False,False,1626,0.554611298556523,0.890777402886954,0.687170476178941,null,null,null,null,null,null,null,null,null,null,null,null,null
ackley,fixed_iso_gpc,random,random,0,56,67,68,2238,0.18444688874245152,False,True,True,2198,0.4100088735350482,0.8200177470700964,0.6768617762317295,null,null,null,null,null,null,null,null,null,null,null,null,null
ackley,fixed_iso_gpc,random,random,0,57,68,69,2746,0.022378218156470453,True,True,True,2698,0.43879056201848243,0.8775811240369649,0.6856351608924025,null,null,null,null,null,null,null,null,null,null,null,null,null
ackley,fixed_iso_gpc,random,random,0,58,69,70,2066,2.0814721001068612,False,False,False,2029,0.42913482091702804,0.8582696418340561,0.6830695346015724,null,null,null,null,null,null,null,null,null,null,null,null,null
ackley,fixed_iso_gpc,random,random,0,59,70,71,2740,2.4674925092374966,False,False,False,2691,0.5661968251071556,0.8676063497856887,0.6843573572451032,null,null,null,null,null,null,null,null,null,null,null,null,null
ackley,fixed_iso_gpc,random,random,0,60,71,72,3571,0.30577122805413204,False,True,True,3508,0.4587384798026477,0.9174769596052954,0.6897382791615221,null,null,null,null,null,null,null,null,null,null,null,null,null
ackley,fixed_iso_gpc,random,random,0,61,72,73,2642,1.511856407029148,False,False,False,2593,0.40550214418348673,0.8110042883669735,0.6751796193703414,null,null,null,null,null,null,null,null,null,null,null,null,null
ackley,fixed_iso_gpc,random,random,0,62,73,74,1902,1.3236313992895763,False,False,False,1868,0.32503221593964327,0.6500644318792865,0.6306045722484082,null,null,null,null,null,null,null,null,null,null,null,null,null
ackley,fixed_iso_gpc,random,random,0,63,74,75,3976,0.21110396901470097,False,True,True,3903,0.4689542077907731,0.9379084155815463,0.6912182575648288,null,null,null,null,null,null,null,null,null,null,null,null,null
ackley,fixed_iso_gpc,random,random,0,64,75,76,3952,0.805934677607997,False,False,False,3879,0.5041206955784316,0.9917586088431367,0.6931132199114014,null,null,null,null,null,null,null,null,null,null,null,null,null
ackley,fixed_iso_gpc,random,random,0,65,76,77,1396,2.750140346185164,False,False,False,1371,0.26043450242173094,0.5208690048434619,0.5735109025541824,null,null,null,null,null,null,null,null,null,null,null,null,null
ackley,fixed_iso_gpc,random,random,0,66,77,78,1240,0.8640101186574576,False,False,False,1218,0.4864211763590127,0.9728423527180254,0.6927783663134529,null,null,null,null,null,null,null,null,null,null,null,null,null
ackley,fixed_iso_gpc,random,random,0,67,78,79,613,0.010961187479594514,True,True,True,602,0.46720155301351696,0.9344031060270339,0.6909941586986432,null,null,null,null,null,null,null,null,null,null,null,null,null
ackley,fixed_iso_gpc,random,random,0,68,79,80,237,0.8900979028771854,False,False,False,232,0.4733749309397055,0.946749861879411,0.6917287211523667,null,null,null,null,null,null,null,null,null,null,null,null,null
ackley,fixed_iso_gpc,classifier_margin,classifier_margin,0,1,12,13,54,0.6245168309977043,False,False,False,54,0.5000233363627168,0.9999533272745664,0.6931471794707738,null,null,null,null,null,null,null,null,null,null,null,null,null
ackley,fixed_iso_gpc,classifier_margin,classifier_margin,0,2,13,14,3101,1.1535405480104934,False,False,False,3090,0.4999693058309334,0.9999386116618668,0.6931471786756812,null,null,null,null,null,null,null,null,null,null,null,null,null
ackley,fixed_iso_gpc,classifier_margin,classifier_margin,0,3,14,15,722,0.4534399583846973,False,False,True,718,0.49994919375273417,0.9998983875054683,0.6931471753973959,null,null,null,null,null,null,null,null,null,null,null,null,null
ackley,fixed_iso_gpc,classifier_margin,classifier_margin,0,4,15,16,2191,1.4524742995741349,False,False,False,2184,0.5000156361680422,0.9999687276639155,0.6931471800709658,null,null,null,null,null,null,null,null,null,null,null,null,null
ackley,fixed_iso_gpc,classifier_margin,classifier_margin,0,5,16,17,2210,0.4642131388152979,False,False,True,2202,0.500002491435862,0.9999950171282761,0.6931471805475309,null,null,null,null,null,null,null,null,null,null,null,null,null
ackley,fixed_iso_gpc,classifier_margin,classifier_margin,0,6,17,18,3901,1.711721226467878,False,False,False,3884,0.5000011434286273,0.9999977131427453,0.6931471805573305,null,null,null,null,null,null,null,null,null,null,null,null,null
ackley,fixed_iso_gpc,classifier_margin,classifier_margin,0,7,18,19,291,0.8094897902274614,False,False,False,290,0.4999855824688232,0.9999711649376464,0.6931471801442148,null,null,null,null,null,null,null,null,null,null,null,null,null
ackley,fixed_iso_gpc,classifier_margin,classifier_margin,0,8,19,20,3033,0.44853758347570505,False,False,True,3019,0.4999728520501565,0.999945704100313,0.6931471790859229,null,null,null,null,null,null,null,null,null,null,null,null,null
ackley,fixed_iso_gpc,classifier_margin,classifier_margin,0,9,20,21,1145,1.8993002885963826,False,False,False,1138,0.49996866332902934,0.9999373266580587,0.6931471785959714,null,null,null,null,null,null,null,null,null,null,null,null,null
ackley,fixed_iso_gpc,classifier_margin,classifier_margin,0,10,21,22,122,3.7963716717472717,False,False,False,121,0.4999732354711318,0.9999464709422636,0.6931471791272653,null,null,null,null,null,null,null,null,null,null,null,null,null
ackley,fixed_iso_gpc,classifier_margin,classifier_margin,0,11,22,23,2044,2.2021360522302054,False,False,False,2034,0.5000085112000598,0.9999829775998803,0.6931471804150643,null,null,null,null,null,null,null,null,null,null,null,null,null
ackley,fixed_iso_gpc,classifier_margin,classifier_margin,0,12,23,24,3595,1.679648455025717,False,False,False,3574,0.5000016182909558,0.9999967634180884,0.6931471805547076,null,null,null,null,null,null,null,null,null,null,null,null,null
ackley,fixed_iso_gpc,classifier_margin,classifier_margin,0,13,24,25,3830,1.3647170797154047,False,False,False,3807,0.5000155782723207,0.9999688434553586,0.6931471800745802,null,null,null,null,null,null,null,null,null,null,null,null,null
ackley,fixed_iso_gpc,classifier_margin,classifier_margin,0,14,25,26,498,0.9132218698114727,False,False,False,493,0.49999583091429556,0.9999916618285911,0.6931471805251828,null,null,null,null,null,null,null,null,null,null,null,null,null
ackley,fixed_iso_gpc,classifier_margin,classifier_margin,0,15,26,27,2372,0.12086533622047568,True,True,True,2357,0.5000804298847267,0.9998391402305467,0.6931471676220126,null,null,null,null,null,null,null,null,null,null,null,null,null
ackley,fixed_iso_gpc,classifier_margin,classifier_margin,0,16,27,28,3915,1.5567898036301493,False,False,False,3888,0.5000118123782282,0.9999763752435435,0.6931471802808808,null,null,null,null,null,null,null,null,null,null,null,null,null
ackley,fixed_iso_gpc,classifier_margin,classifier_margin,0,17,28,29,2440,1.582580356629057,False,False,False,2423,0.4998926387612895,0.999785277522579,0.693147157507074,null,null,null,null,null,null,null,null,null,null,null,null,null
ackley,fixed_iso_gpc,classifier_margin,classifier_margin,0,18,29,30,16,0.11044283612292638,True,True,True,16,0.500042222808915,0.9999155543821701,0.6931471769944142,null,null,null,null,null,null,null,null,null,null,null,null,null
ackley,fixed_iso_gpc,classifier_margin,classifier_margin,0,19,30,31,3835,0.06448483283513973,True,True,True,3807,0.5000085856204035,0.999982828759193,0.6931471804125195,null,null,null,null,null,null,null,null,null,null,null,null,null
ackley,fixed_iso_gpc,classifier_margin,classifier_margin,0,20,31,32,3192,1.465087371847499,False,False,False,3167,0.49997363009568735,0.9999472601913747,0.6931471791692015,null,null,null,null,null,null,null,null,null,null,null,null,null
ackley,fixed_iso_gpc,classifier_margin,classifier_margin,0,21,32,33,347,2.5978125215840198,False,False,False,342,0.5000263689687021,0.9999472620625958,0.6931471791693002,null,null,null,null,null,null,null,null,null,null,null,null,null
ackley,fixed_iso_gpc,classifier_margin,classifier_margin,0,22,33,34,298,0.5275420233065873,False,False,True,294,0.49999121031710386,0.9999824206342077,0.6931471804054282,null,null,null,null,null,null,null,null,null,null,null,null,null
ackley,fixed_iso_gpc,classifier_margin,classifier_margin,0,23,34,35,466,0.1698038861173714,True,True,True,458,0.5000024930658038,0.9999950138683924,0.6931471805475146,null,null,null,null,null,null,null,null,null,null,null,null,null
ackley,fixed_iso_gpc,classifier_margin,classifier_margin,0,24,35,36,3714,0.6798887604351744,False,False,False,3683,0.5000183584582331,0.9999632830835339,0.6931471798858793,null,null,null,null,null,null,null,null,null,null,null,null,null
ackley,fixed_iso_gpc,classifier_margin,classifier_margin,0,25,36,37,350,2.052420953371632,False,False,False,343,0.5000067178652388,0.9999865642695225,0.6931471804696858,null,null,null,null,null,null,null,null,null,null,null,null,null
ackley,fixed_iso_gpc,classifier_margin,classifier_margin,0,26,37,38,3221,1.2348239831404673,False,False,False,3191,0.5000318031876826,0.9999363936246348,0.6931471785370598,null,null,null,null,null,null,null,null,null,null,null,null,null
ackley,fixed_iso_gpc,classifier_margin,classifier_margin,0,27,38,39,2118,0.41700028421898416,False,False,True,2101,0.5000020018222134,0.9999959963555731,0.6931471805519307,null,null,null,null,null,null,null,null,null,null,null,null,null
ackley,fixed_iso_gpc,classifier_margin,classifier_margin,0,28,39,40,719,0.0869042121742627,True,True,True,707,0.5000072483721437,0.9999855032557126,0.6931471804548675,null,null,null,null,null,null,null,null,null,null,null,null,null
ackley,fixed_iso_gpc,classifier_margin,classifier_margin,0,29,40,41,809,1.0970968077559107,False,False,False,794,0.5000120677769715,0.999975864446057,0.6931471802686828,null,null,null,null,null,null,null,null,null,null,null,null,null
ackley,fixed_iso_gpc,classifier_margin,classifier_margin,0,30,41,42,879,2.1384621597070446,False,False,False,863,0.499971581390421,0.999943162780842,0.6931471789447106,null,null,null,null,null,null,null,null,null,null,null,null,null
ackley,fixed_iso_gpc,classifier_margin,classifier_margin,0,31,42,43,274,0.9261937255194894,False,False,False,271,0.49977067387360213,0.9995413477472043,0.6931470753789971,null,null,null,null,null,null,null,null,null,null,null,null,null
ackley,fixed_iso_gpc,classifier_margin,classifier_margin,0,32,43,44,2795,2.1771109879184394,False,False,False,2766,0.500147770167799,0.999704459664402,0.6931471368878996,null,null,null,null,null,null,null,null,null,null,null,null,null
ackley,fixed_iso_gpc,classifier_margin,classifier_margin,0,33,44,45,1660,1.9688387986023237,False,False,False,1641,0.49991618708482055,0.9998323741696411,0.6931471665107358,null,null,null,null,null,null,null,null,null,null,null,null,null
ackley,fixed_iso_gpc,classifier_margin,classifier_margin,0,34,45,46,1514,0.8198907579627139,False,False,False,1495,0.49999753134641417,0.9999950626928283,0.6931471805477568,null,null,null,null,null,null,null,null,null,null,null,null,null
ackley,fixed_iso_gpc,classifier_margin,classifier_margin,0,35,46,47,473,0.024133791915867064,True,True,True,462,0.50002127343811,0.99995745312378,0.693147179654827,null,null,null,null,null,null,null,null,null,null,null,null,null
ackley,fixed_iso_gpc,classifier_margin,classifier_margin,0,36,47,48,3094,0.5857682424505715,False,False,False,3058,0.49993205087141773,0.9998641017428355,0.6931471713257772,null,null,null,null,null,null,null,null,null,null,null,null,null
ackley,fixed_iso_gpc,classifier_margin,classifier_margin,0,37,48,49,1298,0.8600379010414034,False,False,False,1278,0.4999890780180228,0.9999781560360456,0.693147180321366,null,null,null,null,null,null,null,null,null,null,null,null,null
ackley,fixed_iso_gpc,classifier_margin,classifier_margin,0,38,49,50,34,0.4642241923312671,False,False,True,33,0.5000116895158705,0.999976620968259,0.6931471802866557,null,null,null,null,null,null,null,null,null,null,null,null,null
ackley,fixed_iso_gpc,classifier_margin,classifier_margin,0,39,50,51,450,1.3114355613882793,False,False,False,439,0.49988153000492763,0.9997630600098553,0.6931471524896655,null,null,null,null,null,null,null,null,null,null,null,null,null
ackley,fixed_iso_gpc,classifier_margin,classifier_margin,0,40,51,52,3387,0.3551791438942562,False,True,True,3343,0.5000716168408406,0.9998567663183189,0.6931471703020016,null,null,null,null,null,null,null,null,null,null,null,null,null
ackley,fixed_iso_gpc,classifier_margin,classifier_margin,0,41,52,53,2451,0.7430062255250149,False,False,False,2417,0.4999445183469518,0.9998890366939036,0.6931471744035176,null,null,null,null,null,null,null,null,null,null,null,null,null
ackley,fixed_iso_gpc,classifier_margin,classifier_margin,0,42,53,54,3196,0.12630808924595271,True,True,True,3152,0.500026601547101,0.999946796905798,0.6931471791446606,null,null,null,null,null,null,null,null,null,null,null,null,null
ackley,fixed_iso_gpc,classifier_margin,classifier_margin,0,43,54,55,999,2.390675622319362,False,False,False,978,0.4999813737155883,0.9999627474311766,0.6931471798660683,null,null,null,null,null,null,null,null,null,null,null,null,null
ackley,fixed_iso_gpc,classifier_margin,classifier_margin,0,44,55,56,2306,0.004061663123769321,True,True,True,2275,0.5000122888170424,0.9999754223659152,0.6931471802579152,null,null,null,null,null,null,null,null,null,null,null,null,null
ackley,fixed_iso_gpc,classifier_margin,classifier_margin,0,45,56,57,628,0.5189583683313561,False,False,True,613,0.49996942612693823,0.9999388522538765,0.693147178690422,null,null,null,null,null,null,null,null,null,null,null,null,null
ackley,fixed_iso_gpc,classifier_margin,classifier_margin,0,46,57,58,1569,0.5914448471269935,False,False,False,1543,0.49994482360784415,0.9998896472156883,0.6931471744710768,null,null,null,null,null,null,null,null,null,null,null,null,null
ackley,fixed_iso_gpc,classifier_margin,classifier_margin,0,47,58,59,1701,1.0512541741440415,False,False,False,1673,0.5001185701282693,0.9997628597434614,0.6931471524421944,null,null,null,null,null,null,null,null,null,null,null,null,null
ackley,fixed_iso_gpc,classifier_margin,classifier_margin,0,48,59,60,1147,0.005121982352214616,True,True,True,1123,0.5000057145523202,0.9999885708953595,0.6931471804946331,null,null,null,null,null,null,null,null,null,null,null,null,null
ackley,fixed_iso_gpc,classifier_margin,classifier_margin,0,49,60,61,3504,0.790255854470379,False,False,False,3451,0.4999748137396054,0.9999496274792108,0.6931471792912498,null,null,null,null,null,null,null,null,null,null,null,null,null
ackley,fixed_iso_gpc,classifier_margin,classifier_margin,0,50,61,62,451,0.35528613512532026,False,True,True,439,0.500025319785256,0.999949360429488,0.6931471792777623,null,null,null,null,null,null,null,null,null,null,null,null,null
ackley,fixed_iso_gpc,classifier_margin,classifier_margin,0,51,62,63,1888,1.7720513413793544,False,False,False,1856,0.4999309953329414,0.9998619906658828,0.6931471710366571,null,null,null,null,null,null,null,null,null,null,null,null,null
ackley,fixed_iso_gpc,classifier_margin,classifier_margin,0,52,63,64,563,0.045485969449460484,True,True,True,547,0.5000116427401803,0.9999767145196394,0.6931471802888385,null,null,null,null,null,null,null,null,null,null,null,null,null
ackley,fixed_iso_gpc,classifier_margin,classifier_margin,0,53,64,65,2323,2.5201298720582646,False,False,False,2283,0.49993827124696016,0.9998765424939203,0.6931471729390675,null,null,null,null,null,null,null,null,null,null,null,null,null
ackley,fixed_iso_gpc,classifier_margin,classifier_margin,0,54,65,66,950,1.0984155631039734,False,False,False,926,0.4998829353157237,0.9997658706314474,0.6931471531516644,null,null,null,null,null,null,null,null,null,null,null,null,null
ackley,fixed_iso_gpc,classifier_margin,classifier_margin,0,55,66,67,359,2.2671236498019294,False,False,False,349,0.5001918868795849,0.9996162262408301,0.6931471069187944,null,null,null,null,null,null,null,null,null,null,null,null,null
ackley,fixed_iso_gpc,classifier_margin,classifier_margin,0,56,67,68,3075,0.7546495717238866,False,False,False,3023,0.4999547454512057,0.9999094909024114,0.6931471764639969,null,null,null,null,null,null,null,null,null,null,null,null,null
ackley,fixed_iso_gpc,classifier_margin,classifier_margin,0,57,68,69,2328,0.46159202777166897,False,False,True,2285,0.5001305649270595,0.9997388701458809,0.6931471464655445,null,null,null,null,null,null,null,null,null,null,null,null,null
ackley,fixed_iso_gpc,classifier_margin,classifier_margin,0,58,69,70,424,0.29883325585840304,False,True,True,412,0.499976016539365,0.99995203307873,0.6931471794095325,null,null,null,null,null,null,null,null,null,null,null,null,null
ackley,fixed_iso_gpc,classifier_margin,classifier_margin,0,59,70,71,1625,0.9414689448430344,False,False,False,1592,0.4999784573332106,0.9999569146664212,0.6931471796317723,null,null,null,null,null,null,null,null,null,null,null,null,null
ackley,fixed_iso_gpc,classifier_margin,classifier_margin,0,60,71,72,3650,0.13793257034151907,True,True,True,3585,0.5000990432982926,0.9998019134034148,0.6931471609407953,null,null,null,null,null,null,null,null,null,null,null,null,null
ackley,fixed_iso_gpc,classifier_margin,classifier_margin,0,61,72,73,305,0.5095792753853594,False,False,True,298,0.5000121374958233,0.9999757250083534,0.6931471802653077,null,null,null,null,null,null,null,null,null,null,null,null,null
ackley,fixed_iso_gpc,classifier_margin,classifier_margin,0,62,73,74,1961,0.15062280515329007,True,True,True,1922,0.500205211642295,0.9995895767154099,0.6931470963363067,null,null,null,null,null,null,null,null,null,null,null,null,null
ackley,fixed_iso_gpc,classifier_margin,classifier_margin,0,63,74,75,2577,0.1390446767553346,True,True,True,2524,0.4999656390032238,0.9999312780064477,0.6931471781985892,null,null,null,null,null,null,null,null,null,null,null,null,null
ackley,fixed_iso_gpc,classifier_margin,classifier_margin,0,64,75,76,2776,1.4392694000089055,False,False,False,2722,0.49989469197505665,0.9997893839501133,0.693147158380385,null,null,null,null,null,null,null,null,null,null,null,null,null
ackley,fixed_iso_gpc,classifier_margin,classifier_margin,0,65,76,77,3875,0.012324521510395314,True,True,True,3801,0.49996456509153253,0.9999291301830651,0.6931471780486798,null,null,null,null,null,null,null,null,null,null,null,null,null
ackley,fixed_iso_gpc,classifier_margin,classifier_margin,0,66,77,78,1938,0.16765625915902405,True,True,True,1899,0.4999938561589905,0.999987712317981,0.6931471804844518,null,null,null,null,null,null,null,null,null,null,null,null,null
ackley,fixed_iso_gpc,classifier_margin,classifier_margin,0,67,78,79,2010,0.490647625212425,False,False,True,1969,0.5000606691979999,0.9998786616040003,0.6931471731984422,null,null,null,null,null,null,null,null,null,null,null,null,null
ackley,fixed_iso_gpc,classifier_margin,classifier_margin,0,68,79,80,3996,1.2776811112909527,False,False,False,3917,0.5000503917442227,0.9998992165115546,0.6931471754812895,null,null,null,null,null,null,null,null,null,null,null,null,null
ackley,fixed_iso_gpc,classifier_entropy,classifier_entropy,0,1,12,13,54,0.6245168309977043,False,False,False,54,0.5000233363627168,0.9999533272745664,0.6931471794707738,Binary entropy is monotone-equivalent to classifier margin.,null,null,null,null,null,null,null,null,null,null,null,null
ackley,fixed_iso_gpc,classifier_entropy,classifier_entropy,0,2,13,14,3101,1.1535405480104934,False,False,False,3090,0.4999693058309334,0.9999386116618668,0.6931471786756812,Binary entropy is monotone-equivalent to classifier margin.,null,null,null,null,null,null,null,null,null,null,null,null
ackley,fixed_iso_gpc,classifier_entropy,classifier_entropy,0,3,14,15,722,0.4534399583846973,False,False,True,718,0.49994919375273417,0.9998983875054683,0.6931471753973959,Binary entropy is monotone-equivalent to classifier margin.,null,null,null,null,null,null,null,null,null,null,null,null
ackley,fixed_iso_gpc,classifier_entropy,classifier_entropy,0,4,15,16,2191,1.4524742995741349,False,False,False,2184,0.5000156361680422,0.9999687276639155,0.6931471800709658,Binary entropy is monotone-equivalent to classifier margin.,null,null,null,null,null,null,null,null,null,null,null,null
ackley,fixed_iso_gpc,classifier_entropy,classifier_entropy,0,5,16,17,2210,0.4642131388152979,False,False,True,2202,0.500002491435862,0.9999950171282761,0.6931471805475309,Binary entropy is monotone-equivalent to classifier margin.,null,null,null,null,null,null,null,null,null,null,null,null
ackley,fixed_iso_gpc,classifier_entropy,classifier_entropy,0,6,17,18,3901,1.711721226467878,False,False,False,3884,0.5000011434286273,0.9999977131427453,0.6931471805573305,Binary entropy is monotone-equivalent to classifier margin.,null,null,null,null,null,null,null,null,null,null,null,null
ackley,fixed_iso_gpc,classifier_entropy,classifier_entropy,0,7,18,19,291,0.8094897902274614,False,False,False,290,0.4999855824688232,0.9999711649376464,0.6931471801442148,Binary entropy is monotone-equivalent to classifier margin.,null,null,null,null,null,null,null,null,null,null,null,null
ackley,fixed_iso_gpc,classifier_entropy,classifier_entropy,0,8,19,20,3033,0.44853758347570505,False,False,True,3019,0.4999728520501565,0.999945704100313,0.6931471790859229,Binary entropy is monotone-equivalent to classifier margin.,null,null,null,null,null,null,null,null,null,null,null,null
ackley,fixed_iso_gpc,classifier_entropy,classifier_entropy,0,9,20,21,1145,1.8993002885963826,False,False,False,1138,0.49996866332902934,0.9999373266580587,0.6931471785959714,Binary entropy is monotone-equivalent to classifier margin.,null,null,null,null,null,null,null,null,null,null,null,null
ackley,fixed_iso_gpc,classifier_entropy,classifier_entropy,0,10,21,22,122,3.7963716717472717,False,False,False,121,0.4999732354711318,0.9999464709422636,0.6931471791272653,Binary entropy is monotone-equivalent to classifier margin.,null,null,null,null,null,null,null,null,null,null,null,null
ackley,fixed_iso_gpc,classifier_entropy,classifier_entropy,0,11,22,23,2044,2.2021360522302054,False,False,False,2034,0.5000085112000598,0.9999829775998803,0.6931471804150643,Binary entropy is monotone-equivalent to classifier margin.,null,null,null,null,null,null,null,null,null,null,null,null
ackley,fixed_iso_gpc,classifier_entropy,classifier_entropy,0,12,23,24,3595,1.679648455025717,False,False,False,3574,0.5000016182909558,0.9999967634180884,0.6931471805547076,Binary entropy is monotone-equivalent to classifier margin.,null,null,null,null,null,null,null,null,null,null,null,null
ackley,fixed_iso_gpc,classifier_entropy,classifier_entropy,0,13,24,25,3830,1.3647170797154047,False,False,False,3807,0.5000155782723207,0.9999688434553586,0.6931471800745802,Binary entropy is monotone-equivalent to classifier margin.,null,null,null,null,null,null,null,null,null,null,null,null
ackley,fixed_iso_gpc,classifier_entropy,classifier_entropy,0,14,25,26,498,0.9132218698114727,False,False,False,493,0.49999583091429556,0.9999916618285911,0.6931471805251828,Binary entropy is monotone-equivalent to classifier margin.,null,null,null,null,null,null,null,null,null,null,null,null
ackley,fixed_iso_gpc,classifier_entropy,classifier_entropy,0,15,26,27,2372,0.12086533622047568,True,True,True,2357,0.5000804298847267,0.9998391402305467,0.6931471676220126,Binary entropy is monotone-equivalent to classifier margin.,null,null,null,null,null,null,null,null,null,null,null,null
ackley,fixed_iso_gpc,classifier_entropy,classifier_entropy,0,16,27,28,3915,1.5567898036301493,False,False,False,3888,0.5000118123782282,0.9999763752435435,0.6931471802808808,Binary entropy is monotone-equivalent to classifier margin.,null,null,null,null,null,null,null,null,null,null,null,null
ackley,fixed_iso_gpc,classifier_entropy,classifier_entropy,0,17,28,29,2440,1.582580356629057,False,False,False,2423,0.4998926387612895,0.999785277522579,0.693147157507074,Binary entropy is monotone-equivalent to classifier margin.,null,null,null,null,null,null,null,null,null,null,null,null
ackley,fixed_iso_gpc,classifier_entropy,classifier_entropy,0,18,29,30,16,0.11044283612292638,True,True,True,16,0.500042222808915,0.9999155543821701,0.6931471769944142,Binary entropy is monotone-equivalent to classifier margin.,null,null,null,null,null,null,null,null,null,null,null,null
ackley,fixed_iso_gpc,classifier_entropy,classifier_entropy,0,19,30,31,3835,0.06448483283513973,True,True,True,3807,0.5000085856204035,0.999982828759193,0.6931471804125195,Binary entropy is monotone-equivalent to classifier margin.,null,null,null,null,null,null,null,null,null,null,null,null
ackley,fixed_iso_gpc,classifier_entropy,classifier_entropy,0,20,31,32,3192,1.465087371847499,False,False,False,3167,0.49997363009568735,0.9999472601913747,0.6931471791692015,Binary entropy is monotone-equivalent to classifier margin.,null,null,null,null,null,null,null,null,null,null,null,null
ackley,fixed_iso_gpc,classifier_entropy,classifier_entropy,0,21,32,33,347,2.5978125215840198,False,False,False,342,0.5000263689687021,0.9999472620625958,0.6931471791693002,Binary entropy is monotone-equivalent to classifier margin.,null,null,null,null,null,null,null,null,null,null,null,null
ackley,fixed_iso_gpc,classifier_entropy,classifier_entropy,0,22,33,34,298,0.5275420233065873,False,False,True,294,0.49999121031710386,0.9999824206342077,0.6931471804054282,Binary entropy is monotone-equivalent to classifier margin.,null,null,null,null,null,null,null,null,null,null,null,null
ackley,fixed_iso_gpc,classifier_entropy,classifier_entropy,0,23,34,35,466,0.1698038861173714,True,True,True,458,0.5000024930658038,0.9999950138683924,0.6931471805475146,Binary entropy is monotone-equivalent to classifier margin.,null,null,null,null,null,null,null,null,null,null,null,null
ackley,fixed_iso_gpc,classifier_entropy,classifier_entropy,0,24,35,36,3714,0.6798887604351744,False,False,False,3683,0.5000183584582331,0.9999632830835339,0.6931471798858793,Binary entropy is monotone-equivalent to classifier margin.,null,null,null,null,null,null,null,null,null,null,null,null
ackley,fixed_iso_gpc,classifier_entropy,classifier_entropy,0,25,36,37,350,2.052420953371632,False,False,False,343,0.5000067178652388,0.9999865642695225,0.6931471804696858,Binary entropy is monotone-equivalent to classifier margin.,null,null,null,null,null,null,null,null,null,null,null,null
ackley,fixed_iso_gpc,classifier_entropy,classifier_entropy,0,26,37,38,3221,1.2348239831404673,False,False,False,3191,0.5000318031876826,0.9999363936246348,0.6931471785370598,Binary entropy is monotone-equivalent to classifier margin.,null,null,null,null,null,null,null,null,null,null,null,null
ackley,fixed_iso_gpc,classifier_entropy,classifier_entropy,0,27,38,39,2118,0.41700028421898416,False,False,True,2101,0.5000020018222134,0.9999959963555731,0.6931471805519307,Binary entropy is monotone-equivalent to classifier margin.,null,null,null,null,null,null,null,null,null,null,null,null
ackley,fixed_iso_gpc,classifier_entropy,classifier_entropy,0,28,39,40,719,0.0869042121742627,True,True,True,707,0.5000072483721437,0.9999855032557126,0.6931471804548675,Binary entropy is monotone-equivalent to classifier margin.,null,null,null,null,null,null,null,null,null,null,null,null
ackley,fixed_iso_gpc,classifier_entropy,classifier_entropy,0,29,40,41,809,1.0970968077559107,False,False,False,794,0.5000120677769715,0.999975864446057,0.6931471802686828,Binary entropy is monotone-equivalent to classifier margin.,null,null,null,null,null,null,null,null,null,null,null,null
ackley,fixed_iso_gpc,classifier_entropy,classifier_entropy,0,30,41,42,879,2.1384621597070446,False,False,False,863,0.499971581390421,0.999943162780842,0.6931471789447106,Binary entropy is monotone-equivalent to classifier margin.,null,null,null,null,null,null,null,null,null,null,null,null
ackley,fixed_iso_gpc,classifier_entropy,classifier_entropy,0,31,42,43,274,0.9261937255194894,False,False,False,271,0.49977067387360213,0.9995413477472043,0.6931470753789971,Binary entropy is monotone-equivalent to classifier margin.,null,null,null,null,null,null,null,null,null,null,null,null
ackley,fixed_iso_gpc,classifier_entropy,classifier_entropy,0,32,43,44,2795,2.1771109879184394,False,False,False,2766,0.500147770167799,0.999704459664402,0.6931471368878996,Binary entropy is monotone-equivalent to classifier margin.,null,null,null,null,null,null,null,null,null,null,null,null
ackley,fixed_iso_gpc,classifier_entropy,classifier_entropy,0,33,44,45,1660,1.9688387986023237,False,False,False,1641,0.49991618708482055,0.9998323741696411,0.6931471665107358,Binary entropy is monotone-equivalent to classifier margin.,null,null,null,null,null,null,null,null,null,null,null,null
ackley,fixed_iso_gpc,classifier_entropy,classifier_entropy,0,34,45,46,1514,0.8198907579627139,False,False,False,1495,0.49999753134641417,0.9999950626928283,0.6931471805477568,Binary entropy is monotone-equivalent to classifier margin.,null,null,null,null,null,null,null,null,null,null,null,null
ackley,fixed_iso_gpc,classifier_entropy,classifier_entropy,0,35,46,47,473,0.024133791915867064,True,True,True,462,0.50002127343811,0.99995745312378,0.693147179654827,Binary entropy is monotone-equivalent to classifier margin.,null,null,null,null,null,null,null,null,null,null,null,null
ackley,fixed_iso_gpc,classifier_entropy,classifier_entropy,0,36,47,48,3094,0.5857682424505715,False,False,False,3058,0.49993205087141773,0.9998641017428355,0.6931471713257772,Binary entropy is monotone-equivalent to classifier margin.,null,null,null,null,null,null,null,null,null,null,null,null
ackley,fixed_iso_gpc,classifier_entropy,classifier_entropy,0,37,48,49,1298,0.8600379010414034,False,False,False,1278,0.4999890780180228,0.9999781560360456,0.693147180321366,Binary entropy is monotone-equivalent to classifier margin.,null,null,null,null,null,null,null,null,null,null,null,null
ackley,fixed_iso_gpc,classifier_entropy,classifier_entropy,0,38,49,50,34,0.4642241923312671,False,False,True,33,0.5000116895158705,0.999976620968259,0.6931471802866557,Binary entropy is monotone-equivalent to classifier margin.,null,null,null,null,null,null,null,null,null,null,null,null
ackley,fixed_iso_gpc,classifier_entropy,classifier_entropy,0,39,50,51,450,1.3114355613882793,False,False,False,439,0.49988153000492763,0.9997630600098553,0.6931471524896655,Binary entropy is monotone-equivalent to classifier margin.,null,null,null,null,null,null,null,null,null,null,null,null
ackley,fixed_iso_gpc,classifier_entropy,classifier_entropy,0,40,51,52,3387,0.3551791438942562,False,True,True,3343,0.5000716168408406,0.9998567663183189,0.6931471703020016,Binary entropy is monotone-equivalent to classifier margin.,null,null,null,null,null,null,null,null,null,null,null,null
ackley,fixed_iso_gpc,classifier_entropy,classifier_entropy,0,41,52,53,2451,0.7430062255250149,False,False,False,2417,0.4999445183469518,0.9998890366939036,0.6931471744035176,Binary entropy is monotone-equivalent to classifier margin.,null,null,null,null,null,null,null,null,null,null,null,null
ackley,fixed_iso_gpc,classifier_entropy,classifier_entropy,0,42,53,54,3196,0.12630808924595271,True,True,True,3152,0.500026601547101,0.999946796905798,0.6931471791446606,Binary entropy is monotone-equivalent to classifier margin.,null,null,null,null,null,null,null,null,null,null,null,null
ackley,fixed_iso_gpc,classifier_entropy,classifier_entropy,0,43,54,55,999,2.390675622319362,False,False,False,978,0.4999813737155883,0.9999627474311766,0.6931471798660683,Binary entropy is monotone-equivalent to classifier margin.,null,null,null,null,null,null,null,null,null,null,null,null
ackley,fixed_iso_gpc,classifier_entropy,classifier_entropy,0,44,55,56,2306,0.004061663123769321,True,True,True,2275,0.5000122888170424,0.9999754223659152,0.6931471802579152,Binary entropy is monotone-equivalent to classifier margin.,null,null,null,null,null,null,null,null,null,null,null,null
ackley,fixed_iso_gpc,classifier_entropy,classifier_entropy,0,45,56,57,628,0.5189583683313561,False,False,True,613,0.49996942612693823,0.9999388522538765,0.693147178690422,Binary entropy is monotone-equivalent to classifier margin.,null,null,null,null,null,null,null,null,null,null,null,null
ackley,fixed_iso_gpc,classifier_entropy,classifier_entropy,0,46,57,58,1569,0.5914448471269935,False,False,False,1543,0.49994482360784415,0.9998896472156883,0.6931471744710768,Binary entropy is monotone-equivalent to classifier margin.,null,null,null,null,null,null,null,null,null,null,null,null
ackley,fixed_iso_gpc,classifier_entropy,classifier_entropy,0,47,58,59,1701,1.0512541741440415,False,False,False,1673,0.5001185701282693,0.9997628597434614,0.6931471524421944,Binary entropy is monotone-equivalent to classifier margin.,null,null,null,null,null,null,null,null,null,null,null,null
ackley,fixed_iso_gpc,classifier_entropy,classifier_entropy,0,48,59,60,1147,0.005121982352214616,True,True,True,1123,0.5000057145523202,0.9999885708953595,0.6931471804946331,Binary entropy is monotone-equivalent to classifier margin.,null,null,null,null,null,null,null,null,null,null,null,null
ackley,fixed_iso_gpc,classifier_entropy,classifier_entropy,0,49,60,61,3504,0.790255854470379,False,False,False,3451,0.4999748137396054,0.9999496274792108,0.6931471792912498,Binary entropy is monotone-equivalent to classifier margin.,null,null,null,null,null,null,null,null,null,null,null,null
ackley,fixed_iso_gpc,classifier_entropy,classifier_entropy,0,50,61,62,451,0.35528613512532026,False,True,True,439,0.500025319785256,0.999949360429488,0.6931471792777623,Binary entropy is monotone-equivalent to classifier margin.,null,null,null,null,null,null,null,null,null,null,null,null
ackley,fixed_iso_gpc,classifier_entropy,classifier_entropy,0,51,62,63,1888,1.7720513413793544,False,False,False,1856,0.4999309953329414,0.9998619906658828,0.6931471710366571,Binary entropy is monotone-equivalent to classifier margin.,null,null,null,null,null,null,null,null,null,null,null,null
ackley,fixed_iso_gpc,classifier_entropy,classifier_entropy,0,52,63,64,563,0.045485969449460484,True,True,True,547,0.5000116427401803,0.9999767145196394,0.6931471802888385,Binary entropy is monotone-equivalent to classifier margin.,null,null,null,null,null,null,null,null,null,null,null,null
ackley,fixed_iso_gpc,classifier_entropy,classifier_entropy,0,53,64,65,2323,2.5201298720582646,False,False,False,2283,0.49993827124696016,0.9998765424939203,0.6931471729390675,Binary entropy is monotone-equivalent to classifier margin.,null,null,null,null,null,null,null,null,null,null,null,null
ackley,fixed_iso_gpc,classifier_entropy,classifier_entropy,0,54,65,66,950,1.0984155631039734,False,False,False,926,0.4998829353157237,0.9997658706314474,0.6931471531516644,Binary entropy is monotone-equivalent to classifier margin.,null,null,null,null,null,null,null,null,null,null,null,null
ackley,fixed_iso_gpc,classifier_entropy,classifier_entropy,0,55,66,67,359,2.2671236498019294,False,False,False,349,0.5001918868795849,0.9996162262408301,0.6931471069187944,Binary entropy is monotone-equivalent to classifier margin.,null,null,null,null,null,null,null,null,null,null,null,null
ackley,fixed_iso_gpc,classifier_entropy,classifier_entropy,0,56,67,68,3075,0.7546495717238866,False,False,False,3023,0.4999547454512057,0.9999094909024114,0.6931471764639969,Binary entropy is monotone-equivalent to classifier margin.,null,null,null,null,null,null,null,null,null,null,null,null
ackley,fixed_iso_gpc,classifier_entropy,classifier_entropy,0,57,68,69,2328,0.46159202777166897,False,False,True,2285,0.5001305649270595,0.9997388701458809,0.6931471464655445,Binary entropy is monotone-equivalent to classifier margin.,null,null,null,null,null,null,null,null,null,null,null,null
ackley,fixed_iso_gpc,classifier_entropy,classifier_entropy,0,58,69,70,424,0.29883325585840304,False,True,True,412,0.499976016539365,0.99995203307873,0.6931471794095325,Binary entropy is monotone-equivalent to classifier margin.,null,null,null,null,null,null,null,null,null,null,null,null
ackley,fixed_iso_gpc,classifier_entropy,classifier_entropy,0,59,70,71,1625,0.9414689448430344,False,False,False,1592,0.4999784573332106,0.9999569146664212,0.6931471796317723,Binary entropy is monotone-equivalent to classifier margin.,null,null,null,null,null,null,null,null,null,null,null,null
ackley,fixed_iso_gpc,classifier_entropy,classifier_entropy,0,60,71,72,3650,0.13793257034151907,True,True,True,3585,0.5000990432982926,0.9998019134034148,0.6931471609407953,Binary entropy is monotone-equivalent to classifier margin.,null,null,null,null,null,null,null,null,null,null,null,null
ackley,fixed_iso_gpc,classifier_entropy,classifier_entropy,0,61,72,73,305,0.5095792753853594,False,False,True,298,0.5000121374958233,0.9999757250083534,0.6931471802653077,Binary entropy is monotone-equivalent to classifier margin.,null,null,null,null,null,null,null,null,null,null,null,null
ackley,fixed_iso_gpc,classifier_entropy,classifier_entropy,0,62,73,74,1961,0.15062280515329007,True,True,True,1922,0.500205211642295,0.9995895767154099,0.6931470963363067,Binary entropy is monotone-equivalent to classifier margin.,null,null,null,null,null,null,null,null,null,null,null,null
ackley,fixed_iso_gpc,classifier_entropy,classifier_entropy,0,63,74,75,2577,0.1390446767553346,True,True,True,2524,0.4999656390032238,0.9999312780064477,0.6931471781985892,Binary entropy is monotone-equivalent to classifier margin.,null,null,null,null,null,null,null,null,null,null,null,null
ackley,fixed_iso_gpc,classifier_entropy,classifier_entropy,0,64,75,76,2776,1.4392694000089055,False,False,False,2722,0.49989469197505665,0.9997893839501133,0.693147158380385,Binary entropy is monotone-equivalent to classifier margin.,null,null,null,null,null,null,null,null,null,null,null,null
ackley,fixed_iso_gpc,classifier_entropy,classifier_entropy,0,65,76,77,3875,0.012324521510395314,True,True,True,3801,0.49996456509153253,0.9999291301830651,0.6931471780486798,Binary entropy is monotone-equivalent to classifier margin.,null,null,null,null,null,null,null,null,null,null,null,null
ackley,fixed_iso_gpc,classifier_entropy,classifier_entropy,0,66,77,78,1938,0.16765625915902405,True,True,True,1899,0.4999938561589905,0.999987712317981,0.6931471804844518,Binary entropy is monotone-equivalent to classifier margin.,null,null,null,null,null,null,null,null,null,null,null,null
ackley,fixed_iso_gpc,classifier_entropy,classifier_entropy,0,67,78,79,2010,0.490647625212425,False,False,True,1969,0.5000606691979999,0.9998786616040003,0.6931471731984422,Binary entropy is monotone-equivalent to classifier margin.,null,null,null,null,null,null,null,null,null,null,null,null
ackley,fixed_iso_gpc,classifier_entropy,classifier_entropy,0,68,79,80,3996,1.2776811112909527,False,False,False,3917,0.5000503917442227,0.9998992165115546,0.6931471754812895,Binary entropy is monotone-equivalent to classifier margin.,null,null,null,null,null,null,null,null,null,null,null,null
ackley,fixed_iso_gpc,classifier_gated_diversity,classifier_gated_diversity,0,1,12,13,2904,3.1269071435549876,False,False,False,2895,0.49982719031803335,0.9996543806360667,0.6931471208335718,null,0.1,25,399,0.5,8,0.9720381174548122,0.8985007062245776,1.0,0.986019058727406,null,null,null
ackley,fixed_iso_gpc,classifier_gated_diversity,classifier_gated_diversity,0,2,13,14,2044,2.2021360522302054,False,False,False,2039,0.5001284988441085,0.999743002311783,0.6931471475360391,null,0.1,25,399,0.5,4,0.9833651528950424,0.6626436607443801,0.8400745377583014,0.9117198453266719,null,null,null
ackley,fixed_iso_gpc,classifier_gated_diversity,classifier_gated_diversity,0,3,14,15,1509,2.7282070372227043,False,False,False,1505,0.4986229416619339,0.9972458833238678,0.6931433879758179,null,0.1,25,399,0.5,76,0.7953322482528937,0.743069571757521,1.0,0.8976661241264469,null,null,null
ackley,fixed_iso_gpc,classifier_gated_diversity,classifier_gated_diversity,0,4,15,16,2183,3.256634836082201,False,False,False,2176,0.5005480306156698,0.9989039387686605,0.6931465798847136,null,0.1,25,399,0.5,39,0.9108110168243408,0.6583267743766278,0.8746115400427904,0.8927112784335656,null,null,null
ackley,fixed_iso_gpc,classifier_gated_diversity,classifier_gated_diversity,0,5,16,17,3627,3.7058916595433384,False,False,False,3612,0.49872535320091504,0.9974507064018301,0.6931439311075008,null,0.1,25,399,0.5,82,0.788483440755826,0.7182752334747265,1.0,0.8942417203779129,null,null,null
ackley,fixed_iso_gpc,classifier_gated_diversity,classifier_gated_diversity,0,6,17,18,1145,1.8993002885963826,False,False,False,1141,0.49996425325883587,0.9999285065176717,0.6931471780042863,null,0.1,25,399,0.5,3,0.9940758273545783,0.5818044555702604,0.7723861200713048,0.8832309737129416,null,null,null
ackley,fixed_iso_gpc,classifier_gated_diversity,classifier_gated_diversity,0,7,18,19,3822,2.497315835564695,False,False,False,3804,0.4984812244144412,0.9969624488288824,0.6931425671942923,null,0.1,25,399,0.5,92,0.7657108091756161,0.6428900205025037,0.9104931058566883,0.8381019575161521,null,null,null
ackley,fixed_iso_gpc,classifier_gated_diversity,classifier_gated_diversity,0,8,19,20,3508,1.584125018435472,False,False,False,3492,0.5003961855499692,0.9992076289000615,0.6931468666339324,null,0.1,25,399,0.5,21,0.9390449843172933,0.5567754851168704,0.7157986812801059,0.8274218327986996,null,null,null
ackley,fixed_iso_gpc,classifier_gated_diversity,classifier_gated_diversity,0,9,20,21,2351,2.671581092789669,False,False,False,2341,0.49736838378319526,0.9947367675663905,0.6931333296881712,null,0.1,25,398,0.5,153,0.6205682712185282,0.6824794675024638,1.0,0.810284135609264,null,null,null
ackley,fixed_iso_gpc,classifier_gated_diversity,classifier_gated_diversity,0,10,21,22,587,1.2104511130110147,False,False,False,585,0.5001511174996639,0.9996977650006722,0.6931471348869471,null,0.1,25,398,0.5,7,0.9790091079344526,0.5238649406495681,0.8082658240384211,0.8936374659864368,null,null,null
ackley,fixed_iso_gpc,classifier_gated_diversity,classifier_gated_diversity,0,11,22,23,883,0.5327365923386491,False,False,True,878,0.5001638400384267,0.9996723199231465,0.693147126872828,null,0.1,25,398,0.5,9,0.9764064311094712,0.5088422847595361,0.7647283369968715,0.8705673840531714,null,null,null
ackley,fixed_iso_gpc,classifier_gated_diversity,classifier_gated_diversity,0,12,23,24,3056,1.4392755265720716,False,False,False,3039,0.4994189635591766,0.9988379271183532,0.6931465053531023,null,0.1,25,398,0.5,35,0.9222527281639736,0.4953196190602303,0.7502357076721305,0.836244217918052,null,null,null
ackley,fixed_iso_gpc,classifier_gated_diversity,classifier_gated_diversity,0,13,24,25,1653,2.8769909573233203,False,False,False,1645,0.5003419239547012,0.9993161520905975,0.6931469467359455,null,0.1,25,398,0.5,20,0.9564334211416543,0.5651013579326394,0.9720294755898063,0.9642314483657304,null,null,null
ackley,fixed_iso_gpc,classifier_gated_diversity,classifier_gated_diversity,0,14,25,26,3561,0.11238258447222371,True,True,True,3539,0.500256898582534,0.9994862028349321,0.6931470485661761,null,0.1,25,398,0.5,12,0.9642262022151372,0.5184058975780809,0.9662949328474959,0.9652605675313166,null,null,null
ackley,fixed_iso_gpc,classifier_gated_diversity,classifier_gated_diversity,0,15,26,27,1775,0.5214058920791196,False,False,True,1766,0.4995963528511087,0.9991927057022174,0.6931468546978683,null,0.1,25,398,0.5,23,0.9483503701717907,0.5147648978533502,0.9760287200721115,0.9621895451219511,null,null,null
ackley,fixed_iso_gpc,classifier_gated_diversity,classifier_gated_diversity,0,16,27,28,3830,1.3647170797154047,False,False,False,3803,0.5011436824785793,0.9977126350428414,0.6931445645384404,null,0.1,25,398,0.5,57,0.8555989062690549,0.522291633167467,0.999932201651861,0.9277655539604579,null,null,null
ackley,fixed_iso_gpc,classifier_gated_diversity,classifier_gated_diversity,0,17,28,29,3654,3.183543453643269,False,False,False,3629,0.49987973544571246,0.9997594708914249,0.693147151632819,null,0.1,25,398,0.5,7,0.9869990811380276,0.4807312497538606,0.8679727400302809,0.9274859105841542,null,null,null
ackley,fixed_iso_gpc,classifier_gated_diversity,classifier_gated_diversity,0,18,29,30,3666,0.6404762371861477,False,False,False,3640,0.49972630106331506,0.9994526021266301,0.693147030737722,null,0.1,25,398,0.5,10,0.9628425811137177,0.4978903167585297,0.9594114686394764,0.9611270248765971,null,null,null
ackley,fixed_iso_gpc,classifier_gated_diversity,classifier_gated_diversity,0,19,30,31,3769,1.6676939315649388,False,False,False,3741,0.5002483939930469,0.9995032120139062,0.6931470571607887,null,0.1,25,397,0.5,17,0.9684906572317046,0.4603407236700277,0.8888677162187744,0.9286791867252395,null,null,null
ackley,fixed_iso_gpc,classifier_gated_diversity,classifier_gated_diversity,0,20,31,32,630,2.1230918526899387,False,False,False,627,0.5006852760711502,0.9986294478576996,0.6931462413530639,null,0.1,25,397,0.5,49,0.9104235170290057,0.4759845331499667,0.9455792509403856,0.9280013839846957,null,null,null
ackley,fixed_iso_gpc,classifier_gated_diversity,classifier_gated_diversity,0,21,32,33,3150,1.344986647847188,False,False,False,3127,0.499841635487114,0.999683270974228,0.6931471304013066,null,0.1,25,397,0.5,17,0.9797548682712507,0.4558045665553611,0.9288697024986061,0.9543122853849284,null,null,null
ackley,fixed_iso_gpc,classifier_gated_diversity,classifier_gated_diversity,0,22,33,34,757,0.999482371768309,False,False,False,752,0.49982551775379047,0.9996510355075809,0.6931471196718355,null,0.1,25,397,0.5,13,0.9810027056351085,0.438194797396074,0.8932368722081342,0.9371197889216214,null,null,null
ackley,fixed_iso_gpc,classifier_gated_diversity,classifier_gated_diversity,0,23,34,35,501,0.3076855357480337,False,True,True,499,0.4997629880325314,0.9995259760650628,0.6931470682105957,null,0.1,25,397,0.5,16,0.9719284770472789,0.44865610240856685,0.9266760997768266,0.9493022884120528,null,null,null
ackley,fixed_iso_gpc,classifier_gated_diversity,classifier_gated_diversity,0,24,35,36,2358,0.30221883560348495,False,True,True,2340,0.49972888115474834,0.9994577623094967,0.6931470335490817,null,0.1,25,397,0.5,16,0.9763876708670494,0.42576864906798767,0.8955236850627945,0.9359556779649219,null,null,null
ackley,fixed_iso_gpc,classifier_gated_diversity,classifier_gated_diversity,0,25,36,37,1046,0.5863138984930014,False,False,False,1037,0.5004069275453529,0.9991861449092942,0.6931468493798544,null,0.1,25,397,0.5,17,0.950279754727688,0.42683707941535265,0.8994233311849178,0.9248515429563029,null,null,null
ackley,fixed_iso_gpc,classifier_gated_diversity,classifier_gated_diversity,0,26,37,38,553,0.5066625447901512,False,False,True,550,0.4998909211486591,0.9997818422973181,0.6931471567635534,null,0.1,25,397,0.5,3,0.9890842872540802,0.4239071360794274,0.8887293798233145,0.9389068335386973,null,null,null
ackley,fixed_iso_gpc,classifier_gated_diversity,classifier_gated_diversity,0,27,38,39,616,1.3007329731991675,False,False,False,611,0.49953251157470346,0.9990650231494069,0.693146743469026,null,0.1,25,397,0.5,22,0.9460982454731404,0.41411865185330843,0.8581518664812773,0.9021250559772088,null,null,null
ackley,fixed_iso_gpc,classifier_gated_diversity,classifier_gated_diversity,0,28,39,40,2810,0.410135573770086,False,False,True,2786,0.5003288918391213,0.9993422163217573,0.693146964220246,null,0.1,25,397,0.5,13,0.9640180166600922,0.4173968320087304,0.8702559803632779,0.9171369985116851,null,null,null
ackley,fixed_iso_gpc,classifier_gated_diversity,classifier_gated_diversity,0,29,40,41,2353,0.9711733675918754,False,False,False,2332,0.4997637587208645,0.999527517441729,0.6931470689400573,null,0.1,25,396,0.5,6,0.9804840414991225,0.41091314785365735,0.8475181004214505,0.9140010709602865,null,null,null
ackley,fixed_iso_gpc,classifier_gated_diversity,classifier_gated_diversity,0,30,41,42,3763,3.3462089707598413,False,False,False,3725,0.49786458412099943,0.9957291682419989,0.6931380605302677,null,0.1,25,396,0.5,82,0.7776623552029395,0.454393211903702,1.0,0.8888311776014697,null,null,null
ackley,fixed_iso_gpc,classifier_gated_diversity,classifier_gated_diversity,0,31,42,43,1536,1.934980807471824,False,False,False,1522,0.49899830966669834,0.9979966193333967,0.6931451737915553,null,0.1,25,396,0.5,25,0.8963382267795801,0.4026754036289168,0.8405304645591136,0.8684343456693469,null,null,null
ackley,fixed_iso_gpc,classifier_gated_diversity,classifier_gated_diversity,0,32,43,44,3216,2.412757820841403,False,False,False,3183,0.502497871759843,0.9950042564803141,0.6931347017813814,null,0.1,25,396,0.5,99,0.7288467787259385,0.4439862111959509,0.989280891706604,0.8590638352162713,null,null,null
ackley,fixed_iso_gpc,classifier_gated_diversity,classifier_gated_diversity,0,33,44,45,184,0.24522911590774754,False,True,True,184,0.49946436444615183,0.9989287288923037,0.6931466067489425,null,0.1,25,396,0.5,22,0.9444184766199274,0.3817668583890735,0.7652437485971333,0.8548311126085304,null,null,null
ackley,fixed_iso_gpc,classifier_gated_diversity,classifier_gated_diversity,0,34,45,46,1888,1.7720513413793544,False,False,False,1869,0.4996553973212756,0.9993107946425512,0.6931469430579141,null,0.1,25,396,0.5,13,0.9783577544140355,0.36759394228815856,0.6648779684315186,0.821617861422777,null,null,null
ackley,fixed_iso_gpc,classifier_gated_diversity,classifier_gated_diversity,0,35,46,47,3367,0.367398669927697,False,True,True,3331,0.4993624763775075,0.998724952755015,0.6931463676869867,null,0.1,25,396,0.5,25,0.938040619309017,0.4275778517724476,0.8522223106618408,0.895131464985429,null,null,null
ackley,fixed_iso_gpc,classifier_gated_diversity,classifier_gated_diversity,0,36,47,48,2072,2.420843030325541,False,False,False,2051,0.5000880026668,0.9998239946664,0.6931471650710066,null,0.1,25,396,0.5,4,0.9943151822468327,0.40416371124360123,0.9585924946442003,0.9764538384455165,null,null,null
ackley,fixed_iso_gpc,classifier_gated_diversity,classifier_gated_diversity,0,37,48,49,3267,1.3543372029687628,False,False,False,3230,0.498996085154531,0.997992170309062,0.6931451648685572,null,0.1,25,396,0.5,32,0.9142136323636261,0.36461368288036483,0.7990280812171184,0.8566208567903723,null,null,null
ackley,fixed_iso_gpc,classifier_gated_diversity,classifier_gated_diversity,0,38,49,50,3356,0.27278414666057493,False,True,True,3318,0.5005385034289369,0.9989229931421262,0.6931466005879472,null,0.1,25,396,0.5,16,0.9570270422235133,0.3524686460104638,0.7500289840129954,0.8535280131182543,null,null,null
ackley,fixed_iso_gpc,classifier_gated_diversity,classifier_gated_diversity,0,39,50,51,1564,0.19771886461957422,False,True,True,1548,0.5004311252259539,0.9991377495480922,0.6931468088219783,null,0.1,25,395,0.5,15,0.9669104017240544,0.35285325856037614,0.78696169939862,0.8769360505613373,null,null,null
ackley,fixed_iso_gpc,classifier_gated_diversity,classifier_gated_diversity,0,40,51,52,1994,1.1999895228715385,False,False,False,1973,0.5002443689793115,0.9995112620413771,0.6931470611275444,null,0.1,25,395,0.5,5,0.9804657320270586,0.37910106615165057,0.877776081599101,0.9291209068130798,null,null,null
ackley,fixed_iso_gpc,classifier_gated_diversity,classifier_gated_diversity,0,41,52,53,3745,0.005536965482134448,True,True,True,3697,0.4999470726401413,0.9998941452802826,0.6931471749573345,null,0.1,25,395,0.5,3,0.9966209864286728,0.3371098433968025,0.7888244103896127,0.8927226984091428,null,null,null
ackley,fixed_iso_gpc,classifier_gated_diversity,classifier_gated_diversity,0,42,53,54,2079,0.9107210926909577,False,False,False,2055,0.5001214514942063,0.9997570970115874,0.6931471510590141,null,0.1,25,395,0.5,2,0.989795460144506,0.33141451785387566,0.7698197020497362,0.8798075810971211,null,null,null
ackley,fixed_iso_gpc,classifier_gated_diversity,classifier_gated_diversity,0,43,54,55,362,1.7207649258035715,False,False,False,360,0.4990001699567812,0.9980003399135624,0.6931451812383822,null,0.1,25,395,0.5,26,0.9106912487912022,0.35835033797901966,0.8597017292517614,0.8851964890214818,null,null,null
ackley,fixed_iso_gpc,classifier_gated_diversity,classifier_gated_diversity,0,44,55,56,3907,0.4811492861452198,False,False,True,3852,0.5002387249328027,0.9995225501343945,0.6931470665807539,null,0.1,25,395,0.5,5,0.9797494024110697,0.3460416109509994,0.7872798123591902,0.8835146073851299,null,null,null
ackley,fixed_iso_gpc,classifier_gated_diversity,classifier_gated_diversity,0,45,56,57,2923,0.8766740337265322,False,False,False,2887,0.5029651476258499,0.9940697047483003,0.6931295962559896,null,0.1,25,395,0.5,95,0.7443431202579,0.4123279371690677,1.0,0.8721715601289499,null,null,null
ackley,fixed_iso_gpc,classifier_gated_diversity,classifier_gated_diversity,0,46,57,58,9,0.41494156230813495,False,False,True,9,0.5013435462905802,0.9973129074188396,0.6931435703223309,null,0.1,25,395,0.5,35,0.8880182004766574,0.4011957012913462,1.0,0.9440091002383286,null,null,null
ackley,fixed_iso_gpc,classifier_gated_diversity,classifier_gated_diversity,0,47,58,59,2139,1.825432092839172,False,False,False,2112,0.49887423688021393,0.9977484737604279,0.6931446458726,null,0.1,25,395,0.5,42,0.9038573238481883,0.3487201410601678,0.9339327508765081,0.9188950373623481,null,null,null
ackley,fixed_iso_gpc,classifier_gated_diversity,classifier_gated_diversity,0,48,59,60,2144,0.18135999359022037,False,True,True,2116,0.5002241171323087,0.9995517657353825,0.693147080102964,null,0.1,25,395,0.5,8,0.9815803336565937,0.3188009898897682,0.802945986671331,0.8922631601639623,null,null,null
ackley,fixed_iso_gpc,classifier_gated_diversity,classifier_gated_diversity,0,49,60,61,445,0.03517631675518551,True,True,True,440,0.4994261396910149,0.9988522793820298,0.6931465219284922,null,0.1,25,394,0.5,25,0.949633547490464,0.3478671626401026,0.9236205357150552,0.9366270416027596,null,null,null
ackley,fixed_iso_gpc,classifier_gated_diversity,classifier_gated_diversity,0,50,61,62,3558,1.4103338335689415,False,False,False,3508,0.500067135635922,0.999865728728156,0.6931471715455582,null,0.1,25,394,0.5,2,0.9946672038800973,0.3045653902966238,0.7474633331879933,0.8710652685340453,null,null,null
ackley,fixed_iso_gpc,classifier_gated_diversity,classifier_gated_diversity,0,51,62,63,1660,1.9688387986023237,False,False,False,1639,0.501718720848789,0.996562558302422,0.6931412725455983,null,0.1,25,394,0.5,55,0.8545515952588796,0.3468462633855896,0.9205211982310624,0.887536396744971,null,null,null
ackley,fixed_iso_gpc,classifier_gated_diversity,classifier_gated_diversity,0,52,63,64,2723,0.699503982772713,False,False,False,2685,0.4996554420337773,0.9993108840675546,0.6931469431195423,null,0.1,25,394,0.5,16,0.9687560274571987,0.31719244490674803,0.7888833748995283,0.8788197011783635,null,null,null
ackley,fixed_iso_gpc,classifier_gated_diversity,classifier_gated_diversity,0,53,64,65,1720,0.8504247625594683,False,False,False,1698,0.5010499720919144,0.9979000558161712,0.6931449756755372,null,0.1,25,394,0.5,29,0.9056190563267205,0.32586317140135396,0.8177235840406013,0.8616713201836609,null,null,null
ackley,fixed_iso_gpc,classifier_gated_diversity,classifier_gated_diversity,0,54,65,66,3504,0.790255854470379,False,False,False,3452,0.501977131054959,0.996045737890082,0.6931393624451541,null,0.1,25,394,0.5,64,0.8258355305705437,0.36712424217919176,1.0,0.9129177652852718,null,null,null
ackley,fixed_iso_gpc,classifier_gated_diversity,classifier_gated_diversity,0,55,66,67,2279,0.38047977266925415,False,False,True,2246,0.4997745951976232,0.9995491903952464,0.693147078945292,null,0.1,25,394,0.5,10,0.9828374122137739,0.3466593547882769,0.9226902356034516,0.9527638239086127,null,null,null
ackley,fixed_iso_gpc,classifier_gated_diversity,classifier_gated_diversity,0,56,67,68,2152,2.4667574746405894,False,False,False,2120,0.5005108298508685,0.998978340298263,0.6931466586655814,null,0.1,25,394,0.5,19,0.9500010065190765,0.32148595552981063,0.8284154540757651,0.8892082302974208,null,null,null
ackley,fixed_iso_gpc,classifier_gated_diversity,classifier_gated_diversity,0,57,68,69,291,0.8094897902274614,False,False,False,289,0.5003241534779427,0.9993516930441146,0.6931469704089761,null,0.1,25,394,0.5,12,0.970780175884097,0.31465854271792,0.8220758405640287,0.8964280082240629,null,null,null
ackley,fixed_iso_gpc,classifier_gated_diversity,classifier_gated_diversity,0,58,69,70,3390,0.24307664752072355,False,True,True,3335,0.5004349486250061,0.9991301027499877,0.6931468021992848,null,0.1,25,394,0.5,16,0.9662857614938922,0.31741020953079807,0.8328803921573578,0.899583076825625,null,null,null
ackley,fixed_iso_gpc,classifier_gated_diversity,classifier_gated_diversity,0,59,70,71,1354,0.6220788194463047,False,False,False,1336,0.4996048898180714,0.9992097796361428,0.6931468683358011,null,0.1,25,393,0.5,11,0.9649759215184679,0.30642191768716404,0.8180874496917664,0.8915316856051172,null,null,null
ackley,fixed_iso_gpc,classifier_gated_diversity,classifier_gated_diversity,0,60,71,72,1106,0.3879117030306496,False,False,True,1089,0.4988947622613562,0.9977895245227124,0.6931447374570379,null,0.1,25,393,0.5,40,0.899839206326444,0.3232171835117499,0.8864025156957283,0.8931208610110861,null,null,null
ackley,fixed_iso_gpc,classifier_gated_diversity,classifier_gated_diversity,0,61,72,73,3031,0.9595046412467241,False,False,False,2982,0.4997451742316722,0.9994903484633444,0.6931470506875952,null,0.1,25,393,0.5,9,0.9787345460819654,0.3248889995053897,0.8980830992414088,0.9384088226616871,null,null,null
ackley,fixed_iso_gpc,classifier_gated_diversity,classifier_gated_diversity,0,62,73,74,3986,0.43575246649007404,False,False,True,3913,0.5008273158526255,0.998345368294749,0.6931458116562806,null,0.1,25,393,0.5,37,0.9294088723638846,0.32591256985205014,0.9020562319913588,0.9157325521776216,null,null,null
ackley,fixed_iso_gpc,classifier_gated_diversity,classifier_gated_diversity,0,63,74,75,953,0.6231236093525059,False,False,False,937,0.5000990448276064,0.9998019103447873,0.6931471609401895,null,0.1,25,393,0.5,4,0.9916641926049619,0.30923409857568424,0.829526049415095,0.9105951210100285,null,null,null
ackley,fixed_iso_gpc,classifier_gated_diversity,classifier_gated_diversity,0,64,75,76,2673,0.17144427968924703,True,True,True,2628,0.49957970560992637,0.9991594112198527,0.6931468272651551,null,0.1,25,393,0.5,17,0.9638326528025242,0.299660843531623,0.830933805724402,0.8973832292634631,null,null,null
ackley,fixed_iso_gpc,classifier_gated_diversity,classifier_gated_diversity,0,65,76,77,2697,1.6051921824784934,False,False,False,2651,0.49772962654688513,0.9954592530937703,0.6931368713332853,null,0.1,25,393,0.5,80,0.803093118371395,0.33791267645757844,0.9538798634839916,0.8784864909276933,null,null,null
ackley,fixed_iso_gpc,classifier_gated_diversity,classifier_gated_diversity,0,66,77,78,936,0.005538304594699284,True,True,True,920,0.5010116773276279,0.9979766453447443,0.6931451335765182,null,0.1,25,393,0.5,42,0.9153529053355942,0.30577634811498855,0.8661510191673049,0.8907519622514495,null,null,null
ackley,fixed_iso_gpc,classifier_gated_diversity,classifier_gated_diversity,0,67,78,79,2200,1.1790766030089141,False,False,False,2161,0.4996014623353229,0.9992029246706458,0.6931468628953714,null,0.1,25,393,0.5,16,0.9656247930797403,0.30086986835296664,0.846129024915704,0.9058769089977221,null,null,null
ackley,fixed_iso_gpc,classifier_gated_diversity,classifier_gated_diversity,0,68,79,80,745,0.2413563078503067,False,True,True,732,0.4997670809263504,0.9995341618527008,0.6931470720573516,null,0.1,25,393,0.5,6,0.9841102994233927,0.2860874837563617,0.7890480814352222,0.8865791904293074,null,null,null
ackley,fixed_iso_gpc,classifier_uncertainty_repulsion,classifier_uncertainty_repulsion,0,1,12,13,2044,2.2021360522302054,False,False,False,2039,0.5000917408947725,0.999816518210455,0.6931471637271616,null,0.1,25,399,null,3,0.9872036059646023,null,null,0.9871464988394059,0.15,0.6626436607443801,0.9999421526371547
ackley,fixed_iso_gpc,classifier_uncertainty_repulsion,classifier_uncertainty_repulsion,0,2,13,14,3371,1.9554447964604673,False,False,False,3359,0.4999582887246154,0.9999165774492308,0.6931471770802843,null,0.1,25,399,null,2,0.9943120931730276,null,null,0.9943114636011985,0.15,0.8014134253508188,0.9999993668267404
ackley,fixed_iso_gpc,classifier_uncertainty_repulsion,classifier_uncertainty_repulsion,0,3,14,15,1898,1.7883144874993562,False,False,False,1893,0.5000286412510055,0.9999427174979889,0.6931471789193029,null,0.1,25,399,null,2,0.9971904961486424,null,null,0.9947928965105209,0.15,0.5209331224640573,0.9975956453181398
ackley,fixed_iso_gpc,classifier_uncertainty_repulsion,classifier_uncertainty_repulsion,0,4,15,16,777,0.5300178870792003,False,False,True,773,0.49993824796224356,0.9998764959244871,0.693147172933317,null,0.1,25,399,null,2,0.9956517190930037,null,null,0.9844017990220918,0.15,0.44915102380937927,0.9887009484790926
ackley,fixed_iso_gpc,classifier_uncertainty_repulsion,classifier_uncertainty_repulsion,0,5,16,17,3552,1.8285377152298299,False,False,False,3537,0.4997908304508777,0.9995816609017554,0.6931470930561422,null,0.1,25,399,null,9,0.9788452049808893,null,null,0.9773493523764124,0.15,0.5401531935389031,0.9984718190405744
ackley,fixed_iso_gpc,classifier_uncertainty_repulsion,classifier_uncertainty_repulsion,0,6,17,18,1996,0.6424913994912185,False,False,False,1989,0.5001237307268716,0.9997525385462569,0.6931471499413595,null,0.1,25,399,null,4,0.9826974838825655,null,null,0.976625295302244,0.15,0.4784309775338746,0.9938208973973041
ackley,fixed_iso_gpc,classifier_uncertainty_repulsion,classifier_uncertainty_repulsion,0,7,18,19,3934,1.3844438781439035,False,False,False,3916,0.5001372423625963,0.9997255152748075,0.6931471428890126,null,0.1,25,399,null,3,0.9902917006950387,null,null,0.9775699854678067,0.15,0.44267483765945465,0.9871535677636163
ackley,fixed_iso_gpc,classifier_uncertainty_repulsion,classifier_uncertainty_repulsion,0,8,19,20,1401,2.086063648796012,False,False,False,1396,0.49992386578353787,0.9998477315670757,0.6931471689671075,null,0.1,25,399,null,1,0.9932247070429822,null,null,0.9699080831739382,0.15,0.41088996808124273,0.9765243215319703
ackley,fixed_iso_gpc,classifier_uncertainty_repulsion,classifier_uncertainty_repulsion,0,9,20,21,1463,1.060207563324175,False,False,False,1457,0.5001657270148256,0.9996685459703487,0.6931471256290573,null,0.1,25,398,null,6,0.9836028568664658,null,null,0.9804801697107185,0.15,0.5087865703986124,0.9968252561143474
ackley,fixed_iso_gpc,classifier_uncertainty_repulsion,classifier_uncertainty_repulsion,0,10,21,22,951,0.6380033884198433,False,False,False,946,0.49982052778948916,0.9996410555789783,0.6931471161393952,null,0.1,25,398,null,5,0.9894508680779325,null,null,0.9790771256711248,0.15,0.4528843692983542,0.9895156568744446
ackley,fixed_iso_gpc,classifier_uncertainty_repulsion,classifier_uncertainty_repulsion,0,11,22,23,3845,1.3981922757233747,False,False,False,3824,0.5000613795975699,0.9998772408048602,0.6931471730250354,null,0.1,25,398,null,1,0.9933492596200256,null,null,0.9867410308980087,0.15,0.4749468395476349,0.9933475274099014
ackley,fixed_iso_gpc,classifier_uncertainty_repulsion,classifier_uncertainty_repulsion,0,12,23,24,630,2.1230918526899387,False,False,False,628,0.5002613655672405,0.9994772688655189,0.6931470439360196,null,0.1,25,398,null,10,0.9637761310475313,null,null,0.957503699909433,0.15,0.4759845331499667,0.9934918173048332
ackley,fixed_iso_gpc,classifier_uncertainty_repulsion,classifier_uncertainty_repulsion,0,13,24,25,62,0.45326833850999826,False,False,True,62,0.5001362537193491,0.9997274925613018,0.6931471434297929,null,0.1,25,398,null,7,0.9809011014229476,null,null,0.969382658974256,0.15,0.44721750740921107,0.9882572846212708
ackley,fixed_iso_gpc,classifier_uncertainty_repulsion,classifier_uncertainty_repulsion,0,14,25,26,1358,1.5371086415479898,False,False,False,1350,0.5001358706157677,0.9997282587684646,0.6931471436382963,null,0.1,25,398,null,7,0.9821811171006128,null,null,0.9749551624420967,0.15,0.4701535245767168,0.9926429509459038
ackley,fixed_iso_gpc,classifier_uncertainty_repulsion,classifier_uncertainty_repulsion,0,15,26,27,989,0.28714045952182765,False,True,True,981,0.4999990076946558,0.9999980153893115,0.6931471805579759,null,0.1,25,398,null,0,1.0,null,null,0.9757908740657442,0.15,0.4092018481776619,0.9757908740657442
ackley,fixed_iso_gpc,classifier_uncertainty_repulsion,classifier_uncertainty_repulsion,0,16,27,28,704,1.483619504419437,False,False,False,699,0.49994077257871894,0.9998815451574379,0.6931471735441703,null,0.1,25,398,null,1,0.9934472443148173,null,null,0.9850110098559257,0.15,0.46323754243692367,0.9915081203283118
ackley,fixed_iso_gpc,classifier_uncertainty_repulsion,classifier_uncertainty_repulsion,0,17,28,29,1610,1.2440074563169485,False,False,False,1597,0.4997915624446249,0.9995831248892498,0.6931470936675138,null,0.1,25,398,null,10,0.9760891784977181,null,null,0.9741096971024582,0.15,0.5282351350713856,0.9979720281313778
ackley,fixed_iso_gpc,classifier_uncertainty_repulsion,classifier_uncertainty_repulsion,0,18,29,30,1603,1.8704001483308854,False,False,False,1590,0.5000366105636631,0.9999267788726738,0.6931471778792785,null,0.1,25,398,null,0,1.0,null,null,0.9959146322128263,0.15,0.497509254644513,0.9959146322128263
ackley,fixed_iso_gpc,classifier_uncertainty_repulsion,classifier_uncertainty_repulsion,0,19,30,31,1547,1.2232011785400498,False,False,False,1534,0.49972709777378965,0.9994541955475793,0.6931470316086877,null,0.1,25,397,null,15,0.9686628987619909,null,null,0.9641850916185843,0.15,0.49188946392976873,0.9953773318363598
ackley,fixed_iso_gpc,classifier_uncertainty_repulsion,classifier_uncertainty_repulsion,0,20,31,32,3610,1.3910841358466826,False,False,False,3582,0.500182223592242,0.9996355528155161,0.6931471141490687,null,0.1,25,397,null,7,0.9859640521756701,null,null,0.9826942745947714,0.15,0.5068534373057395,0.9966836746495135
ackley,fixed_iso_gpc,classifier_uncertainty_repulsion,classifier_uncertainty_repulsion,0,21,32,33,600,0.11085398996332785,True,True,True,597,0.49998599528573623,0.9999719905714725,0.6931471801676813,null,0.1,25,397,null,0,1.0,null,null,0.9784073698881683,0.15,0.41544331135622586,0.9784073698881683
ackley,fixed_iso_gpc,classifier_uncertainty_repulsion,classifier_uncertainty_repulsion,0,22,33,34,3859,1.9118775296448618,False,False,False,3827,0.5002232950560599,0.9995534098878802,0.6931470808385778,null,0.1,25,397,null,9,0.9801079342361391,null,null,0.9658661970361502,0.15,0.4363678052268965,0.9854692154787131
ackley,fixed_iso_gpc,classifier_uncertainty_repulsion,classifier_uncertainty_repulsion,0,23,34,35,3056,1.4392755265720716,False,False,False,3031,0.49997927669094544,0.9999585533818909,0.6931471797010342,null,0.1,25,397,null,0,1.0,null,null,0.977384686508868,0.15,0.4129294862763905,0.977384686508868
ackley,fixed_iso_gpc,classifier_uncertainty_repulsion,classifier_uncertainty_repulsion,0,24,35,36,2722,1.1181821373741005,False,False,False,2698,0.499763061075593,0.999526122151186,0.6931470682798333,null,0.1,25,397,null,11,0.9789675337719788,null,null,0.9291169970705216,0.15,0.3660411380605128,0.9490784576794062
ackley,fixed_iso_gpc,classifier_uncertainty_repulsion,classifier_uncertainty_repulsion,0,25,36,37,998,1.753105417345271,False,False,False,987,0.49945147052907934,0.9989029410581587,0.6931465787906637,null,0.1,25,397,null,15,0.9492564229404175,null,null,0.9304376299696115,0.15,0.4200440853037268,0.9801752271398777
ackley,fixed_iso_gpc,classifier_uncertainty_repulsion,classifier_uncertainty_repulsion,0,26,37,38,1636,1.8653609758344114,False,False,False,1618,0.4999955173074616,0.9999910346149232,0.6931471805197562,null,0.1,25,397,null,0,1.0,null,null,0.991144872810044,0.15,0.46119858954097664,0.991144872810044
ackley,fixed_iso_gpc,classifier_uncertainty_repulsion,classifier_uncertainty_repulsion,0,27,38,39,971,0.4215944768334925,False,False,True,961,0.5001462790756979,0.9997074418486043,0.6931471377648086,null,0.1,25,397,null,3,0.9879469437477862,null,null,0.9323663409627313,0.15,0.3598621439861142,0.9437413080360273
ackley,fixed_iso_gpc,classifier_uncertainty_repulsion,classifier_uncertainty_repulsion,0,28,39,40,708,0.07651289924180915,True,True,True,701,0.5005942964667802,0.9988114070664396,0.6931464741831981,null,0.1,25,397,null,19,0.95119164205743,null,null,0.9158337766025734,0.15,0.3849009755730557,0.9628278215540482
ackley,fixed_iso_gpc,classifier_uncertainty_repulsion,classifier_uncertainty_repulsion,0,29,40,41,3314,2.31568040028694,False,False,False,3281,0.5000098560168481,0.9999802879663038,0.6931471803656633,null,0.1,25,396,null,1,0.9995045979278583,null,null,0.9676542795824468,0.15,0.39380141819246056,0.9681338951202
ackley,fixed_iso_gpc,classifier_uncertainty_repulsion,classifier_uncertainty_repulsion,0,30,41,42,3630,1.2643375007993267,False,False,False,3593,0.5001059578550796,0.9997880842898408,0.6931471581058111,null,0.1,25,396,null,7,0.9915720741666909,null,null,0.9089321480722348,0.15,0.33438890802675963,0.9166576709374292
ackley,fixed_iso_gpc,classifier_uncertainty_repulsion,classifier_uncertainty_repulsion,0,31,42,43,3116,0.10833867233414196,True,True,True,3084,0.4994992457718871,0.9989984915437742,0.6931466790502676,null,0.1,25,396,null,12,0.958846283579484,null,null,0.9132248879138568,0.15,0.3701903947817593,0.9524205324180668
ackley,fixed_iso_gpc,classifier_uncertainty_repulsion,classifier_uncertainty_repulsion,0,32,43,44,1049,0.6318099977610618,False,False,False,1035,0.5007232806704998,0.9985534386590005,0.6931461342897238,null,0.1,25,396,null,23,0.9398377286648776,null,null,0.8918545193125744,0.15,0.3658804776232953,0.9489452190640745
ackley,fixed_iso_gpc,classifier_uncertainty_repulsion,classifier_uncertainty_repulsion,0,33,44,45,82,0.3799923512163801,False,False,True,81,0.5000517842007809,0.9998964315984382,0.6931471751967384,null,0.1,25,396,null,0,1.0,null,null,0.8923526396419429,0.15,0.31670215648968414,0.8923526396419429
ackley,fixed_iso_gpc,classifier_uncertainty_repulsion,classifier_uncertainty_repulsion,0,34,45,46,3354,2.2664920019653216,False,False,False,3317,0.4995660039911133,0.9991320079822266,0.6931468038548265,null,0.1,25,396,null,15,0.9680774843757317,null,null,0.9054441627204951,0.15,0.351013762465904,0.9353013341740657
ackley,fixed_iso_gpc,classifier_uncertainty_repulsion,classifier_uncertainty_repulsion,0,35,46,47,839,0.33665240820339903,False,True,True,828,0.4995887705563057,0.9991775411126114,0.6931468423405964,null,0.1,25,396,null,18,0.9634611300100561,null,null,0.9388111856869246,0.15,0.40615155746084664,0.9744152166025897
ackley,fixed_iso_gpc,classifier_uncertainty_repulsion,classifier_uncertainty_repulsion,0,36,47,48,1416,0.22795828673987906,False,True,True,1397,0.49979313077836895,0.9995862615567379,0.6931470949701931,null,0.1,25,396,null,3,0.9890385631411616,null,null,0.8954192586332986,0.15,0.3257105344019196,0.9053431200796354
ackley,fixed_iso_gpc,classifier_uncertainty_repulsion,classifier_uncertainty_repulsion,0,37,48,49,2532,1.824513310894174,False,False,False,2501,0.49982384303748284,0.9996476860749657,0.6931471184973932,null,0.1,25,396,null,6,0.9910495819390934,null,null,0.9721691400682116,0.15,0.42217142257006485,0.9809490441094378
ackley,fixed_iso_gpc,classifier_uncertainty_repulsion,classifier_uncertainty_repulsion,0,38,49,50,3929,1.7479747476833012,False,False,False,3881,0.4995490699225834,0.9990981398451668,0.6931467738840207,null,0.1,25,396,null,17,0.9651380066409199,null,null,0.919229682385717,0.15,0.37020684634868334,0.9524334095856583
ackley,fixed_iso_gpc,classifier_uncertainty_repulsion,classifier_uncertainty_repulsion,0,39,50,51,2877,1.8087998906115867,False,False,False,2842,0.5005497812690718,0.9989004374618564,0.6931465760409359,null,0.1,25,395,null,17,0.9502660732450555,null,null,0.8947454279649075,0.15,0.3574904457141676,0.9415735793970303
ackley,fixed_iso_gpc,classifier_uncertainty_repulsion,classifier_uncertainty_repulsion,0,40,51,52,23,3.3803342681636046,False,False,False,23,0.5004437377459046,0.9991125245081909,0.6931467867535193,null,0.1,25,395,null,10,0.9571633829693433,null,null,0.9522012805564917,0.15,0.48661741229408007,0.9948158250710991
ackley,fixed_iso_gpc,classifier_uncertainty_repulsion,classifier_uncertainty_repulsion,0,41,52,53,3025,0.086489822312247,True,True,True,2988,0.49963504218629706,0.9992700843725941,0.6931469141715101,null,0.1,25,395,null,6,0.9671999617813928,null,null,0.9221561327792049,0.15,0.3714897266169937,0.953428628223655
ackley,fixed_iso_gpc,classifier_uncertainty_repulsion,classifier_uncertainty_repulsion,0,42,53,54,1439,0.7865571845338017,False,False,False,1418,0.5001129504862467,0.9997740990275066,0.6931471550443203,null,0.1,25,395,null,1,0.9948731096475582,null,null,0.9273133833121004,0.15,0.3478967407051963,0.932092117396367
ackley,fixed_iso_gpc,classifier_uncertainty_repulsion,classifier_uncertainty_repulsion,0,43,54,55,2182,2.0009531458772614,False,False,False,2151,0.49990839240968754,0.9998167848193751,0.693147163776044,null,0.1,25,395,null,0,1.0,null,null,0.9340406835670299,0.15,0.3497746010136884,0.9340406835670299
ackley,fixed_iso_gpc,classifier_uncertainty_repulsion,classifier_uncertainty_repulsion,0,44,55,56,272,0.2811812962944664,False,True,True,269,0.49979405645413266,0.9995881129082653,0.6931470957344548,null,0.1,25,395,null,3,0.9922650549600954,null,null,0.91872840492447,0.15,0.3421977285171683,0.9258901140697908
ackley,fixed_iso_gpc,classifier_uncertainty_repulsion,classifier_uncertainty_repulsion,0,45,56,57,1830,1.8323371236842867,False,False,False,1801,0.5001769036987953,0.9996461926024094,0.6931471179701068,null,0.1,25,395,null,4,0.9851473585406788,null,null,0.9021124676423641,0.15,0.333629832808381,0.915713227895859
ackley,fixed_iso_gpc,classifier_uncertainty_repulsion,classifier_uncertainty_repulsion,0,46,57,58,604,1.9851627181960527,False,False,False,597,0.5001366816388769,0.9997266367222462,0.693147143196204,null,0.1,25,395,null,5,0.9878969912901513,null,null,0.8615088658739908,0.15,0.30418734439081657,0.8720634574956008
ackley,fixed_iso_gpc,classifier_uncertainty_repulsion,classifier_uncertainty_repulsion,0,47,58,59,2143,0.023443512329038185,True,True,True,2109,0.4993777012601339,0.9987554025202678,0.6931464060483021,null,0.1,25,395,null,25,0.9433895246812997,null,null,0.865954341125387,0.15,0.33541274719742264,0.9179181223343855
ackley,fixed_iso_gpc,classifier_uncertainty_repulsion,classifier_uncertainty_repulsion,0,48,59,60,1154,1.5636587604078596,False,False,False,1134,0.5005011892198268,0.9989976215603464,0.6931466781785931,null,0.1,25,395,null,20,0.9594146065893255,null,null,0.8402430749963329,0.15,0.30636444595201145,0.8757872448735777
ackley,fixed_iso_gpc,classifier_uncertainty_repulsion,classifier_uncertainty_repulsion,0,49,60,61,3819,0.1242551723553067,True,True,True,3763,0.5001608670020288,0.9996782659959424,0.6931471288035598,null,0.1,25,394,null,9,0.9857195794026661,null,null,0.9227247774288793,0.15,0.351801629303736,0.9360925730906543
ackley,fixed_iso_gpc,classifier_uncertainty_repulsion,classifier_uncertainty_repulsion,0,50,61,62,1548,0.3689123714166911,False,True,True,1521,0.5001183313448269,0.9997633373103463,0.6931471525553307,null,0.1,25,394,null,4,0.9955835162309986,null,null,0.8916625891183626,0.15,0.3188831171489681,0.8956180717956725
ackley,fixed_iso_gpc,classifier_uncertainty_repulsion,classifier_uncertainty_repulsion,0,51,62,63,1560,1.8353317532990676,False,False,False,1532,0.49987724996835114,0.9997544999367023,0.6931471504248043,null,0.1,25,394,null,4,0.9917343163924506,null,null,0.8988291102968727,0.15,0.32642671498337167,0.9063204685368442
ackley,fixed_iso_gpc,classifier_uncertainty_repulsion,classifier_uncertainty_repulsion,0,52,63,64,3206,0.17163069516388418,True,True,True,3155,0.5005521261407166,0.9988957477185667,0.6931465708732709,null,0.1,25,394,null,17,0.952868956207293,null,null,0.866273806486223,0.15,0.3285125738339815,0.9091216592198104
ackley,fixed_iso_gpc,classifier_uncertainty_repulsion,classifier_uncertainty_repulsion,0,53,64,65,652,0.02803498179615005,True,True,True,642,0.5006599578928401,0.9986800842143198,0.6931463094708517,null,0.1,25,394,null,17,0.9455126308807402,null,null,0.8405230365354639,0.15,0.3144900159707267,0.8889601355748372
ackley,fixed_iso_gpc,classifier_uncertainty_repulsion,classifier_uncertainty_repulsion,0,54,65,66,1081,0.6915388769885631,False,False,False,1060,0.5006077126763198,0.9987845746473605,0.6931464419303696,null,0.1,25,394,null,18,0.9490608964336172,null,null,0.8466322552525405,0.15,0.3165182406918044,0.8920736893006727
ackley,fixed_iso_gpc,classifier_uncertainty_repulsion,classifier_uncertainty_repulsion,0,55,66,67,1035,0.23175477194876315,False,True,True,1015,0.4996818338553478,0.9993636677106956,0.6931469781005404,null,0.1,25,394,null,6,0.9760133606982945,null,null,0.907426473237565,0.15,0.34567596196727446,0.9297275117098206
ackley,fixed_iso_gpc,classifier_uncertainty_repulsion,classifier_uncertainty_repulsion,0,56,67,68,1245,0.7647809366515173,False,False,False,1221,0.5001832618384061,0.9996334763231878,0.693147113390141,null,0.1,25,394,null,3,0.9900978702240272,null,null,0.8773665704471315,0.15,0.3126913029891968,0.8861412561655261
ackley,fixed_iso_gpc,classifier_uncertainty_repulsion,classifier_uncertainty_repulsion,0,57,68,69,15,1.6453773225557633,False,False,False,15,0.5003095146194358,0.9993809707611283,0.6931469889613338,null,0.1,25,394,null,6,0.9765010609820722,null,null,0.8763334227364239,0.15,0.3201107312164209,0.8974218848826347
ackley,fixed_iso_gpc,classifier_uncertainty_repulsion,classifier_uncertainty_repulsion,0,58,69,70,599,0.5308681997170499,False,False,True,592,0.4998871122773402,0.9997742245546803,0.6931471550726692,null,0.1,25,394,null,4,0.9910020489670393,null,null,0.8943714803433719,0.15,0.3236540837741369,0.9024920597042264
ackley,fixed_iso_gpc,classifier_uncertainty_repulsion,classifier_uncertainty_repulsion,0,59,70,71,2447,0.08022451860975366,True,True,True,2400,0.5000400862353032,0.9999198275293937,0.6931471773461328,null,0.1,25,393,null,2,0.9983840073466617,null,null,0.8565331012472954,0.15,0.29632965488250723,0.8579194928448886
ackley,fixed_iso_gpc,classifier_uncertainty_repulsion,classifier_uncertainty_repulsion,0,60,71,72,2215,0.6223591066591094,False,False,False,2170,0.4995775536773768,0.9991551073547535,0.6931468236381119,null,0.1,25,393,null,13,0.9728817557834829,null,null,0.837208752760363,0.15,0.2977426282534783,0.860545228424127
ackley,fixed_iso_gpc,classifier_uncertainty_repulsion,classifier_uncertainty_repulsion,0,61,72,73,2550,0.44284613232846404,False,False,True,2499,0.4995336110528873,0.9990672221057746,0.6931467455225823,null,0.1,25,393,null,20,0.9643309998641804,null,null,0.8337702394670714,0.15,0.2999696895630138,0.8646100141802995
ackley,fixed_iso_gpc,classifier_uncertainty_repulsion,classifier_uncertainty_repulsion,0,62,73,74,2195,1.3680310378058085,False,False,False,2150,0.4992205578145654,0.9984411156291308,0.6931459654992123,null,0.1,25,393,null,29,0.9389352799044546,null,null,0.8750831953319208,0.15,0.34780451335799034,0.9319952227388545
ackley,fixed_iso_gpc,classifier_uncertainty_repulsion,classifier_uncertainty_repulsion,0,63,74,75,1184,0.8420067617203184,False,False,False,1158,0.5003074841657874,0.9993850316684252,0.6931469914669091,null,0.1,25,393,null,5,0.982319540834089,null,null,0.8031177715459572,0.15,0.27670054677731626,0.8175728346643992
ackley,fixed_iso_gpc,classifier_uncertainty_repulsion,classifier_uncertainty_repulsion,0,64,75,76,2958,1.8337036306206524,False,False,False,2901,0.5012931777292802,0.9974136445414397,0.6931438359389375,null,0.1,25,393,null,49,0.9050177549872752,null,null,0.83197289906927,0.15,0.33654069298787903,0.919289035474191
ackley,fixed_iso_gpc,classifier_uncertainty_repulsion,classifier_uncertainty_repulsion,0,65,76,77,2311,0.0839948536917543,True,True,True,2262,0.5003732424646695,0.999253515070661,0.6931469019400446,null,0.1,25,393,null,10,0.9740565831863773,null,null,0.7957684677099488,0.15,0.27642916586818495,0.8169632867803177
ackley,fixed_iso_gpc,classifier_uncertainty_repulsion,classifier_uncertainty_repulsion,0,66,77,78,915,0.3411856281510648,False,True,True,897,0.500003526259298,0.999992947481404,0.6931471805350763,null,0.1,25,393,null,0,1.0,null,null,0.8360545759869464,0.15,0.2852542303184141,0.8360545759869464
ackley,fixed_iso_gpc,classifier_uncertainty_repulsion,classifier_uncertainty_repulsion,0,67,78,79,3770,0.9502770552825197,False,False,False,3697,0.5000130083382468,0.9999739833235064,0.6931471802215116,null,0.1,25,393,null,0,1.0,null,null,0.8517973785161016,0.15,0.2931089720346698,0.8517973785161016
ackley,fixed_iso_gpc,classifier_uncertainty_repulsion,classifier_uncertainty_repulsion,0,68,79,80,1799,0.6337534759291241,False,False,False,1758,0.5006040005334345,0.9987919989331311,0.6931464509264791,null,0.1,25,393,null,20,0.9570111712935812,null,null,0.9180741211153014,0.15,0.3795841104787986,0.9593139021296387
ackley,optimized_iso_gpc,random,random,0,1,12,13,3252,0.37344243423842727,False,True,True,3241,0.43646346690931637,0.8729269338186327,0.6850515282609335,null,null,null,null,null,null,null,null,null,null,null,null,null
ackley,optimized_iso_gpc,random,random,0,2,13,14,1687,0.6222902661973624,False,False,False,1683,0.302761101361682,0.605522202723364,0.613185657338868,null,null,null,null,null,null,null,null,null,null,null,null,null
ackley,optimized_iso_gpc,random,random,0,3,14,15,142,0.046059412865973925,True,True,True,142,0.3891508751862318,0.7783017503724636,0.6683667471806074,null,null,null,null,null,null,null,null,null,null,null,null,null
ackley,optimized_iso_gpc,random,random,0,4,15,16,1313,0.25738216230301525,False,True,True,1308,0.5614443051833575,0.8771113896332849,0.6855772546548865,null,null,null,null,null,null,null,null,null,null,null,null,null
ackley,optimized_iso_gpc,random,random,0,5,16,17,1221,0.8982551322854597,False,False,False,1216,0.24108955660790343,0.48217911321580686,0.5523325868205228,null,null,null,null,null,null,null,null,null,null,null,null,null
ackley,optimized_iso_gpc,random,random,0,6,17,18,3175,0.7277702452315058,False,False,False,3160,0.6030573122822886,0.7938853754354227,0.6717525436219367,null,null,null,null,null,null,null,null,null,null,null,null,null
ackley,optimized_iso_gpc,random,random,0,7,18,19,2764,3.3644651749044208,False,False,False,2752,0.16166150407786972,0.32332300815573944,0.4424147906620157,null,null,null,null,null,null,null,null,null,null,null,null,null
ackley,optimized_iso_gpc,random,random,0,8,19,20,3639,1.9741412422837907,False,False,False,3621,0.7425330651682884,0.5149338696634231,0.5703907006012191,null,null,null,null,null,null,null,null,null,null,null,null,null
ackley,optimized_iso_gpc,random,random,0,9,20,21,3691,0.5190363590865612,False,False,True,3671,0.6277176585745963,0.7445646828508075,0.660159217099503,null,null,null,null,null,null,null,null,null,null,null,null,null
ackley,optimized_iso_gpc,random,random,0,10,21,22,1616,0.14940433234323613,True,True,True,1609,0.4924510813407146,0.9849021626814292,0.693033203883803,null,null,null,null,null,null,null,null,null,null,null,null,null
ackley,optimized_iso_gpc,random,random,0,11,22,23,710,2.9520920590294892,False,False,False,706,0.14063615681720876,0.2812723136344175,0.40611661564849116,null,null,null,null,null,null,null,null,null,null,null,null,null
ackley,optimized_iso_gpc,random,random,0,12,23,24,2168,2.083951108374274,False,False,False,2157,0.7556785043792615,0.4886429912414769,0.5560102423062266,null,null,null,null,null,null,null,null,null,null,null,null,null
ackley,optimized_iso_gpc,random,random,0,13,24,25,3872,1.8813979022092298,False,False,False,3848,0.18283028605014806,0.3656605721002961,0.4756581581396133,null,null,null,null,null,null,null,null,null,null,null,null,null
ackley,optimized_iso_gpc,random,random,0,14,25,26,304,1.063870405288112,False,False,False,303,0.5172222614223827,0.9655554771552346,0.6925538506268537,null,null,null,null,null,null,null,null,null,null,null,null,null
ackley,optimized_iso_gpc,random,random,0,15,26,27,1287,2.427674259760135,False,False,False,1279,0.31248137411103016,0.6249627482220603,0.6210716880285986,null,null,null,null,null,null,null,null,null,null,null,null,null
ackley,optimized_iso_gpc,random,random,0,16,27,28,483,0.22223092241935305,False,True,True,479,0.6651788238477252,0.6696423523045496,0.6375404852712334,null,null,null,null,null,null,null,null,null,null,null,null,null
ackley,optimized_iso_gpc,random,random,0,17,28,29,2032,0.7484289441074168,False,False,False,2018,0.5404682006370791,0.9190635987258418,0.6898682446575801,null,null,null,null,null,null,null,null,null,null,null,null,null
ackley,optimized_iso_gpc,random,random,0,18,29,30,1288,1.340835049233112,False,False,False,1278,0.20275239707814308,0.40550479415628615,0.5041944629050658,null,null,null,null,null,null,null,null,null,null,null,null,null
ackley,optimized_iso_gpc,random,random,0,19,30,31,3243,0.9925178393508904,False,False,False,3218,0.5069660677770642,0.9860678644458716,0.6930501252194423,null,null,null,null,null,null,null,null,null,null,null,null,null
ackley,optimized_iso_gpc,random,random,0,20,31,32,1960,0.3513364241505599,False,True,True,1945,0.5752375412459401,0.8495249175081199,0.6817826891009428,null,null,null,null,null,null,null,null,null,null,null,null,null
ackley,optimized_iso_gpc,random,random,0,21,32,33,1655,1.19649756270967,False,False,False,1642,0.20256594929855964,0.4051318985971193,0.5039390748210972,null,null,null,null,null,null,null,null,null,null,null,null,null
ackley,optimized_iso_gpc,random,random,0,22,33,34,1109,0.17631363220888296,True,True,True,1101,0.6432449590521969,0.7135100818956062,0.6515282803911975,null,null,null,null,null,null,null,null,null,null,null,null,null
ackley,optimized_iso_gpc,random,random,0,23,34,35,1517,0.16251897956376915,True,True,True,1504,0.230838763103975,0.46167752620795,0.5402878438120048,null,null,null,null,null,null,null,null,null,null,null,null,null
ackley,optimized_iso_gpc,random,random,0,24,35,36,3726,0.5092197523352482,False,False,True,3692,0.5340917621314532,0.9318164757370937,0.6908208796171691,null,null,null,null,null,null,null,null,null,null,null,null,null
ackley,optimized_iso_gpc,random,random,0,25,36,37,1104,2.607325006281094,False,False,False,1096,0.5629061590805975,0.874187681838805,0.6852117984488504,null,null,null,null,null,null,null,null,null,null,null,null,null
ackley,optimized_iso_gpc,random,random,0,26,37,38,680,3.325215028334629,False,False,False,674,0.12902161839679138,0.25804323679358276,0.38452260235481206,null,null,null,null,null,null,null,null,null,null,null,null,null
ackley,optimized_iso_gpc,random,random,0,27,38,39,3428,1.2090694995355857,False,False,False,3395,0.3525106564441103,0.7050213128882206,0.6489869953949423,null,null,null,null,null,null,null,null,null,null,null,null,null
ackley,optimized_iso_gpc,random,random,0,28,39,40,2419,4.433977565055676,False,False,False,2395,0.07216282007868813,0.14432564015737626,0.25919789979210206,null,null,null,null,null,null,null,null,null,null,null,null,null
ackley,optimized_iso_gpc,random,random,0,29,40,41,2261,4.155506719143643,False,False,False,2238,0.26360314692703923,0.5272062938540785,0.576792057041944,null,null,null,null,null,null,null,null,null,null,null,null,null
ackley,optimized_iso_gpc,random,random,0,30,41,42,176,0.5126663654217296,False,False,True,175,0.6313025191704469,0.7373949616591062,0.658258817195613,null,null,null,null,null,null,null,null,null,null,null,null,null
ackley,optimized_iso_gpc,random,random,0,31,42,43,3844,0.6671514917728931,False,False,False,3803,0.2656652816052656,0.5313305632105312,0.5788996034243226,null,null,null,null,null,null,null,null,null,null,null,null,null
ackley,optimized_iso_gpc,random,random,0,32,43,44,3203,0.5830444737052343,False,False,False,3169,0.1894198679741521,0.3788397359483042,0.48538067305286875,null,null,null,null,null,null,null,null,null,null,null,null,null
ackley,optimized_iso_gpc,random,random,0,33,44,45,878,1.4429610477451664,False,False,False,868,0.2983478182170529,0.5966956364341058,0.6094579058257883,null,null,null,null,null,null,null,null,null,null,null,null,null
ackley,optimized_iso_gpc,random,random,0,34,45,46,1980,2.35555078878099,False,False,False,1957,0.0619670226172957,0.1239340452345914,0.23234589871892194,null,null,null,null,null,null,null,null,null,null,null,null,null
ackley,optimized_iso_gpc,random,random,0,35,46,47,1411,1.2795008357392081,False,False,False,1394,0.416205823224459,0.832411646448918,0.6790377680325363,null,null,null,null,null,null,null,null,null,null,null,null,null
ackley,optimized_iso_gpc,random,random,0,36,47,48,594,0.7687263272651865,False,False,False,588,0.3720930608322419,0.7441861216644838,0.6600602530773698,null,null,null,null,null,null,null,null,null,null,null,null,null
ackley,optimized_iso_gpc,random,random,0,37,48,49,464,0.7855352724359932,False,False,False,459,0.6666183755452266,0.6667632489095467,0.6365476359025388,null,null,null,null,null,null,null,null,null,null,null,null,null
ackley,optimized_iso_gpc,random,random,0,38,49,50,1417,2.0197518123677387,False,False,False,1397,0.5415362755120157,0.9169274489759687,0.6896926764910196,null,null,null,null,null,null,null,null,null,null,null,null,null
ackley,optimized_iso_gpc,random,random,0,39,50,51,2130,1.2995935770689666,False,False,False,2101,0.5242044828243237,0.9515910343513525,0.6919750085149616,null,null,null,null,null,null,null,null,null,null,null,null,null
ackley,optimized_iso_gpc,random,random,0,40,51,52,1154,1.5636587604078596,False,False,False,1139,0.08328641432365202,0.16657282864730405,0.28672346177306146,null,null,null,null,null,null,null,null,null,null,null,null,null
ackley,optimized_iso_gpc,random,random,0,41,52,53,2230,0.05779772877514411,True,True,True,2198,0.48001659469666436,0.9600331893933287,0.6923482948227655,null,null,null,null,null,null,null,null,null,null,null,null,null
ackley,optimized_iso_gpc,random,random,0,42,53,54,2862,1.585703536971792,False,False,False,2823,0.284142162106491,0.568284324212982,0.5968230042539834,null,null,null,null,null,null,null,null,null,null,null,null,null
ackley,optimized_iso_gpc,random,random,0,43,54,55,3473,2.0880179812577104,False,False,False,3425,0.814377768394138,0.371244463211724,0.4798125213377482,null,null,null,null,null,null,null,null,null,null,null,null,null
ackley,optimized_iso_gpc,random,random,0,44,55,56,107,2.2577927334803434,False,False,False,107,0.3533545085427363,0.7067090170854726,0.6494985162613885,null,null,null,null,null,null,null,null,null,null,null,null,null
ackley,optimized_iso_gpc,random,random,0,45,56,57,845,1.7359655469391786,False,False,False,832,0.587676444643904,0.824647110712192,0.677693087438052,null,null,null,null,null,null,null,null,null,null,null,null,null
ackley,optimized_iso_gpc,random,random,0,46,57,58,1064,1.6231647878228745,False,False,False,1049,0.29576569947192866,0.5915313989438573,0.6072337836204348,null,null,null,null,null,null,null,null,null,null,null,null,null
ackley,optimized_iso_gpc,random,random,0,47,58,59,1666,1.8578635753109456,False,False,False,1638,0.13122827343818244,0.2624565468763649,0.3887149516573045,null,null,null,null,null,null,null,null,null,null,null,null,null
ackley,optimized_iso_gpc,random,random,0,48,59,60,3982,2.1593312907720996,False,False,False,3923,0.4829702090961874,0.9659404181923748,0.6925670408074318,null,null,null,null,null,null,null,null,null,null,null,null,null
ackley,optimized_iso_gpc,random,random,0,49,60,61,229,0.4432823567934072,False,False,True,226,0.5833323429781672,0.8333353140436657,0.6791935992165259,null,null,null,null,null,null,null,null,null,null,null,null,null
ackley,optimized_iso_gpc,random,random,0,50,61,62,3024,2.2223266273318227,False,False,False,2978,0.6281428421066835,0.743714315786633,0.659936698236157,null,null,null,null,null,null,null,null,null,null,null,null,null
ackley,optimized_iso_gpc,random,random,0,51,62,63,3634,1.7854392581146783,False,False,False,3579,0.36549916745718747,0.7309983349143749,0.6565167360307866,null,null,null,null,null,null,null,null,null,null,null,null,null
ackley,optimized_iso_gpc,random,random,0,52,63,64,2377,1.3377740668403053,False,False,False,2337,0.2571902504864738,0.5143805009729476,0.5700974428915964,null,null,null,null,null,null,null,null,null,null,null,null,null
ackley,optimized_iso_gpc,random,random,0,53,64,65,90,1.833906888170544,False,False,False,90,0.1486953895981742,0.2973907791963484,0.4204394186758448,null,null,null,null,null,null,null,null,null,null,null,null,null
ackley,optimized_iso_gpc,random,random,0,54,65,66,2393,1.2390655355892637,False,False,False,2351,0.6910694630793728,0.6178610738412544,0.6182422911124255,null,null,null,null,null,null,null,null,null,null,null,null,null
ackley,optimized_iso_gpc,random,random,0,55,66,67,1656,0.9550268222097227,False,False,False,1626,0.7297557005289264,0.5404885989421473,0.583501674525489,null,null,null,null,null,null,null,null,null,null,null,null,null
ackley,optimized_iso_gpc,random,random,0,56,67,68,2238,0.18444688874245152,False,True,True,2198,0.3587521068948831,0.7175042137897663,0.6526968207098852,null,null,null,null,null,null,null,null,null,null,null,null,null
ackley,optimized_iso_gpc,random,random,0,57,68,69,2746,0.022378218156470453,True,True,True,2698,0.4016158649305339,0.8032317298610678,0.6736614066641928,null,null,null,null,null,null,null,null,null,null,null,null,null
ackley,optimized_iso_gpc,random,random,0,58,69,70,2066,2.0814721001068612,False,False,False,2029,0.3631115090987578,0.7262230181975156,0.6551874616759905,null,null,null,null,null,null,null,null,null,null,null,null,null
ackley,optimized_iso_gpc,random,random,0,59,70,71,2740,2.4674925092374966,False,False,False,2691,0.7123826230854888,0.5752347538290223,0.6000045118824585,null,null,null,null,null,null,null,null,null,null,null,null,null
ackley,optimized_iso_gpc,random,random,0,60,71,72,3571,0.30577122805413204,False,True,True,3508,0.42080393914821457,0.8416078782964291,0.6805501639938498,null,null,null,null,null,null,null,null,null,null,null,null,null
ackley,optimized_iso_gpc,random,random,0,61,72,73,2642,1.511856407029148,False,False,False,2593,0.2480001290665541,0.4960002581331082,0.5601273774974037,null,null,null,null,null,null,null,null,null,null,null,null,null
ackley,optimized_iso_gpc,random,random,0,62,73,74,1902,1.3236313992895763,False,False,False,1868,0.1662896645756291,0.3325793291512582,0.4499539354288378,null,null,null,null,null,null,null,null,null,null,null,null,null
ackley,optimized_iso_gpc,random,random,0,63,74,75,3976,0.21110396901470097,False,True,True,3903,0.44335779802173647,0.8867155960434729,0.6867167069428826,null,null,null,null,null,null,null,null,null,null,null,null,null
ackley,optimized_iso_gpc,random,random,0,64,75,76,3952,0.805934677607997,False,False,False,3879,0.64742161024094,0.70515677951812,0.6490281686557378,null,null,null,null,null,null,null,null,null,null,null,null,null
ackley,optimized_iso_gpc,random,random,0,65,76,77,1396,2.750140346185164,False,False,False,1371,0.0641288378481022,0.1282576756962044,0.23818017467091115,null,null,null,null,null,null,null,null,null,null,null,null,null
ackley,optimized_iso_gpc,random,random,0,66,77,78,1240,0.8640101186574576,False,False,False,1218,0.5006797716794957,0.9986404566410085,0.6931462563805881,null,null,null,null,null,null,null,null,null,null,null,null,null
ackley,optimized_iso_gpc,random,random,0,67,78,79,613,0.010961187479594514,True,True,True,602,0.4986097693836684,0.9972195387673368,0.6931433150726314,null,null,null,null,null,null,null,null,null,null,null,null,null
ackley,optimized_iso_gpc,random,random,0,68,79,80,237,0.8900979028771854,False,False,False,232,0.5192233698757676,0.9615532602484649,0.6924079224757154,null,null,null,null,null,null,null,null,null,null,null,null,null
ackley,optimized_iso_gpc,classifier_margin,classifier_margin,0,1,12,13,1489,2.1467557745329007,False,False,False,1485,0.49992481389818955,0.9998496277963791,0.6931471692540454,null,null,null,null,null,null,null,null,null,null,null,null,null
ackley,optimized_iso_gpc,classifier_margin,classifier_margin,0,2,13,14,2118,0.41700028421898416,False,False,True,2112,0.5001591658596825,0.9996816682806351,0.6931471298924027,null,null,null,null,null,null,null,null,null,null,null,null,null
ackley,optimized_iso_gpc,classifier_margin,classifier_margin,0,3,14,15,2765,1.4897367733204092,False,False,False,2755,0.5001523430666159,0.9996953138667681,0.6931471341431247,null,null,null,null,null,null,null,null,null,null,null,null,null
ackley,optimized_iso_gpc,classifier_margin,classifier_margin,0,4,15,16,100,1.9514352242036548,False,False,False,100,0.5000191507426204,0.9999616985147592,0.6931471798264435,null,null,null,null,null,null,null,null,null,null,null,null,null
ackley,optimized_iso_gpc,classifier_margin,classifier_margin,0,5,16,17,3448,2.176675159072552,False,False,False,3433,0.499950199059251,0.999900398118502,0.6931471755996779,null,null,null,null,null,null,null,null,null,null,null,null,null
ackley,optimized_iso_gpc,classifier_margin,classifier_margin,0,6,17,18,2589,0.1597626052931993,True,True,True,2578,0.5000807849766555,0.9998384300466889,0.6931471675075203,null,null,null,null,null,null,null,null,null,null,null,null,null
ackley,optimized_iso_gpc,classifier_margin,classifier_margin,0,7,18,19,1699,0.4478816744537166,False,False,True,1693,0.5001162089409129,0.9997675821181742,0.6931471535509092,null,null,null,null,null,null,null,null,null,null,null,null,null
ackley,optimized_iso_gpc,classifier_margin,classifier_margin,0,8,19,20,1568,1.2148201282328674,False,False,False,1562,0.49998005940995077,0.9999601188199015,0.6931471797646911,null,null,null,null,null,null,null,null,null,null,null,null,null
ackley,optimized_iso_gpc,classifier_margin,classifier_margin,0,9,20,21,659,0.640310509303081,False,False,False,655,0.5000415466831962,0.9999169066336075,0.6931471771076915,null,null,null,null,null,null,null,null,null,null,null,null,null
ackley,optimized_iso_gpc,classifier_margin,classifier_margin,0,10,21,22,2432,0.9732376693495493,False,False,False,2420,0.4999862527160769,0.9999725054321538,0.6931471801819697,null,null,null,null,null,null,null,null,null,null,null,null,null
ackley,optimized_iso_gpc,classifier_margin,classifier_margin,0,11,22,23,2219,0.7933738139988531,False,False,False,2208,0.5000247665934288,0.9999504668131425,0.693147179333177,null,null,null,null,null,null,null,null,null,null,null,null,null
ackley,optimized_iso_gpc,classifier_margin,classifier_margin,0,12,23,24,1621,0.12064705525416919,True,True,True,1613,0.5000722679251763,0.9998554641496473,0.6931471701146392,null,null,null,null,null,null,null,null,null,null,null,null,null
ackley,optimized_iso_gpc,classifier_margin,classifier_margin,0,13,24,25,130,0.6684260923768957,False,False,False,129,0.5000384488094743,0.9999231023810513,0.6931471776033234,null,null,null,null,null,null,null,null,null,null,null,null,null
ackley,optimized_iso_gpc,classifier_margin,classifier_margin,0,14,25,26,978,0.957913396596366,False,False,False,971,0.4999624465002517,0.9999248930005034,0.6931471777394146,null,null,null,null,null,null,null,null,null,null,null,null,null
ackley,optimized_iso_gpc,classifier_margin,classifier_margin,0,15,26,27,3604,1.4191953778807704,False,False,False,3579,0.5000589156104864,0.9998821687790271,0.693147173617847,null,null,null,null,null,null,null,null,null,null,null,null,null
ackley,optimized_iso_gpc,classifier_margin,classifier_margin,0,16,27,28,553,0.5066625447901512,False,False,True,549,0.5000684965300924,0.9998630069398151,0.693147171176396,null,null,null,null,null,null,null,null,null,null,null,null,null
ackley,optimized_iso_gpc,classifier_margin,classifier_margin,0,17,28,29,521,0.04595463893027052,True,True,True,517,0.5000048211361245,0.9999903577277509,0.6931471805134586,null,null,null,null,null,null,null,null,null,null,null,null,null
ackley,optimized_iso_gpc,classifier_margin,classifier_margin,0,18,29,30,3095,0.7131815353679904,False,False,False,3070,0.49977176280807134,0.9995435256161427,0.6931470763755101,null,null,null,null,null,null,null,null,null,null,null,null,null
ackley,optimized_iso_gpc,classifier_margin,classifier_margin,0,19,30,31,2930,2.454153093695936,False,False,False,2906,0.49997510551021707,0.9999502110204341,0.693147179320474,null,null,null,null,null,null,null,null,null,null,null,null,null
ackley,optimized_iso_gpc,classifier_margin,classifier_margin,0,20,31,32,46,0.418035728557296,False,False,True,46,0.4999238189256607,0.9998476378513214,0.693147168952833,null,null,null,null,null,null,null,null,null,null,null,null,null
ackley,optimized_iso_gpc,classifier_margin,classifier_margin,0,21,32,33,1066,1.5250971196622292,False,False,False,1055,0.4999090719591685,0.999818143918337,0.693147164024128,null,null,null,null,null,null,null,null,null,null,null,null,null
ackley,optimized_iso_gpc,classifier_margin,classifier_margin,0,22,33,34,3026,1.6377514804985491,False,False,False,2999,0.4999897652388037,0.9999795304776073,0.6931471803504445,null,null,null,null,null,null,null,null,null,null,null,null,null
ackley,optimized_iso_gpc,classifier_margin,classifier_margin,0,23,34,35,1559,0.2658434025684038,False,True,True,1546,0.5000663054145822,0.9998673891708356,0.6931471717671293,null,null,null,null,null,null,null,null,null,null,null,null,null
ackley,optimized_iso_gpc,classifier_margin,classifier_margin,0,24,35,36,3602,2.154926577028517,False,False,False,3569,0.4999691986130283,0.9999383972260566,0.6931471786624944,null,null,null,null,null,null,null,null,null,null,null,null,null
ackley,optimized_iso_gpc,classifier_margin,classifier_margin,0,25,36,37,3764,0.36744919233006534,False,True,True,3728,0.49998114943368493,0.9999622988673699,0.6931471798492577,null,null,null,null,null,null,null,null,null,null,null,null,null
ackley,optimized_iso_gpc,classifier_margin,classifier_margin,0,26,37,38,1380,1.4178928010167127,False,False,False,1368,0.4999008543402251,0.9998017086804502,0.6931471609002214,null,null,null,null,null,null,null,null,null,null,null,null,null
ackley,optimized_iso_gpc,classifier_margin,classifier_margin,0,27,38,39,2236,2.4822945561597045,False,False,False,2215,0.5000075519379045,0.9999848961241911,0.6931471804458817,null,null,null,null,null,null,null,null,null,null,null,null,null
ackley,optimized_iso_gpc,classifier_margin,classifier_margin,0,28,39,40,2879,1.7193116472737202,False,False,False,2850,0.49990959599541407,0.9998191919908281,0.6931471642141771,null,null,null,null,null,null,null,null,null,null,null,null,null
ackley,optimized_iso_gpc,classifier_margin,classifier_margin,0,29,40,41,222,0.15818833451665526,True,True,True,219,0.5000967351336291,0.9998065297327419,0.693147161844573,null,null,null,null,null,null,null,null,null,null,null,null,null
ackley,optimized_iso_gpc,classifier_margin,classifier_margin,0,30,41,42,1654,0.45045030020511767,False,False,True,1636,0.5000147954699798,0.9999704090600403,0.6931471801221335,null,null,null,null,null,null,null,null,null,null,null,null,null
ackley,optimized_iso_gpc,classifier_margin,classifier_margin,0,31,42,43,1221,0.8982551322854597,False,False,False,1208,0.49999589571232617,0.9999917914246523,0.693147180526255,null,null,null,null,null,null,null,null,null,null,null,null,null
ackley,optimized_iso_gpc,classifier_margin,classifier_margin,0,32,43,44,1671,0.1446694250619096,True,True,True,1651,0.4999617444992337,0.9999234889984674,0.6931471776329787,null,null,null,null,null,null,null,null,null,null,null,null,null
ackley,optimized_iso_gpc,classifier_margin,classifier_margin,0,33,44,45,2601,0.3526268404819497,False,True,True,2570,0.5000081160299646,0.9999837679400707,0.6931471804282054,null,null,null,null,null,null,null,null,null,null,null,null,null
ackley,optimized_iso_gpc,classifier_margin,classifier_margin,0,34,45,46,3220,1.0988729815149814,False,False,False,3180,0.4998314844682785,0.999662968936557,0.6931471237649753,null,null,null,null,null,null,null,null,null,null,null,null,null
ackley,optimized_iso_gpc,classifier_margin,classifier_margin,0,35,46,47,1883,1.6118933681964247,False,False,False,1860,0.49966326006729833,0.9993265201345967,0.6931469537723636,null,null,null,null,null,null,null,null,null,null,null,null,null
ackley,optimized_iso_gpc,classifier_margin,classifier_margin,0,36,47,48,3671,0.9124149265037591,False,False,False,3626,0.4999936612475304,0.9999873224950608,0.6931471804795857,null,null,null,null,null,null,null,null,null,null,null,null,null
ackley,optimized_iso_gpc,classifier_margin,classifier_margin,0,37,48,49,635,1.7536759126654875,False,False,False,626,0.4999726341913195,0.999945268382639,0.6931471790621704,null,null,null,null,null,null,null,null,null,null,null,null,null
ackley,optimized_iso_gpc,classifier_margin,classifier_margin,0,38,49,50,500,2.4137911905952603,False,False,False,494,0.49996584049017084,0.9999316809803417,0.6931471782262011,null,null,null,null,null,null,null,null,null,null,null,null,null
ackley,optimized_iso_gpc,classifier_margin,classifier_margin,0,39,50,51,2127,0.0167864571017855,True,True,True,2100,0.5000678061461376,0.9998643877077249,0.6931471713645984,null,null,null,null,null,null,null,null,null,null,null,null,null
ackley,optimized_iso_gpc,classifier_margin,classifier_margin,0,40,51,52,588,0.5623982413176165,False,False,True,579,0.5000032260493397,0.9999935479013207,0.6931471805391305,null,null,null,null,null,null,null,null,null,null,null,null,null
ackley,optimized_iso_gpc,classifier_margin,classifier_margin,0,41,52,53,1165,0.31032559013023686,False,True,True,1149,0.49996081490488714,0.9999216298097743,0.6931471774890019,null,null,null,null,null,null,null,null,null,null,null,null,null
ackley,optimized_iso_gpc,classifier_margin,classifier_margin,0,42,53,54,1237,1.8794371330707111,False,False,False,1219,0.49973781105487536,0.9994756221097507,0.6931470430738531,null,null,null,null,null,null,null,null,null,null,null,null,null
ackley,optimized_iso_gpc,classifier_margin,classifier_margin,0,43,54,55,3867,1.668630483026071,False,False,False,3813,0.4999661397053849,0.9999322794107698,0.6931471782669063,null,null,null,null,null,null,null,null,null,null,null,null,null
ackley,optimized_iso_gpc,classifier_margin,classifier_margin,0,44,55,56,0,1.9209207657520846,False,False,False,0,0.5000191770368462,0.9999616459263077,0.6931471798244278,null,null,null,null,null,null,null,null,null,null,null,null,null
ackley,optimized_iso_gpc,classifier_margin,classifier_margin,0,45,56,57,3521,0.3557690369697042,False,True,True,3471,0.5000083777254459,0.9999832445491081,0.6931471804195728,null,null,null,null,null,null,null,null,null,null,null,null,null
ackley,optimized_iso_gpc,classifier_margin,classifier_margin,0,46,57,58,22,2.2406253867789268,False,False,False,21,0.5000083629049301,0.9999832741901398,0.693147180420069,null,null,null,null,null,null,null,null,null,null,null,null,null
ackley,optimized_iso_gpc,classifier_margin,classifier_margin,0,47,58,59,3273,0.9952403608475269,False,False,False,3223,0.49999990275664,0.99999980551328,0.6931471805599264,null,null,null,null,null,null,null,null,null,null,null,null,null
ackley,optimized_iso_gpc,classifier_margin,classifier_margin,0,48,59,60,617,3.048963345832856,False,False,False,605,0.5486208849541612,0.9027582300916777,0.688411720057497,null,null,null,null,null,null,null,null,null,null,null,null,null
ackley,optimized_iso_gpc,classifier_margin,classifier_margin,0,49,60,61,3539,3.6347100833248263,False,False,False,3485,0.5536177294807771,0.8927645410384457,0.6873863879605693,null,null,null,null,null,null,null,null,null,null,null,null,null
ackley,optimized_iso_gpc,classifier_margin,classifier_margin,0,50,61,62,2708,2.978525757957703,False,False,False,2666,0.5577509712641842,0.8844980574716317,0.6864619202954345,null,null,null,null,null,null,null,null,null,null,null,null,null
ackley,optimized_iso_gpc,classifier_margin,classifier_margin,0,51,62,63,1509,2.7282070372227043,False,False,False,1485,0.5667375196750157,0.8665249606499685,0.6842127475976649,null,null,null,null,null,null,null,null,null,null,null,null,null
ackley,optimized_iso_gpc,classifier_margin,classifier_margin,0,52,63,64,2925,3.329912701095557,False,False,False,2878,0.5745277439213794,0.8509445121572412,0.6819969064352122,null,null,null,null,null,null,null,null,null,null,null,null,null
ackley,optimized_iso_gpc,classifier_margin,classifier_margin,0,53,64,65,1653,2.8769909573233203,False,False,False,1625,0.5821489892903458,0.8357020214193085,0.679588880164391,null,null,null,null,null,null,null,null,null,null,null,null,null
ackley,optimized_iso_gpc,classifier_margin,classifier_margin,0,54,65,66,2647,0.71628563439935,False,False,False,2603,0.5001234300280324,0.9997531399439352,0.6931471500900013,null,null,null,null,null,null,null,null,null,null,null,null,null
ackley,optimized_iso_gpc,classifier_margin,classifier_margin,0,55,66,67,3622,0.34319215644208256,False,True,True,3560,0.5001447758893208,0.9997104482213583,0.6931471386398285,null,null,null,null,null,null,null,null,null,null,null,null,null
ackley,optimized_iso_gpc,classifier_margin,classifier_margin,0,56,67,68,731,1.4013662043312696,False,False,False,715,0.4999433109054923,0.9998866218109846,0.6931471741326384,null,null,null,null,null,null,null,null,null,null,null,null,null
ackley,optimized_iso_gpc,classifier_margin,classifier_margin,0,57,68,69,1376,1.2543155662199066,False,False,False,1353,0.4999780279266,0.9999560558532,0.6931471795944013,null,null,null,null,null,null,null,null,null,null,null,null,null
ackley,optimized_iso_gpc,classifier_margin,classifier_margin,0,58,69,70,23,3.3803342681636046,False,False,False,21,0.6151259615946572,0.7697480768106857,0.6663998693165303,null,null,null,null,null,null,null,null,null,null,null,null,null
ackley,optimized_iso_gpc,classifier_margin,classifier_margin,0,59,70,71,860,0.10782578836180434,True,True,True,841,0.49992029277950484,0.9998405855590097,0.6931471678534633,null,null,null,null,null,null,null,null,null,null,null,null,null
ackley,optimized_iso_gpc,classifier_margin,classifier_margin,0,60,71,72,2387,0.28797954766221956,False,True,True,2344,0.4999540349160432,0.9999080698320864,0.6931471763343675,null,null,null,null,null,null,null,null,null,null,null,null,null
ackley,optimized_iso_gpc,classifier_margin,classifier_margin,0,61,72,73,72,0.009342362885476518,True,True,True,68,0.5000215738997713,0.9999568522004574,0.693147179629079,null,null,null,null,null,null,null,null,null,null,null,null,null
ackley,optimized_iso_gpc,classifier_margin,classifier_margin,0,62,73,74,326,0.3571483385028351,False,True,True,317,0.5001175579644266,0.9997648840711468,0.693147152920195,null,null,null,null,null,null,null,null,null,null,null,null,null
ackley,optimized_iso_gpc,classifier_margin,classifier_margin,0,63,74,75,1776,0.7715759789098868,False,False,False,1738,0.5000338848614296,0.9999322302771407,0.6931471782635776,null,null,null,null,null,null,null,null,null,null,null,null,null
ackley,optimized_iso_gpc,classifier_margin,classifier_margin,0,64,75,76,962,0.5437765702729731,False,False,True,940,0.5000642557167391,0.9998714885665219,0.693147172302351,null,null,null,null,null,null,null,null,null,null,null,null,null
ackley,optimized_iso_gpc,classifier_margin,classifier_margin,0,65,76,77,1095,0.22829187454278177,False,True,True,1070,0.49995882369748557,0.9999176473949711,0.6931471771689696,null,null,null,null,null,null,null,null,null,null,null,null,null
ackley,optimized_iso_gpc,classifier_margin,classifier_margin,0,66,77,78,2733,0.21370690666685555,False,True,True,2677,0.5000688988269041,0.9998622023461918,0.6931471710658486,null,null,null,null,null,null,null,null,null,null,null,null,null
ackley,optimized_iso_gpc,classifier_margin,classifier_margin,0,67,78,79,311,1.524126919442189,False,False,False,303,0.5002467959146243,0.9995064081707514,0.6931470587434934,null,null,null,null,null,null,null,null,null,null,null,null,null
ackley,optimized_iso_gpc,classifier_margin,classifier_margin,0,68,79,80,1704,0.10794346033233637,True,True,True,1663,0.4998987469441039,0.9997974938882078,0.6931471600555825,null,null,null,null,null,null,null,null,null,null,null,null,null
ackley,optimized_iso_gpc,classifier_entropy,classifier_entropy,0,1,12,13,1489,2.1467557745329007,False,False,False,1485,0.49992481389818955,0.9998496277963791,0.6931471692540454,Binary entropy is monotone-equivalent to classifier margin.,null,null,null,null,null,null,null,null,null,null,null,null
ackley,optimized_iso_gpc,classifier_entropy,classifier_entropy,0,2,13,14,2118,0.41700028421898416,False,False,True,2112,0.5001591658596825,0.9996816682806351,0.6931471298924027,Binary entropy is monotone-equivalent to classifier margin.,null,null,null,null,null,null,null,null,null,null,null,null
ackley,optimized_iso_gpc,classifier_entropy,classifier_entropy,0,3,14,15,2765,1.4897367733204092,False,False,False,2755,0.5001523430666159,0.9996953138667681,0.6931471341431247,Binary entropy is monotone-equivalent to classifier margin.,null,null,null,null,null,null,null,null,null,null,null,null
ackley,optimized_iso_gpc,classifier_entropy,classifier_entropy,0,4,15,16,100,1.9514352242036548,False,False,False,100,0.5000191507426204,0.9999616985147592,0.6931471798264435,Binary entropy is monotone-equivalent to classifier margin.,null,null,null,null,null,null,null,null,null,null,null,null
ackley,optimized_iso_gpc,classifier_entropy,classifier_entropy,0,5,16,17,3448,2.176675159072552,False,False,False,3433,0.499950199059251,0.999900398118502,0.6931471755996779,Binary entropy is monotone-equivalent to classifier margin.,null,null,null,null,null,null,null,null,null,null,null,null
ackley,optimized_iso_gpc,classifier_entropy,classifier_entropy,0,6,17,18,2589,0.1597626052931993,True,True,True,2578,0.5000807849766555,0.9998384300466889,0.6931471675075203,Binary entropy is monotone-equivalent to classifier margin.,null,null,null,null,null,null,null,null,null,null,null,null
ackley,optimized_iso_gpc,classifier_entropy,classifier_entropy,0,7,18,19,1699,0.4478816744537166,False,False,True,1693,0.5001162089409129,0.9997675821181742,0.6931471535509092,Binary entropy is monotone-equivalent to classifier margin.,null,null,null,null,null,null,null,null,null,null,null,null
ackley,optimized_iso_gpc,classifier_entropy,classifier_entropy,0,8,19,20,1568,1.2148201282328674,False,False,False,1562,0.49998005940995077,0.9999601188199015,0.6931471797646911,Binary entropy is monotone-equivalent to classifier margin.,null,null,null,null,null,null,null,null,null,null,null,null
ackley,optimized_iso_gpc,classifier_entropy,classifier_entropy,0,9,20,21,659,0.640310509303081,False,False,False,655,0.5000415466831962,0.9999169066336075,0.6931471771076915,Binary entropy is monotone-equivalent to classifier margin.,null,null,null,null,null,null,null,null,null,null,null,null
ackley,optimized_iso_gpc,classifier_entropy,classifier_entropy,0,10,21,22,2432,0.9732376693495493,False,False,False,2420,0.4999862527160769,0.9999725054321538,0.6931471801819697,Binary entropy is monotone-equivalent to classifier margin.,null,null,null,null,null,null,null,null,null,null,null,null
ackley,optimized_iso_gpc,classifier_entropy,classifier_entropy,0,11,22,23,2219,0.7933738139988531,False,False,False,2208,0.5000247665934288,0.9999504668131425,0.693147179333177,Binary entropy is monotone-equivalent to classifier margin.,null,null,null,null,null,null,null,null,null,null,null,null
ackley,optimized_iso_gpc,classifier_entropy,classifier_entropy,0,12,23,24,1621,0.12064705525416919,True,True,True,1613,0.5000722679251763,0.9998554641496473,0.6931471701146392,Binary entropy is monotone-equivalent to classifier margin.,null,null,null,null,null,null,null,null,null,null,null,null
ackley,optimized_iso_gpc,classifier_entropy,classifier_entropy,0,13,24,25,130,0.6684260923768957,False,False,False,129,0.5000384488094743,0.9999231023810513,0.6931471776033234,Binary entropy is monotone-equivalent to classifier margin.,null,null,null,null,null,null,null,null,null,null,null,null
ackley,optimized_iso_gpc,classifier_entropy,classifier_entropy,0,14,25,26,978,0.957913396596366,False,False,False,971,0.4999624465002517,0.9999248930005034,0.6931471777394146,Binary entropy is monotone-equivalent to classifier margin.,null,null,null,null,null,null,null,null,null,null,null,null
ackley,optimized_iso_gpc,classifier_entropy,classifier_entropy,0,15,26,27,3604,1.4191953778807704,False,False,False,3579,0.5000589156104864,0.9998821687790271,0.693147173617847,Binary entropy is monotone-equivalent to classifier margin.,null,null,null,null,null,null,null,null,null,null,null,null
ackley,optimized_iso_gpc,classifier_entropy,classifier_entropy,0,16,27,28,553,0.5066625447901512,False,False,True,549,0.5000684965300924,0.9998630069398151,0.693147171176396,Binary entropy is monotone-equivalent to classifier margin.,null,null,null,null,null,null,null,null,null,null,null,null
ackley,optimized_iso_gpc,classifier_entropy,classifier_entropy,0,17,28,29,521,0.04595463893027052,True,True,True,517,0.5000048211361245,0.9999903577277509,0.6931471805134586,Binary entropy is monotone-equivalent to classifier margin.,null,null,null,null,null,null,null,null,null,null,null,null
ackley,optimized_iso_gpc,classifier_entropy,classifier_entropy,0,18,29,30,3095,0.7131815353679904,False,False,False,3070,0.49977176280807134,0.9995435256161427,0.6931470763755101,Binary entropy is monotone-equivalent to classifier margin.,null,null,null,null,null,null,null,null,null,null,null,null
ackley,optimized_iso_gpc,classifier_entropy,classifier_entropy,0,19,30,31,2930,2.454153093695936,False,False,False,2906,0.49997510551021707,0.9999502110204341,0.693147179320474,Binary entropy is monotone-equivalent to classifier margin.,null,null,null,null,null,null,null,null,null,null,null,null
ackley,optimized_iso_gpc,classifier_entropy,classifier_entropy,0,20,31,32,46,0.418035728557296,False,False,True,46,0.4999238189256607,0.9998476378513214,0.693147168952833,Binary entropy is monotone-equivalent to classifier margin.,null,null,null,null,null,null,null,null,null,null,null,null
ackley,optimized_iso_gpc,classifier_entropy,classifier_entropy,0,21,32,33,1066,1.5250971196622292,False,False,False,1055,0.4999090719591685,0.999818143918337,0.693147164024128,Binary entropy is monotone-equivalent to classifier margin.,null,null,null,null,null,null,null,null,null,null,null,null
ackley,optimized_iso_gpc,classifier_entropy,classifier_entropy,0,22,33,34,3026,1.6377514804985491,False,False,False,2999,0.4999897652388037,0.9999795304776073,0.6931471803504445,Binary entropy is monotone-equivalent to classifier margin.,null,null,null,null,null,null,null,null,null,null,null,null
ackley,optimized_iso_gpc,classifier_entropy,classifier_entropy,0,23,34,35,1559,0.2658434025684038,False,True,True,1546,0.5000663054145822,0.9998673891708356,0.6931471717671293,Binary entropy is monotone-equivalent to classifier margin.,null,null,null,null,null,null,null,null,null,null,null,null
ackley,optimized_iso_gpc,classifier_entropy,classifier_entropy,0,24,35,36,3602,2.154926577028517,False,False,False,3569,0.4999691986130283,0.9999383972260566,0.6931471786624944,Binary entropy is monotone-equivalent to classifier margin.,null,null,null,null,null,null,null,null,null,null,null,null
ackley,optimized_iso_gpc,classifier_entropy,classifier_entropy,0,25,36,37,3764,0.36744919233006534,False,True,True,3728,0.49998114943368493,0.9999622988673699,0.6931471798492577,Binary entropy is monotone-equivalent to classifier margin.,null,null,null,null,null,null,null,null,null,null,null,null
ackley,optimized_iso_gpc,classifier_entropy,classifier_entropy,0,26,37,38,1380,1.4178928010167127,False,False,False,1368,0.4999008543402251,0.9998017086804502,0.6931471609002214,Binary entropy is monotone-equivalent to classifier margin.,null,null,null,null,null,null,null,null,null,null,null,null
ackley,optimized_iso_gpc,classifier_entropy,classifier_entropy,0,27,38,39,2236,2.4822945561597045,False,False,False,2215,0.5000075519379045,0.9999848961241911,0.6931471804458817,Binary entropy is monotone-equivalent to classifier margin.,null,null,null,null,null,null,null,null,null,null,null,null
ackley,optimized_iso_gpc,classifier_entropy,classifier_entropy,0,28,39,40,2879,1.7193116472737202,False,False,False,2850,0.49990959599541407,0.9998191919908281,0.6931471642141771,Binary entropy is monotone-equivalent to classifier margin.,null,null,null,null,null,null,null,null,null,null,null,null
ackley,optimized_iso_gpc,classifier_entropy,classifier_entropy,0,29,40,41,222,0.15818833451665526,True,True,True,219,0.5000967351336291,0.9998065297327419,0.693147161844573,Binary entropy is monotone-equivalent to classifier margin.,null,null,null,null,null,null,null,null,null,null,null,null
ackley,optimized_iso_gpc,classifier_entropy,classifier_entropy,0,30,41,42,1654,0.45045030020511767,False,False,True,1636,0.5000147954699798,0.9999704090600403,0.6931471801221335,Binary entropy is monotone-equivalent to classifier margin.,null,null,null,null,null,null,null,null,null,null,null,null
ackley,optimized_iso_gpc,classifier_entropy,classifier_entropy,0,31,42,43,1221,0.8982551322854597,False,False,False,1208,0.49999589571232617,0.9999917914246523,0.693147180526255,Binary entropy is monotone-equivalent to classifier margin.,null,null,null,null,null,null,null,null,null,null,null,null
ackley,optimized_iso_gpc,classifier_entropy,classifier_entropy,0,32,43,44,1671,0.1446694250619096,True,True,True,1651,0.4999617444992337,0.9999234889984674,0.6931471776329787,Binary entropy is monotone-equivalent to classifier margin.,null,null,null,null,null,null,null,null,null,null,null,null
ackley,optimized_iso_gpc,classifier_entropy,classifier_entropy,0,33,44,45,2601,0.3526268404819497,False,True,True,2570,0.5000081160299646,0.9999837679400707,0.6931471804282054,Binary entropy is monotone-equivalent to classifier margin.,null,null,null,null,null,null,null,null,null,null,null,null
ackley,optimized_iso_gpc,classifier_entropy,classifier_entropy,0,34,45,46,3220,1.0988729815149814,False,False,False,3180,0.4998314844682785,0.999662968936557,0.6931471237649753,Binary entropy is monotone-equivalent to classifier margin.,null,null,null,null,null,null,null,null,null,null,null,null
ackley,optimized_iso_gpc,classifier_entropy,classifier_entropy,0,35,46,47,1883,1.6118933681964247,False,False,False,1860,0.49966326006729833,0.9993265201345967,0.6931469537723636,Binary entropy is monotone-equivalent to classifier margin.,null,null,null,null,null,null,null,null,null,null,null,null
ackley,optimized_iso_gpc,classifier_entropy,classifier_entropy,0,36,47,48,3671,0.9124149265037591,False,False,False,3626,0.4999936612475304,0.9999873224950608,0.6931471804795857,Binary entropy is monotone-equivalent to classifier margin.,null,null,null,null,null,null,null,null,null,null,null,null
ackley,optimized_iso_gpc,classifier_entropy,classifier_entropy,0,37,48,49,635,1.7536759126654875,False,False,False,626,0.4999726341913195,0.999945268382639,0.6931471790621704,Binary entropy is monotone-equivalent to classifier margin.,null,null,null,null,null,null,null,null,null,null,null,null
ackley,optimized_iso_gpc,classifier_entropy,classifier_entropy,0,38,49,50,500,2.4137911905952603,False,False,False,494,0.49996584049017084,0.9999316809803417,0.6931471782262011,Binary entropy is monotone-equivalent to classifier margin.,null,null,null,null,null,null,null,null,null,null,null,null
ackley,optimized_iso_gpc,classifier_entropy,classifier_entropy,0,39,50,51,2127,0.0167864571017855,True,True,True,2100,0.5000678061461376,0.9998643877077249,0.6931471713645984,Binary entropy is monotone-equivalent to classifier margin.,null,null,null,null,null,null,null,null,null,null,null,null
ackley,optimized_iso_gpc,classifier_entropy,classifier_entropy,0,40,51,52,588,0.5623982413176165,False,False,True,579,0.5000032260493397,0.9999935479013207,0.6931471805391305,Binary entropy is monotone-equivalent to classifier margin.,null,null,null,null,null,null,null,null,null,null,null,null
ackley,optimized_iso_gpc,classifier_entropy,classifier_entropy,0,41,52,53,1165,0.31032559013023686,False,True,True,1149,0.49996081490488714,0.9999216298097743,0.6931471774890019,Binary entropy is monotone-equivalent to classifier margin.,null,null,null,null,null,null,null,null,null,null,null,null
ackley,optimized_iso_gpc,classifier_entropy,classifier_entropy,0,42,53,54,1237,1.8794371330707111,False,False,False,1219,0.49973781105487536,0.9994756221097507,0.6931470430738531,Binary entropy is monotone-equivalent to classifier margin.,null,null,null,null,null,null,null,null,null,null,null,null
ackley,optimized_iso_gpc,classifier_entropy,classifier_entropy,0,43,54,55,3867,1.668630483026071,False,False,False,3813,0.4999661397053849,0.9999322794107698,0.6931471782669063,Binary entropy is monotone-equivalent to classifier margin.,null,null,null,null,null,null,null,null,null,null,null,null
ackley,optimized_iso_gpc,classifier_entropy,classifier_entropy,0,44,55,56,0,1.9209207657520846,False,False,False,0,0.5000191770368462,0.9999616459263077,0.6931471798244278,Binary entropy is monotone-equivalent to classifier margin.,null,null,null,null,null,null,null,null,null,null,null,null
ackley,optimized_iso_gpc,classifier_entropy,classifier_entropy,0,45,56,57,3521,0.3557690369697042,False,True,True,3471,0.5000083777254459,0.9999832445491081,0.6931471804195728,Binary entropy is monotone-equivalent to classifier margin.,null,null,null,null,null,null,null,null,null,null,null,null
ackley,optimized_iso_gpc,classifier_entropy,classifier_entropy,0,46,57,58,22,2.2406253867789268,False,False,False,21,0.5000083629049301,0.9999832741901398,0.693147180420069,Binary entropy is monotone-equivalent to classifier margin.,null,null,null,null,null,null,null,null,null,null,null,null
ackley,optimized_iso_gpc,classifier_entropy,classifier_entropy,0,47,58,59,3273,0.9952403608475269,False,False,False,3223,0.49999990275664,0.99999980551328,0.6931471805599264,Binary entropy is monotone-equivalent to classifier margin.,null,null,null,null,null,null,null,null,null,null,null,null
ackley,optimized_iso_gpc,classifier_entropy,classifier_entropy,0,48,59,60,617,3.048963345832856,False,False,False,605,0.5486208849541612,0.9027582300916777,0.688411720057497,Binary entropy is monotone-equivalent to classifier margin.,null,null,null,null,null,null,null,null,null,null,null,null
ackley,optimized_iso_gpc,classifier_entropy,classifier_entropy,0,49,60,61,3539,3.6347100833248263,False,False,False,3485,0.5536177294807771,0.8927645410384457,0.6873863879605693,Binary entropy is monotone-equivalent to classifier margin.,null,null,null,null,null,null,null,null,null,null,null,null
ackley,optimized_iso_gpc,classifier_entropy,classifier_entropy,0,50,61,62,2708,2.978525757957703,False,False,False,2666,0.5577509712641842,0.8844980574716317,0.6864619202954345,Binary entropy is monotone-equivalent to classifier margin.,null,null,null,null,null,null,null,null,null,null,null,null
ackley,optimized_iso_gpc,classifier_entropy,classifier_entropy,0,51,62,63,1509,2.7282070372227043,False,False,False,1485,0.5667375196750157,0.8665249606499685,0.6842127475976649,Binary entropy is monotone-equivalent to classifier margin.,null,null,null,null,null,null,null,null,null,null,null,null
ackley,optimized_iso_gpc,classifier_entropy,classifier_entropy,0,52,63,64,2925,3.329912701095557,False,False,False,2878,0.5745277439213794,0.8509445121572412,0.6819969064352122,Binary entropy is monotone-equivalent to classifier margin.,null,null,null,null,null,null,null,null,null,null,null,null
ackley,optimized_iso_gpc,classifier_entropy,classifier_entropy,0,53,64,65,1653,2.8769909573233203,False,False,False,1625,0.5821489892903458,0.8357020214193085,0.679588880164391,Binary entropy is monotone-equivalent to classifier margin.,null,null,null,null,null,null,null,null,null,null,null,null
ackley,optimized_iso_gpc,classifier_entropy,classifier_entropy,0,54,65,66,2647,0.71628563439935,False,False,False,2603,0.5001234300280324,0.9997531399439352,0.6931471500900013,Binary entropy is monotone-equivalent to classifier margin.,null,null,null,null,null,null,null,null,null,null,null,null
ackley,optimized_iso_gpc,classifier_entropy,classifier_entropy,0,55,66,67,3622,0.34319215644208256,False,True,True,3560,0.5001447758893208,0.9997104482213583,0.6931471386398285,Binary entropy is monotone-equivalent to classifier margin.,null,null,null,null,null,null,null,null,null,null,null,null
ackley,optimized_iso_gpc,classifier_entropy,classifier_entropy,0,56,67,68,731,1.4013662043312696,False,False,False,715,0.4999433109054923,0.9998866218109846,0.6931471741326384,Binary entropy is monotone-equivalent to classifier margin.,null,null,null,null,null,null,null,null,null,null,null,null
ackley,optimized_iso_gpc,classifier_entropy,classifier_entropy,0,57,68,69,1376,1.2543155662199066,False,False,False,1353,0.4999780279266,0.9999560558532,0.6931471795944013,Binary entropy is monotone-equivalent to classifier margin.,null,null,null,null,null,null,null,null,null,null,null,null
ackley,optimized_iso_gpc,classifier_entropy,classifier_entropy,0,58,69,70,23,3.3803342681636046,False,False,False,21,0.6151259615946572,0.7697480768106857,0.6663998693165303,Binary entropy is monotone-equivalent to classifier margin.,null,null,null,null,null,null,null,null,null,null,null,null
ackley,optimized_iso_gpc,classifier_entropy,classifier_entropy,0,59,70,71,860,0.10782578836180434,True,True,True,841,0.49992029277950484,0.9998405855590097,0.6931471678534633,Binary entropy is monotone-equivalent to classifier margin.,null,null,null,null,null,null,null,null,null,null,null,null
ackley,optimized_iso_gpc,classifier_entropy,classifier_entropy,0,60,71,72,2387,0.28797954766221956,False,True,True,2344,0.4999540349160432,0.9999080698320864,0.6931471763343675,Binary entropy is monotone-equivalent to classifier margin.,null,null,null,null,null,null,null,null,null,null,null,null
ackley,optimized_iso_gpc,classifier_entropy,classifier_entropy,0,61,72,73,72,0.009342362885476518,True,True,True,68,0.5000215738997713,0.9999568522004574,0.693147179629079,Binary entropy is monotone-equivalent to classifier margin.,null,null,null,null,null,null,null,null,null,null,null,null
ackley,optimized_iso_gpc,classifier_entropy,classifier_entropy,0,62,73,74,326,0.3571483385028351,False,True,True,317,0.5001175579644266,0.9997648840711468,0.693147152920195,Binary entropy is monotone-equivalent to classifier margin.,null,null,null,null,null,null,null,null,null,null,null,null
ackley,optimized_iso_gpc,classifier_entropy,classifier_entropy,0,63,74,75,1776,0.7715759789098868,False,False,False,1738,0.5000338848614296,0.9999322302771407,0.6931471782635776,Binary entropy is monotone-equivalent to classifier margin.,null,null,null,null,null,null,null,null,null,null,null,null
ackley,optimized_iso_gpc,classifier_entropy,classifier_entropy,0,64,75,76,962,0.5437765702729731,False,False,True,940,0.5000642557167391,0.9998714885665219,0.693147172302351,Binary entropy is monotone-equivalent to classifier margin.,null,null,null,null,null,null,null,null,null,null,null,null
ackley,optimized_iso_gpc,classifier_entropy,classifier_entropy,0,65,76,77,1095,0.22829187454278177,False,True,True,1070,0.49995882369748557,0.9999176473949711,0.6931471771689696,Binary entropy is monotone-equivalent to classifier margin.,null,null,null,null,null,null,null,null,null,null,null,null
ackley,optimized_iso_gpc,classifier_entropy,classifier_entropy,0,66,77,78,2733,0.21370690666685555,False,True,True,2677,0.5000688988269041,0.9998622023461918,0.6931471710658486,Binary entropy is monotone-equivalent to classifier margin.,null,null,null,null,null,null,null,null,null,null,null,null
ackley,optimized_iso_gpc,classifier_entropy,classifier_entropy,0,67,78,79,311,1.524126919442189,False,False,False,303,0.5002467959146243,0.9995064081707514,0.6931470587434934,Binary entropy is monotone-equivalent to classifier margin.,null,null,null,null,null,null,null,null,null,null,null,null
ackley,optimized_iso_gpc,classifier_entropy,classifier_entropy,0,68,79,80,1704,0.10794346033233637,True,True,True,1663,0.4998987469441039,0.9997974938882078,0.6931471600555825,Binary entropy is monotone-equivalent to classifier margin.,null,null,null,null,null,null,null,null,null,null,null,null
ackley,optimized_iso_gpc,classifier_gated_diversity,classifier_gated_diversity,0,1,12,13,3371,1.9554447964604673,False,False,False,3360,0.4993404985057093,0.9986809970114185,0.6931463106752511,null,0.1,25,399,0.5,6,0.9811124292936912,0.8014134253508188,0.8649271778374558,0.9230198035655734,null,null,null
ackley,optimized_iso_gpc,classifier_gated_diversity,classifier_gated_diversity,0,2,13,14,3865,1.0555093199050027,False,False,False,3852,0.5004926501608292,0.9990146996783416,0.6931466951515048,null,0.1,25,399,0.5,9,0.9858608913333693,0.6753650506408233,0.8954999959238007,0.9406804436285849,null,null,null
ackley,optimized_iso_gpc,classifier_gated_diversity,classifier_gated_diversity,0,3,14,15,2799,2.241178091667404,False,False,False,2791,0.5007880838083798,0.9984238323832404,0.6931459384072529,null,0.1,25,399,0.5,10,0.9754480879884863,0.6376170805666589,0.9567289024667349,0.9660884952276105,null,null,null
ackley,optimized_iso_gpc,classifier_gated_diversity,classifier_gated_diversity,0,4,15,16,2362,0.5094959453275987,False,False,True,2356,0.4997720995823439,0.9995441991646878,0.693147076682741,null,0.1,25,399,0.5,2,0.9933096750239401,0.5792611386894979,0.862622051431972,0.927965863227956,null,null,null
ackley,optimized_iso_gpc,classifier_gated_diversity,classifier_gated_diversity,0,5,16,17,3822,2.497315835564695,False,False,False,3807,0.49242210485644833,0.9848442097128967,0.6930323271731644,null,0.1,25,399,0.5,85,0.7691461377980641,0.6428900205025037,1.0,0.8845730688990321,null,null,null
ackley,optimized_iso_gpc,classifier_gated_diversity,classifier_gated_diversity,0,6,17,18,3350,2.701338976671277,False,False,False,3337,0.49842917839578726,0.9968583567915745,0.6931422455908028,null,0.1,25,399,0.5,20,0.9528551749079494,0.5424599872995132,0.7668301712080358,0.8598426730579926,null,null,null
ackley,optimized_iso_gpc,classifier_gated_diversity,classifier_gated_diversity,0,7,18,19,3883,1.9137976574080362,False,False,False,3865,0.5022867538778355,0.995426492244329,0.6931367220368894,null,0.1,25,399,0.5,32,0.927597322994093,0.5369483917347938,0.7557386597696384,0.8416679913818657,null,null,null
ackley,optimized_iso_gpc,classifier_gated_diversity,classifier_gated_diversity,0,8,19,20,3706,2.502717387768797,False,False,False,3690,0.5044145043176691,0.9911709913646618,0.6931082043568197,null,0.1,25,399,0.5,70,0.8580075455717575,0.5932785134071565,0.775536424075441,0.8167719848235993,null,null,null
ackley,optimized_iso_gpc,classifier_gated_diversity,classifier_gated_diversity,0,9,20,21,3291,3.0235374624160336,False,False,False,3278,0.4955703870520889,0.9911407741041778,0.6931079371048564,null,0.1,25,398,0.5,65,0.8522058415136448,0.5262865772501816,0.9879375519020284,0.9200716967078366,null,null,null
ackley,optimized_iso_gpc,classifier_gated_diversity,classifier_gated_diversity,0,10,21,22,3052,1.7597550334506717,False,False,False,3041,0.49913629510920643,0.9982725902184129,0.6931456885869265,null,0.1,25,398,0.5,14,0.9747669979799255,0.48648190922588513,0.9004293659958208,0.9375981819878731,null,null,null
ackley,optimized_iso_gpc,classifier_gated_diversity,classifier_gated_diversity,0,11,22,23,2028,1.1165430867521806,False,False,False,2023,0.4979481778176629,0.9958963556353257,0.6931387605877775,null,0.1,25,398,0.5,28,0.9316699254349166,0.4621502998596767,0.8423779285314696,0.8870239269831931,null,null,null
ackley,optimized_iso_gpc,classifier_gated_diversity,classifier_gated_diversity,0,12,23,24,480,1.248166930299485,False,False,False,478,0.4994459946494689,0.9988919892989379,0.6931465667159629,null,0.1,25,398,0.5,10,0.9803524505924521,0.4870073954520293,0.902468972236218,0.9414107114143351,null,null,null
ackley,optimized_iso_gpc,classifier_gated_diversity,classifier_gated_diversity,0,13,24,25,1775,0.5214058920791196,False,False,True,1770,0.4977217583316058,0.9954435166632116,0.6931367997538257,null,0.1,25,398,0.5,30,0.9201101763617463,0.4754772737882108,1.0,0.9600550881808732,null,null,null
ackley,optimized_iso_gpc,classifier_gated_diversity,classifier_gated_diversity,0,14,25,26,1264,1.6804657987026985,False,False,False,1259,0.49912215037178553,0.9982443007435711,0.693145639319214,null,0.1,25,398,0.5,8,0.9702474698905923,0.4912954165575275,0.6865908453391557,0.8284191576148741,null,null,null
ackley,optimized_iso_gpc,classifier_gated_diversity,classifier_gated_diversity,0,15,26,27,3660,2.124302671411698,False,False,False,3639,0.49940763043522196,0.9988152608704439,0.6931464787563786,null,0.1,25,398,0.5,6,0.9798845650926972,0.49284767663796863,1.0,0.9899422825463486,null,null,null
ackley,optimized_iso_gpc,classifier_gated_diversity,classifier_gated_diversity,0,16,27,28,1653,2.8769909573233203,False,False,False,1647,0.5928411046986639,0.8143177906026722,0.6758077868048522,null,0.1,25,398,0.5,0,1.0,0.5911613326151388,1.0,1.0,null,null,null
ackley,optimized_iso_gpc,classifier_gated_diversity,classifier_gated_diversity,0,17,28,29,23,3.3803342681636046,False,False,False,23,0.6106965162061897,0.7786069675876206,0.6684355068041613,null,0.1,25,398,0.5,5,0.8019866423168471,0.48661741229408007,0.9985946938930468,0.900290668104947,null,null,null
ackley,optimized_iso_gpc,classifier_gated_diversity,classifier_gated_diversity,0,18,29,30,1068,1.974661639446527,False,False,False,1062,0.6256852618608946,0.7486294762782109,0.6612121868171297,null,0.1,25,398,0.5,14,0.73344219673823,0.42916333414831004,0.8617298341778153,0.7975860154580227,null,null,null
ackley,optimized_iso_gpc,classifier_gated_diversity,classifier_gated_diversity,0,19,30,31,1267,2.5597384833634536,False,False,False,1259,0.6392280184749666,0.7215439630500668,0.653861072381283,null,0.1,25,397,0.5,11,0.8214086439966417,0.4566806325691461,0.9272804671294845,0.8743445555630631,null,null,null
ackley,optimized_iso_gpc,classifier_gated_diversity,classifier_gated_diversity,0,20,31,32,2187,2.550428402554253,False,False,False,2174,0.6516482455145365,0.696703508970927,0.6464203352951591,null,0.1,25,397,0.5,1,0.8316113328422954,0.3151955627179489,0.6028233552653381,0.7172173440538168,null,null,null
ackley,optimized_iso_gpc,classifier_gated_diversity,classifier_gated_diversity,0,21,32,33,3515,3.165565935331795,False,False,False,3489,0.6665595277709713,0.6668809444580575,0.636588405492504,null,0.1,25,397,0.5,86,0.37214818760419754,0.48732540053027407,1.0,0.6860740938020988,null,null,null
ackley,optimized_iso_gpc,classifier_gated_diversity,classifier_gated_diversity,0,22,33,34,1919,2.2286636882992354,False,False,False,1907,0.6754151512926683,0.6491696974146635,0.6302772065833686,null,0.1,25,397,0.5,24,0.6783674854726639,0.43804416707912125,0.8757863624950276,0.7770769239838458,null,null,null
ackley,optimized_iso_gpc,classifier_gated_diversity,classifier_gated_diversity,0,23,34,35,1104,2.607325006281094,False,False,False,1097,0.6852022464653942,0.6295955070692116,0.6228857843504181,null,0.1,25,397,0.5,14,0.7545122588820828,0.3717807868376155,0.7830212234590421,0.7687667411705625,null,null,null
ackley,optimized_iso_gpc,classifier_gated_diversity,classifier_gated_diversity,0,24,35,36,3539,3.6347100833248263,False,False,False,3510,0.6938656491995516,0.6122687016008967,0.6159726728032752,null,0.1,25,397,0.5,2,0.9601354190607662,0.2809953261894884,0.5593641231987789,0.7597497711297725,null,null,null
ackley,optimized_iso_gpc,classifier_gated_diversity,classifier_gated_diversity,0,25,36,37,630,2.1230918526899387,False,False,False,626,0.7025135299051612,0.5949729401896775,0.6087195269460641,null,0.1,25,397,0.5,19,0.5920376194662936,0.458674791755755,0.9713504840200959,0.7816940517431947,null,null,null
ackley,optimized_iso_gpc,classifier_gated_diversity,classifier_gated_diversity,0,26,37,38,1509,2.7282070372227043,False,False,False,1498,0.7126003986479077,0.5747992027041846,0.5998068771556682,null,0.1,25,397,0.5,73,0.42386549186987027,0.4412358022424133,0.9541290994677041,0.6889972956687872,null,null,null
ackley,optimized_iso_gpc,classifier_gated_diversity,classifier_gated_diversity,0,27,38,39,1792,2.1079609104676997,False,False,False,1777,0.7179195408596684,0.5641609182806633,0.5949075125107982,null,0.1,25,397,0.5,46,0.45770631669405415,0.4363001139618026,0.9419696444101533,0.6998379805521038,null,null,null
ackley,optimized_iso_gpc,classifier_gated_diversity,classifier_gated_diversity,0,28,39,40,1066,1.5250971196622292,False,False,False,1059,0.7250370579877767,0.5499258840244465,0.588132849876097,null,0.1,25,397,0.5,18,0.6104445881064969,0.37038958631598895,0.789471436375928,0.6999580122412125,null,null,null
ackley,optimized_iso_gpc,classifier_gated_diversity,classifier_gated_diversity,0,29,40,41,2351,2.671581092789669,False,False,False,2330,0.7321334076493144,0.5357331847013711,0.5811253394761204,null,0.1,25,396,0.5,6,0.7856795734497063,0.34834427805294976,0.7891118815049495,0.7873957274773279,null,null,null
ackley,optimized_iso_gpc,classifier_gated_diversity,classifier_gated_diversity,0,30,41,42,332,3.2012446450088152,False,False,False,330,0.7380009373258645,0.5239981253482711,0.5751375057452803,null,0.1,25,396,0.5,5,0.8689119540115069,0.27843574493559536,0.5360492774519415,0.7024806157317243,null,null,null
ackley,optimized_iso_gpc,classifier_gated_diversity,classifier_gated_diversity,0,31,42,43,3627,3.7058916595433384,False,False,False,3591,0.7425060484345067,0.5149879031309865,0.5704193141709757,null,0.1,25,396,0.5,0,1.0,0.23821752517300254,0.4616687158464901,0.730834357923245,null,null,null
ackley,optimized_iso_gpc,classifier_gated_diversity,classifier_gated_diversity,0,32,43,44,365,1.4958989116131285,False,False,False,362,0.7492574055539762,0.5014851888920475,0.5631494984476669,null,0.1,25,396,0.5,6,0.8489820551431942,0.2732675893225875,0.5878774666279106,0.7184297608855524,null,null,null
ackley,optimized_iso_gpc,classifier_gated_diversity,classifier_gated_diversity,0,33,44,45,837,2.698805373794812,False,False,False,828,0.7544700463485583,0.4910599073028834,0.5573707993180368,null,0.1,25,396,0.5,1,0.9963062578935724,0.20709381299775728,0.4282980209892301,0.7123021394414013,null,null,null
ackley,optimized_iso_gpc,classifier_gated_diversity,classifier_gated_diversity,0,34,45,46,2783,3.3375396742146552,False,False,False,2755,0.7595198338452178,0.48096033230956436,0.5516327740467414,null,0.1,25,396,0.5,1,0.9962048851125354,0.29512626158952265,0.5867813502067172,0.7914931176596263,null,null,null
ackley,optimized_iso_gpc,classifier_gated_diversity,classifier_gated_diversity,0,35,46,47,381,3.2686205634838643,False,False,False,376,0.7665630911798758,0.4668738176402485,0.5433959631040297,null,0.1,25,396,0.5,15,0.5951219092634636,0.39201725185522424,0.8116822965292094,0.7034021028963365,null,null,null
ackley,optimized_iso_gpc,classifier_gated_diversity,classifier_gated_diversity,0,36,47,48,1055,1.763809096613567,False,False,False,1044,0.7695929430394131,0.4608141139211739,0.5397677253756045,null,0.1,25,396,0.5,8,0.6900209316366126,0.2864142845747039,0.6344905606550688,0.6622557461458407,null,null,null
ackley,optimized_iso_gpc,classifier_gated_diversity,classifier_gated_diversity,0,37,48,49,3216,2.412757820841403,False,False,False,3180,0.7779925232682672,0.44401495346346564,0.5294370404228897,null,0.1,25,396,0.5,129,0.3042041792782087,0.4270225778798408,1.0,0.6521020896391043,null,null,null
ackley,optimized_iso_gpc,classifier_gated_diversity,classifier_gated_diversity,0,38,49,50,417,1.8279957730130096,False,False,False,411,0.781257186155699,0.4374856276886021,0.5253121716349616,null,0.1,25,396,0.5,46,0.43896191529638684,0.40875294932143647,0.9545646702576172,0.696763292777002,null,null,null
ackley,optimized_iso_gpc,classifier_gated_diversity,classifier_gated_diversity,0,39,50,51,3920,2.028468180251325,False,False,False,3870,0.7847288567384112,0.4305422865231776,0.5208573096533097,null,0.1,25,395,0.5,24,0.5904935586650328,0.31492096668321706,0.7101230666343997,0.6503083126497162,null,null,null
ackley,optimized_iso_gpc,classifier_gated_diversity,classifier_gated_diversity,0,40,51,52,875,2.9045635700041377,False,False,False,863,0.789936899301324,0.4201262013973519,0.5140402623371758,null,0.1,25,395,0.5,45,0.45955061722325974,0.3982683052901496,0.927251134633971,0.6934008759286154,null,null,null
ackley,optimized_iso_gpc,classifier_gated_diversity,classifier_gated_diversity,0,41,52,53,2697,1.6051921824784934,False,False,False,2665,0.7920715249289287,0.4158569501421425,0.5111990900612353,null,0.1,25,395,0.5,7,0.7267276538160091,0.2505481377256814,0.5069039642573872,0.6168158090366982,null,null,null
ackley,optimized_iso_gpc,classifier_gated_diversity,classifier_gated_diversity,0,42,53,54,3602,2.154926577028517,False,False,False,3557,0.7983442100897946,0.40331157982041077,0.5026892857817955,null,0.1,25,395,0.5,83,0.32781199356159324,0.4261938718499946,1.0,0.6639059967807966,null,null,null
ackley,optimized_iso_gpc,classifier_gated_diversity,classifier_gated_diversity,0,43,54,55,1180,2.6088635052118434,False,False,False,1163,0.7997913244905703,0.40041735101885934,0.5006915731761014,null,0.1,25,395,0.5,6,0.6730648792399749,0.3445040092080035,0.8113799213339864,0.7422224002869806,null,null,null
ackley,optimized_iso_gpc,classifier_gated_diversity,classifier_gated_diversity,0,44,55,56,3324,3.5393717305388783,False,False,False,3282,0.8006676956626961,0.39866460867460773,0.4994754064614849,null,0.1,25,395,0.5,0,1.0,0.16628096456700817,0.30175550175127586,0.6508777508756379,null,null,null
ackley,optimized_iso_gpc,classifier_gated_diversity,classifier_gated_diversity,0,45,56,57,2925,3.329912701095557,False,False,False,2888,0.8052933549585077,0.38941329008298453,0.4929761263331124,null,0.1,25,395,0.5,0,1.0,0.1933880746915917,0.4056105341033829,0.7028052670516914,null,null,null
ackley,optimized_iso_gpc,classifier_gated_diversity,classifier_gated_diversity,0,46,57,58,1019,2.609171944624915,False,False,False,1006,0.8081063936408555,0.3837872127182891,0.48895709302284085,null,0.1,25,395,0.5,1,0.8507147518995892,0.1857852024478482,0.3492385756888991,0.5999766637942442,null,null,null
ackley,optimized_iso_gpc,classifier_gated_diversity,classifier_gated_diversity,0,47,58,59,3763,3.3462089707598413,False,False,False,3709,0.8117980848360276,0.3764038303279449,0.48360519393304313,null,0.1,25,395,0.5,0,1.0,0.13538628069106456,0.22654238305761956,0.6132711915288098,null,null,null
ackley,optimized_iso_gpc,classifier_gated_diversity,classifier_gated_diversity,0,48,59,60,3287,2.366611188428765,False,False,False,3244,0.8154414457155781,0.36911710856884383,0.4782359024508188,null,0.1,25,395,0.5,7,0.6861094217254209,0.3389597642531902,0.7221420999384123,0.7041257608319166,null,null,null
ackley,optimized_iso_gpc,classifier_gated_diversity,classifier_gated_diversity,0,49,60,61,2876,2.5645112353318087,False,False,False,2838,0.8202621571530244,0.35947568569395116,0.47099573256808647,null,0.1,25,394,0.5,34,0.4728862850873906,0.28711560818142734,0.7849771658084098,0.6289317254479002,null,null,null
ackley,optimized_iso_gpc,classifier_gated_diversity,classifier_gated_diversity,0,50,61,62,3208,3.043770585422097,False,False,False,3165,0.8218454235693571,0.35630915286128584,0.4685836159289698,null,0.1,25,394,0.5,11,0.7284462435051512,0.2591077257464375,0.6125970427021258,0.6705216431036385,null,null,null
ackley,optimized_iso_gpc,classifier_gated_diversity,classifier_gated_diversity,0,51,62,63,2084,2.562602911985449,False,False,False,2056,0.8239126039910616,0.3521747920178768,0.46540846492185683,null,0.1,25,394,0.5,3,0.775470913562818,0.2029840033655414,0.45398226558236976,0.614726589572594,null,null,null
ackley,optimized_iso_gpc,classifier_gated_diversity,classifier_gated_diversity,0,52,63,64,1442,2.76230113158457,False,False,False,1421,0.8285568015760418,0.34288639684791633,0.4581672236714981,null,0.1,25,394,0.5,41,0.5440658698051186,0.33276497789138815,0.841771095541508,0.6929184826733132,null,null,null
ackley,optimized_iso_gpc,classifier_gated_diversity,classifier_gated_diversity,0,53,64,65,1228,2.6608453609154914,False,False,False,1209,0.8300003211968487,0.3399993576063025,0.45588570372851234,null,0.1,25,394,0.5,23,0.5152865167613946,0.2647684039103669,0.6239291784369502,0.5696078475991724,null,null,null
ackley,optimized_iso_gpc,classifier_gated_diversity,classifier_gated_diversity,0,54,65,66,2183,3.256634836082201,False,False,False,2152,0.8312779971973896,0.3374440056052208,0.45385398659261245,null,0.1,25,394,0.5,4,0.8831509682481108,0.1721186442034009,0.36676104001087084,0.6249560041294908,null,null,null
ackley,optimized_iso_gpc,classifier_gated_diversity,classifier_gated_diversity,0,55,66,67,2708,2.978525757957703,False,False,False,2669,0.8317109255722244,0.33657814885555126,0.4531629219546312,null,0.1,25,394,0.5,0,1.0,0.07594998599843664,0.09429937171294771,0.5471496858564738,null,null,null
ackley,optimized_iso_gpc,classifier_gated_diversity,classifier_gated_diversity,0,56,67,68,1696,1.6519209647204693,False,False,False,1671,0.8384033091163019,0.3231933817673962,0.4423080980060115,null,0.1,25,394,0.5,45,0.529411392722338,0.30878972447323244,0.8113828201079754,0.6703971064151566,null,null,null
ackley,optimized_iso_gpc,classifier_gated_diversity,classifier_gated_diversity,0,57,68,69,375,2.9686394245655023,False,False,False,371,0.8404949765933907,0.31901004681321865,0.43884818308968043,null,0.1,25,394,0.5,36,0.5953799047991662,0.33054513841143596,0.8144748418338825,0.7049273733165244,null,null,null
ackley,optimized_iso_gpc,classifier_gated_diversity,classifier_gated_diversity,0,58,69,70,3628,1.7670817239523302,False,False,False,3567,0.8421085319149597,0.3157829361700806,0.4361568535228709,null,0.1,25,394,0.5,14,0.6155338637216659,0.2688292140906151,0.6400517017838129,0.6277927827527394,null,null,null
ackley,optimized_iso_gpc,classifier_gated_diversity,classifier_gated_diversity,0,59,70,71,3106,2.3490945022025898,False,False,False,3057,0.8428369476259832,0.3143261047480337,0.4349354871114053,null,0.1,25,393,0.5,1,0.9929214687130493,0.13765187600580406,0.26937017147852815,0.6311458200957887,null,null,null
ackley,optimized_iso_gpc,classifier_gated_diversity,classifier_gated_diversity,0,60,71,72,3809,2.5492001619451568,False,False,False,3742,0.8460344974246254,0.3079310051507491,0.4295264267502701,null,0.1,25,393,0.5,8,0.6926634660802682,0.282606196170769,0.6963946607423709,0.6945290634113195,null,null,null
ackley,optimized_iso_gpc,classifier_gated_diversity,classifier_gated_diversity,0,61,72,73,3448,2.176675159072552,False,False,False,3390,0.8485194691083962,0.3029610617832077,0.42526864545747967,null,0.1,25,393,0.5,21,0.6323782629729386,0.24817445448975015,0.5817002806796684,0.6070392718263036,null,null,null
ackley,optimized_iso_gpc,classifier_gated_diversity,classifier_gated_diversity,0,62,73,74,2858,2.150374108596546,False,False,False,2814,0.8503614868593559,0.29927702628128827,0.4220815395366605,null,0.1,25,393,0.5,14,0.5956259499593516,0.2570319913613565,0.6067143860124153,0.6011701679858834,null,null,null
ackley,optimized_iso_gpc,classifier_gated_diversity,classifier_gated_diversity,0,63,74,75,3114,3.394907430182684,False,False,False,3063,0.8515386913278462,0.2969226173443076,0.4200307613280678,null,0.1,25,393,0.5,4,0.8393269713225229,0.17411840031996034,0.37242235934329887,0.6058746653329109,null,null,null
ackley,optimized_iso_gpc,classifier_gated_diversity,classifier_gated_diversity,0,64,75,76,1010,2.803471472754069,False,False,False,996,0.8542142228887997,0.29157155422240066,0.41532890145920043,null,0.1,25,393,0.5,33,0.6271026713886155,0.28018134537154554,0.6721498147153968,0.6496262430520061,null,null,null
ackley,optimized_iso_gpc,classifier_gated_diversity,classifier_gated_diversity,0,65,76,77,2809,2.109041725822504,False,False,False,2764,0.8562129718685583,0.28757405626288346,0.41177892459291293,null,0.1,25,393,0.5,34,0.5605105069707708,0.244910096841765,0.6635351054644957,0.6120228062176332,null,null,null
ackley,optimized_iso_gpc,classifier_gated_diversity,classifier_gated_diversity,0,66,77,78,3280,2.3195796912840674,False,False,False,3223,0.8585146550392437,0.28297068992151253,0.40765068168186774,null,0.1,25,393,0.5,31,0.5582935742570607,0.26841548491056694,0.6884406972657994,0.6233671357614301,null,null,null
ackley,optimized_iso_gpc,classifier_gated_diversity,classifier_gated_diversity,0,67,78,79,453,2.7414163429729115,False,False,False,445,0.8596201285398593,0.2807597429202815,0.4056524631051306,null,0.1,25,393,0.5,10,0.628495833707111,0.22330036063859135,0.524507094164816,0.5765014639359636,null,null,null
ackley,optimized_iso_gpc,classifier_gated_diversity,classifier_gated_diversity,0,68,79,80,1504,2.687496163476453,False,False,False,1478,0.8606586713342494,0.2786826573315011,0.40376600153419584,null,0.1,25,393,0.5,5,0.7699024079940919,0.21630578542988915,0.5135053363128493,0.6417038721534707,null,null,null
ackley,optimized_iso_gpc,classifier_uncertainty_repulsion,classifier_uncertainty_repulsion,0,1,12,13,3907,0.4811492861452198,False,False,True,3895,0.5002037445506502,0.9995925108986996,0.6931470975362592,null,0.1,25,399,null,2,0.9958444415060724,null,null,0.9948726998867319,0.15,0.5585262194520074,0.9990242034008133
ackley,optimized_iso_gpc,classifier_uncertainty_repulsion,classifier_uncertainty_repulsion,0,2,13,14,3979,2.1385628439947126,False,False,False,3966,0.5001883008369423,0.9996233983261154,0.6931471096455333,null,0.1,25,399,null,0,1.0,null,null,0.9999089009698202,0.15,0.6470396842414512,0.9999089009698202
ackley,optimized_iso_gpc,classifier_uncertainty_repulsion,classifier_uncertainty_repulsion,0,3,14,15,731,1.4013662043312696,False,False,False,728,0.5001261585803258,0.9997476828393483,0.6931471487279701,null,0.1,25,399,null,2,0.9954274073092253,null,null,0.9931347843684502,0.15,0.522787150002137,0.9976968456725815
ackley,optimized_iso_gpc,classifier_uncertainty_repulsion,classifier_uncertainty_repulsion,0,4,15,16,2369,1.3037668690158917,False,False,False,2362,0.5004065832790254,0.9991868334419491,0.6931468499399833,null,0.1,25,399,null,5,0.9894285440931708,null,null,0.9861069386054332,0.15,0.506310743099,0.9966429051318891
ackley,optimized_iso_gpc,classifier_uncertainty_repulsion,classifier_uncertainty_repulsion,0,5,16,17,3375,2.431766487365863,False,False,False,3362,0.5000672764363356,0.9998654471273287,0.6931471715077075,null,0.1,25,399,null,2,0.9984678554435283,null,null,0.9975099191466064,0.15,0.5592082064355461,0.9990405937540208
ackley,optimized_iso_gpc,classifier_uncertainty_repulsion,classifier_uncertainty_repulsion,0,6,17,18,1388,0.5914279532002134,False,False,False,1383,0.5005322770494041,0.9989354459011919,0.6931466139221236,null,0.1,25,399,null,7,0.9810837777567253,null,null,0.9715860342298912,0.15,0.4568283730535538,0.9903191310037244
ackley,optimized_iso_gpc,classifier_uncertainty_repulsion,classifier_uncertainty_repulsion,0,7,18,19,3531,2.455717370070982,False,False,False,3516,0.4998969541431596,0.9997939082863192,0.693147159323048,null,0.1,25,399,null,1,0.9969811133252119,null,null,0.9953172944466181,0.15,0.5364724924564651,0.9983311430313414
ackley,optimized_iso_gpc,classifier_uncertainty_repulsion,classifier_uncertainty_repulsion,0,8,19,20,688,0.43034992648102666,False,False,True,685,0.4996645189065674,0.9993290378131348,0.6931469554648004,null,0.1,25,399,null,2,0.9916922997324282,null,null,0.9870438195761909,0.15,0.49125275080976244,0.9953125781479885
ackley,optimized_iso_gpc,classifier_uncertainty_repulsion,classifier_uncertainty_repulsion,0,9,20,21,1267,2.5597384833634536,False,False,False,1261,0.49999626339347397,0.9999925267869479,0.6931471805320208,null,0.1,25,398,null,0,1.0,null,null,0.9902900529319939,0.15,0.4566806325691461,0.9902900529319939
ackley,optimized_iso_gpc,classifier_uncertainty_repulsion,classifier_uncertainty_repulsion,0,10,21,22,273,1.3476519044894513,False,False,False,273,0.4998804190907531,0.9997608381815062,0.6931471519607573,null,0.1,25,398,null,1,0.9972087203786935,null,null,0.9907337556010087,0.15,0.4760942782622361,0.993506911195857
ackley,optimized_iso_gpc,classifier_uncertainty_repulsion,classifier_uncertainty_repulsion,0,11,22,23,1504,2.687496163476453,False,False,False,1495,0.49765013019166293,0.9953002603833259,0.6931361367430577,null,0.1,25,398,null,11,0.9443684908477423,null,null,0.9306494782583942,0.15,0.43638059137585977,0.9854728183730136
ackley,optimized_iso_gpc,classifier_uncertainty_repulsion,classifier_uncertainty_repulsion,0,12,23,24,1692,0.35048772316674537,False,True,True,1682,0.4997289820516905,0.999457964103381,0.6931470336584815,null,0.1,25,398,null,0,1.0,null,null,0.9910541464623275,0.15,0.4607010218910888,0.9910541464623275
ackley,optimized_iso_gpc,classifier_uncertainty_repulsion,classifier_uncertainty_repulsion,0,13,24,25,395,1.2815701815218414,False,False,False,392,0.4976729349296063,0.9953458698592126,0.6931363500571616,null,0.1,25,398,null,20,0.952502028801411,null,null,0.9425467330551711,0.15,0.45303911710359107,0.9895482681976361
ackley,optimized_iso_gpc,classifier_uncertainty_repulsion,classifier_uncertainty_repulsion,0,14,25,26,752,2.402114071596399,False,False,False,745,0.5002761995559589,0.9994476008880822,0.693147027987548,null,0.1,25,398,null,2,0.9971593992517916,null,null,0.9495618914308223,0.15,0.369994406016957,0.9522669015037278
ackley,optimized_iso_gpc,classifier_uncertainty_repulsion,classifier_uncertainty_repulsion,0,15,26,27,2117,0.9430088905297005,False,False,False,2103,0.49887359085645455,0.9977471817129091,0.6931446429626815,null,0.1,25,398,null,4,0.9896387807565448,null,null,0.9503417234594056,0.15,0.38102305268216613,0.9602915143775005
ackley,optimized_iso_gpc,classifier_uncertainty_repulsion,classifier_uncertainty_repulsion,0,16,27,28,1316,1.8658481781569645,False,False,False,1306,0.4985454440739989,0.9970908881479978,0.6931429490880932,null,0.1,25,398,null,11,0.9712547141852176,null,null,0.9349781574702195,0.15,0.3846215892940677,0.9626498011436369
ackley,optimized_iso_gpc,classifier_uncertainty_repulsion,classifier_uncertainty_repulsion,0,17,28,29,2171,2.049237180388321,False,False,False,2155,0.4991186624289441,0.9982373248578882,0.6931456270473126,null,0.1,25,398,null,10,0.9836165827310873,null,null,0.9757886464954584,0.15,0.46637879128111764,0.9920416792751764
ackley,optimized_iso_gpc,classifier_uncertainty_repulsion,classifier_uncertainty_repulsion,0,18,29,30,1602,1.4425218552644985,False,False,False,1589,0.4985608183506254,0.9971216367012508,0.6931430380665855,null,0.1,25,398,null,10,0.9676847733584685,null,null,0.9560359688787021,0.15,0.4459670699053823,0.9879621909939352
ackley,optimized_iso_gpc,classifier_uncertainty_repulsion,classifier_uncertainty_repulsion,0,19,30,31,729,0.5402417821502041,False,False,True,723,0.49971923789840966,0.9994384757968193,0.6931470229052217,null,0.1,25,397,null,3,0.9936380958973539,null,null,0.9146225773452301,0.15,0.33753191723997567,0.920478573760032
ackley,optimized_iso_gpc,classifier_uncertainty_repulsion,classifier_uncertainty_repulsion,0,20,31,32,1643,0.43050732757022203,False,False,True,1628,0.4995389176392605,0.999077835278521,0.6931467553659982,null,0.1,25,397,null,10,0.96879137134188,null,null,0.9381647242195456,0.15,0.39425632215957124,0.9683867465913603
ackley,optimized_iso_gpc,classifier_uncertainty_repulsion,classifier_uncertainty_repulsion,0,21,32,33,91,1.2070505974447876,False,False,False,91,0.4995924824277672,0.9991849648555344,0.6931468484187653,null,0.1,25,397,null,13,0.9709163304756455,null,null,0.9252325023844823,0.15,0.37086698011890123,0.9529477189154054
ackley,optimized_iso_gpc,classifier_uncertainty_repulsion,classifier_uncertainty_repulsion,0,22,33,34,3732,0.8441594077882648,False,False,False,3701,0.5018887213800136,0.9962225572399728,0.6931400460060754,null,0.1,25,397,null,18,0.9524887914991147,null,null,0.9135013858548539,0.15,0.37922656222852036,0.959067858863831
ackley,optimized_iso_gpc,classifier_uncertainty_repulsion,classifier_uncertainty_repulsion,0,23,34,35,2532,1.824513310894174,False,False,False,2508,0.4997992836782852,0.9995985673565704,0.6931470999858595,null,0.1,25,397,null,7,0.9822946920146602,null,null,0.9525612127786884,0.15,0.39672760990711403,0.9697305915651552
ackley,optimized_iso_gpc,classifier_uncertainty_repulsion,classifier_uncertainty_repulsion,0,24,35,36,835,0.9604176406367539,False,False,False,824,0.4998794306549619,0.9997588613099238,0.6931471514860111,null,0.1,25,397,null,5,0.9899487820995934,null,null,0.9799682639874192,0.15,0.4548250423159756,0.9899181469863457
ackley,optimized_iso_gpc,classifier_uncertainty_repulsion,classifier_uncertainty_repulsion,0,25,36,37,1588,1.4990781762930556,False,False,False,1572,0.4999476888985457,0.9998953777970914,0.6931471750870426,null,0.1,25,397,null,2,0.9978801848442653,null,null,0.9942921011230611,0.15,0.5032501089285917,0.9964042940468206
ackley,optimized_iso_gpc,classifier_uncertainty_repulsion,classifier_uncertainty_repulsion,0,26,37,38,3966,2.5285787946063216,False,False,False,3930,0.4999584431031814,0.9999168862063628,0.693147177105994,null,0.1,25,397,null,1,0.9974739331948319,null,null,0.9971685246397276,0.15,0.6034151887898287,0.9996938180087312
ackley,optimized_iso_gpc,classifier_uncertainty_repulsion,classifier_uncertainty_repulsion,0,27,38,39,3627,3.7058916595433384,False,False,False,3594,0.5680326608053576,0.8639346783892847,0.6838615177271474,null,0.1,25,397,null,0,1.0,null,null,0.9997340150324203,0.15,0.6086404393169491,0.9997340150324203
ackley,optimized_iso_gpc,classifier_uncertainty_repulsion,classifier_uncertainty_repulsion,0,28,39,40,1509,2.7282070372227043,False,False,False,1493,0.5813150727384766,0.8373698545230468,0.6798639789715423,null,0.1,25,397,null,0,1.0,null,null,0.9439813237888349,0.15,0.36012936051689987,0.9439813237888349
ackley,optimized_iso_gpc,classifier_uncertainty_repulsion,classifier_uncertainty_repulsion,0,29,40,41,1653,2.8769909573233203,False,False,False,1633,0.5933148085343589,0.8133703829312822,0.6756293405547371,null,0.1,25,396,null,0,1.0,null,null,0.9995761107112457,0.15,0.5911613326151388,0.9995761107112457
ackley,optimized_iso_gpc,classifier_uncertainty_repulsion,classifier_uncertainty_repulsion,0,30,41,42,2708,2.978525757957703,False,False,False,2678,0.6048016584967684,0.7903966830064633,0.6710166638844521,null,0.1,25,396,null,1,0.9403369984495218,null,null,0.9102161112187483,0.15,0.3935046070216068,0.967967986710681
ackley,optimized_iso_gpc,classifier_uncertainty_repulsion,classifier_uncertainty_repulsion,0,31,42,43,2183,3.256634836082201,False,False,False,2158,0.6149688281637111,0.7700623436725778,0.6664734987598762,null,0.1,25,396,null,1,0.9575820764280888,null,null,0.8971434538246995,0.15,0.35259784318418935,0.9368841333905982
ackley,optimized_iso_gpc,classifier_uncertainty_repulsion,classifier_uncertainty_repulsion,0,32,43,44,3287,2.366611188428765,False,False,False,3252,0.6261856461357524,0.7476287077284951,0.6609545795153194,null,0.1,25,396,null,6,0.6915726779921479,null,null,0.6559732720451463,0.15,0.3653748326771325,0.9485239844200354
ackley,optimized_iso_gpc,classifier_uncertainty_repulsion,classifier_uncertainty_repulsion,0,33,44,45,23,3.3803342681636046,False,False,False,23,0.6350882000017748,0.7298235999964504,0.6561920150659148,null,0.1,25,396,null,2,0.8805399701596138,null,null,0.8759750969224173,0.15,0.48661741229408007,0.9948158250710991
ackley,optimized_iso_gpc,classifier_uncertainty_repulsion,classifier_uncertainty_repulsion,0,34,45,46,381,3.2686205634838643,False,False,False,376,0.6429103992847445,0.7141792014305111,0.6517252515778362,null,0.1,25,396,null,5,0.738814672141659,null,null,0.7145264637840066,0.15,0.39201725185522424,0.9671254385254069
ackley,optimized_iso_gpc,classifier_uncertainty_repulsion,classifier_uncertainty_repulsion,0,35,46,47,2911,1.7930063298093675,False,False,False,2876,0.6510613694914582,0.6978772610170836,0.6467871327112926,null,0.1,25,396,null,9,0.7177785513451272,null,null,0.6839570388988788,0.15,0.37078009863425987,0.9528802966000218
ackley,optimized_iso_gpc,classifier_uncertainty_repulsion,classifier_uncertainty_repulsion,0,36,47,48,3208,3.043770585422097,False,False,False,3170,0.65863672269586,0.6827265546082799,0.6419355934104323,null,0.1,25,396,null,2,0.8176179350349205,null,null,0.6337043564577138,0.15,0.2591077257464375,0.775061711960426
ackley,optimized_iso_gpc,classifier_uncertainty_repulsion,classifier_uncertainty_repulsion,0,37,48,49,2925,3.329912701095557,False,False,False,2889,0.6665534326780858,0.6668931346438285,0.6365926272670178,null,0.1,25,396,null,0,1.0,null,null,0.6579468048447656,0.15,0.21971687593175387,0.6579468048447656
ackley,optimized_iso_gpc,classifier_uncertainty_repulsion,classifier_uncertainty_repulsion,0,38,49,50,3628,1.7670817239523302,False,False,False,3584,0.6735359744051266,0.6529280511897468,0.6316461850207336,null,0.1,25,396,null,17,0.5022829498553839,null,null,0.46924938437098357,0.15,0.3499625325018463,0.934233153854991
ackley,optimized_iso_gpc,classifier_uncertainty_repulsion,classifier_uncertainty_repulsion,0,39,50,51,3998,2.2194951663260625,False,False,False,3948,0.6801938221368573,0.6396123557262854,0.6267232735804771,null,0.1,25,395,null,9,0.7049380616648955,null,null,0.6787944468342799,0.15,0.38503600231316915,0.9629136001411661
ackley,optimized_iso_gpc,classifier_uncertainty_repulsion,classifier_uncertainty_repulsion,0,40,51,52,3809,2.5492001619451568,False,False,False,3762,0.6860786661127349,0.6278426677745301,0.6222023380628672,null,0.1,25,395,null,7,0.6703297156770199,null,null,0.5685928325606845,0.15,0.29127665724022517,0.8482285944707326
ackley,optimized_iso_gpc,classifier_uncertainty_repulsion,classifier_uncertainty_repulsion,0,41,52,53,2187,2.550428402554253,False,False,False,2159,0.6922507478375337,0.6154985043249326,0.6172879401108271,null,0.1,25,395,null,5,0.7887568993072863,null,null,0.7020338731270935,0.15,0.3151955627179489,0.8900510077866122
ackley,optimized_iso_gpc,classifier_uncertainty_repulsion,classifier_uncertainty_repulsion,0,42,53,54,332,3.2012446450088152,False,False,False,328,0.6992526864217439,0.6014946271565123,0.6114961701721437,null,0.1,25,395,null,16,0.5945627773881054,null,null,0.5818348219535934,0.15,0.41591002429277535,0.9785927476145992
ackley,optimized_iso_gpc,classifier_uncertainty_repulsion,classifier_uncertainty_repulsion,0,43,54,55,701,1.2642757996344578,False,False,False,691,0.7037291840523494,0.5925416318953012,0.6076713818777317,null,0.1,25,395,null,17,0.5149488603143582,null,null,0.4983168585089346,0.15,0.39303085392293513,0.9677016436248246
ackley,optimized_iso_gpc,classifier_uncertainty_repulsion,classifier_uncertainty_repulsion,0,44,55,56,1104,2.607325006281094,False,False,False,1088,0.7098923355115971,0.5802153289768057,0.6022480555113723,null,0.1,25,395,null,12,0.6810408841694784,null,null,0.6169033344373973,0.15,0.32606234935997386,0.9058242299061149
ackley,optimized_iso_gpc,classifier_uncertainty_repulsion,classifier_uncertainty_repulsion,0,45,56,57,2184,1.8311358899866228,False,False,False,2153,0.71394407167503,0.5721118566499399,0.5985823466481768,null,0.1,25,395,null,12,0.7137203165905754,null,null,0.6858616749025402,0.15,0.38203489133649576,0.9609670048050261
ackley,optimized_iso_gpc,classifier_uncertainty_repulsion,classifier_uncertainty_repulsion,0,46,57,58,1068,1.974661639446527,False,False,False,1052,0.7201299640213961,0.5597400719572079,0.5928305295232881,null,0.1,25,395,null,17,0.6501549440791127,null,null,0.6393035248118607,0.15,0.42916333414831004,0.9833094874289973
ackley,optimized_iso_gpc,classifier_uncertainty_repulsion,classifier_uncertainty_repulsion,0,47,58,59,1180,2.6088635052118434,False,False,False,1162,0.7232767669409554,0.5534464661180891,0.5898318429570172,null,0.1,25,395,null,1,0.9350131118044794,null,null,0.86811570006458,0.15,0.3445040092080035,0.9284529693805104
ackley,optimized_iso_gpc,classifier_uncertainty_repulsion,classifier_uncertainty_repulsion,0,48,59,60,3539,3.6347100833248263,False,False,False,3489,0.7271880523462073,0.5456238953075854,0.5860356518756674,null,0.1,25,395,null,2,0.9455530520044046,null,null,0.5432916123391043,0.15,0.19611233957781482,0.5745754944023738
ackley,optimized_iso_gpc,classifier_uncertainty_repulsion,classifier_uncertainty_repulsion,0,49,60,61,2976,0.12588970680496203,True,True,True,2932,0.4999192957365975,0.999838591473195,0.693147167533589,null,0.1,25,394,null,0,1.0,null,null,0.9570892824216454,0.15,0.3764153484906392,0.9570892824216454
ackley,optimized_iso_gpc,classifier_uncertainty_repulsion,classifier_uncertainty_repulsion,0,50,61,62,453,2.7414163429729115,False,False,False,445,0.7177720241905945,0.564455951618811,0.5950452637203706,null,0.1,25,394,null,15,0.6447246991469746,null,null,0.5655164124269703,0.15,0.307170004325333,0.8771440169349745
ackley,optimized_iso_gpc,classifier_uncertainty_repulsion,classifier_uncertainty_repulsion,0,51,62,63,3310,0.7253494008209529,False,False,False,3260,0.4988336390112247,0.9976672780224494,0.6931444597615655,null,0.1,25,394,null,8,0.9657940882912505,null,null,0.8865858438609805,0.15,0.3354685705408803,0.917986405807877
ackley,optimized_iso_gpc,classifier_uncertainty_repulsion,classifier_uncertainty_repulsion,0,52,63,64,79,0.005981705458811604,True,True,True,78,0.5007838831486711,0.9984322337026579,0.6931459516138603,null,0.1,25,394,null,3,0.9776101314757725,null,null,0.9480034480018904,0.15,0.39669886191321213,0.9697152448397924
ackley,optimized_iso_gpc,classifier_uncertainty_repulsion,classifier_uncertainty_repulsion,0,53,64,65,1019,2.609171944624915,False,False,False,1001,0.7101762141230665,0.5796475717538669,0.601993827864861,null,0.1,25,394,null,1,0.9286602629991632,null,null,0.4973974821790812,0.15,0.1857852024478482,0.5356075865383824
ackley,optimized_iso_gpc,classifier_uncertainty_repulsion,classifier_uncertainty_repulsion,0,54,65,66,1489,2.1467557745329007,False,False,False,1464,0.7188157586908801,0.5623684826182398,0.5940683126455855,null,0.1,25,394,null,6,0.7036699326463434,null,null,0.6539297154252558,0.15,0.3452930665097805,0.9293131411285034
ackley,optimized_iso_gpc,classifier_uncertainty_repulsion,classifier_uncertainty_repulsion,0,55,66,67,1118,2.0221697787266564,False,False,False,1097,0.7253130772308509,0.5493738455382982,0.5878650342426786,null,0.1,25,394,null,28,0.41837315794032603,null,null,0.4113966112283385,0.15,0.4292107717949902,0.9833245833783087
ackley,optimized_iso_gpc,classifier_uncertainty_repulsion,classifier_uncertainty_repulsion,0,56,67,68,1069,2.615634580147578,False,False,False,1049,0.7295522367656417,0.5408955264687165,0.5837036871222447,null,0.1,25,394,null,18,0.5845606777045138,null,null,0.4719398309164853,0.15,0.2722269616762568,0.8073410492982961
ackley,optimized_iso_gpc,classifier_uncertainty_repulsion,classifier_uncertainty_repulsion,0,57,68,69,2247,2.4745020413136842,False,False,False,2206,0.7325986266284303,0.5348027467431393,0.5806570220408893,null,0.1,25,394,null,6,0.7042197722395873,null,null,0.589221794163117,0.15,0.2855659594492839,0.8367015772494584
ackley,optimized_iso_gpc,classifier_uncertainty_repulsion,classifier_uncertainty_repulsion,0,58,69,70,3746,0.3683913111505106,False,True,True,3682,0.49995088269400917,0.9999017653880183,0.6931471757349258,null,0.1,25,394,null,0,1.0,null,null,0.9762425978779651,0.15,0.41023621341625716,0.9762425978779651
ackley,optimized_iso_gpc,classifier_uncertainty_repulsion,classifier_uncertainty_repulsion,0,59,70,71,1371,0.1689426552450115,True,True,True,1345,0.4993251390631799,0.9986502781263598,0.6931462696851007,null,0.1,25,393,null,12,0.9811332964067228,null,null,0.9003061082791896,0.15,0.3351682741208611,0.9176185453866945
ackley,optimized_iso_gpc,classifier_uncertainty_repulsion,classifier_uncertainty_repulsion,0,60,71,72,2647,0.71628563439935,False,False,False,2599,0.5002868356317555,0.9994263287364891,0.693147016010577,null,0.1,25,393,null,3,0.9927924097595743,null,null,0.9423174340166028,0.15,0.3661379189947065,0.9491585801354031
ackley,optimized_iso_gpc,classifier_uncertainty_repulsion,classifier_uncertainty_repulsion,0,61,72,73,1228,2.6608453609154914,False,False,False,1204,0.7315368873428838,0.5369262253142324,0.5817242181530623,null,0.1,25,393,null,5,0.9253851300104006,null,null,0.7305057218725964,0.15,0.2647684039103669,0.7894072404906551
ackley,optimized_iso_gpc,classifier_uncertainty_repulsion,classifier_uncertainty_repulsion,0,62,73,74,3458,0.22668305077223927,False,True,True,3397,0.5010530339351651,0.9978939321296698,0.6931449627973686,null,0.1,25,393,null,8,0.9686307882985442,null,null,0.9078734803234924,0.15,0.35299408851571856,0.9372750601064668
ackley,optimized_iso_gpc,classifier_uncertainty_repulsion,classifier_uncertainty_repulsion,0,63,74,75,3280,2.3195796912840674,False,False,False,3222,0.7229061601202602,0.5541876797594796,0.5901875693672208,null,0.1,25,393,null,6,0.7149012942517075,null,null,0.6311638302687372,0.15,0.3106454737114671,0.8828684957542022
ackley,optimized_iso_gpc,classifier_uncertainty_repulsion,classifier_uncertainty_repulsion,0,64,75,76,1397,0.32564019203614336,False,True,True,1368,0.5004433431786212,0.9991133136427577,0.6931467874535457,null,0.1,25,393,null,10,0.9869859662212123,null,null,0.9555578722695477,0.15,0.39384376689546424,0.9681575067657845
ackley,optimized_iso_gpc,classifier_uncertainty_repulsion,classifier_uncertainty_repulsion,0,65,76,77,1181,0.18859399010347566,False,True,True,1157,0.49988008210560775,0.9997601642112155,0.6931471517993423,null,0.1,25,393,null,2,0.9979437119498495,null,null,0.9046782851753749,0.15,0.3265901602200814,0.9065423974742559
ackley,optimized_iso_gpc,classifier_uncertainty_repulsion,classifier_uncertainty_repulsion,0,66,77,78,2516,0.7862780723262102,False,False,False,2467,0.5016058407873611,0.9967883184252777,0.6931420231018102,null,0.1,25,393,null,16,0.9595722569392439,null,null,0.9290938265540211,0.15,0.39398740766365514,0.9682374827275226
ackley,optimized_iso_gpc,classifier_uncertainty_repulsion,classifier_uncertainty_repulsion,0,67,78,79,1439,0.7865571845338017,False,False,False,1408,0.5005682146932238,0.9988635706135525,0.6931465348239312,null,0.1,25,393,null,3,0.9891546756810681,null,null,0.9219832760880834,0.15,0.3478967407051963,0.932092117396367
ackley,optimized_iso_gpc,classifier_uncertainty_repulsion,classifier_uncertainty_repulsion,0,68,79,80,3982,2.1593312907720996,False,False,False,3904,0.7286518470700116,0.5426963058599767,0.5845951376433012,null,0.1,25,393,null,7,0.6911592603710077,null,null,0.5334088423877372,0.15,0.2578391467415782,0.7717596695462178
ackley,optimized_ard_gpc,random,random,0,1,12,13,3252,0.37344243423842727,False,True,True,3241,0.5297511110538906,0.9404977778922188,0.6913758772563385,null,null,null,null,null,null,null,null,null,null,null,null,null
ackley,optimized_ard_gpc,random,random,0,2,13,14,1687,0.6222902661973624,False,False,False,1683,0.37835088221285673,0.7567017644257135,0.6632510290077538,null,null,null,null,null,null,null,null,null,null,null,null,null
ackley,optimized_ard_gpc,random,random,0,3,14,15,142,0.046059412865973925,True,True,True,142,0.24427831490379504,0.48855662980759007,0.5559614805676305,null,null,null,null,null,null,null,null,null,null,null,null,null
ackley,optimized_ard_gpc,random,random,0,4,15,16,1313,0.25738216230301525,False,True,True,1308,0.32601046958131974,0.6520209391626395,0.6313172420518425,null,null,null,null,null,null,null,null,null,null,null,null,null
ackley,optimized_ard_gpc,random,random,0,5,16,17,1221,0.8982551322854597,False,False,False,1216,0.22519731760837658,0.45039463521675316,0.5334077641647722,null,null,null,null,null,null,null,null,null,null,null,null,null
ackley,optimized_ard_gpc,random,random,0,6,17,18,3175,0.7277702452315058,False,False,False,3160,0.43056534085189924,0.8611306817037985,0.6834736036149016,null,null,null,null,null,null,null,null,null,null,null,null,null
ackley,optimized_ard_gpc,random,random,0,7,18,19,2764,3.3644651749044208,False,False,False,2752,0.12932562727985442,0.25865125455970883,0.38510273807768985,null,null,null,null,null,null,null,null,null,null,null,null,null
ackley,optimized_ard_gpc,random,random,0,8,19,20,3639,1.9741412422837907,False,False,False,3621,0.8192850219979846,0.36142995600403083,0.4724759120087037,null,null,null,null,null,null,null,null,null,null,null,null,null
ackley,optimized_ard_gpc,random,random,0,9,20,21,3691,0.5190363590865612,False,False,True,3671,0.7513971712988337,0.4972056574023327,0.560794983007406,null,null,null,null,null,null,null,null,null,null,null,null,null
ackley,optimized_ard_gpc,random,random,0,10,21,22,1616,0.14940433234323613,True,True,True,1609,0.6502485192428367,0.6995029615143267,0.6472926601241857,null,null,null,null,null,null,null,null,null,null,null,null,null
ackley,optimized_ard_gpc,random,random,0,11,22,23,710,2.9520920590294892,False,False,False,706,0.14486194891219384,0.2897238978243877,0.4136921001124585,null,null,null,null,null,null,null,null,null,null,null,null,null
ackley,optimized_ard_gpc,random,random,0,12,23,24,2168,2.083951108374274,False,False,False,2157,0.8055942055782452,0.3888115888435095,0.49254871618206175,null,null,null,null,null,null,null,null,null,null,null,null,null
ackley,optimized_ard_gpc,random,random,0,13,24,25,3872,1.8813979022092298,False,False,False,3848,0.1825799888624715,0.365159977724943,0.4752831813073286,null,null,null,null,null,null,null,null,null,null,null,null,null
ackley,optimized_ard_gpc,random,random,0,14,25,26,304,1.063870405288112,False,False,False,303,0.41477996255653693,0.8295599251130739,0.6785511165483991,null,null,null,null,null,null,null,null,null,null,null,null,null
ackley,optimized_ard_gpc,random,random,0,15,26,27,1287,2.427674259760135,False,False,False,1279,0.18736220447772212,0.37472440895544423,0.48237544816473804,null,null,null,null,null,null,null,null,null,null,null,null,null
ackley,optimized_ard_gpc,random,random,0,16,27,28,483,0.22223092241935305,False,True,True,479,0.8936442940263305,0.212711411947339,0.3388275650654926,null,null,null,null,null,null,null,null,null,null,null,null,null
ackley,optimized_ard_gpc,random,random,0,17,28,29,2032,0.7484289441074168,False,False,False,2018,0.5792956466664805,0.841408706667039,0.6805183285680104,null,null,null,null,null,null,null,null,null,null,null,null,null
ackley,optimized_ard_gpc,random,random,0,18,29,30,1288,1.340835049233112,False,False,False,1278,0.28865102032528966,0.5773020406505793,0.6009394046420271,null,null,null,null,null,null,null,null,null,null,null,null,null
ackley,optimized_ard_gpc,random,random,0,19,30,31,3243,0.9925178393508904,False,False,False,3218,0.6765769212474879,0.6468461575050242,0.6294228039263519,null,null,null,null,null,null,null,null,null,null,null,null,null
ackley,optimized_ard_gpc,random,random,0,20,31,32,1960,0.3513364241505599,False,True,True,1945,0.32327065571860203,0.6465413114372041,0.6293102497052756,null,null,null,null,null,null,null,null,null,null,null,null,null
ackley,optimized_ard_gpc,random,random,0,21,32,33,1655,1.19649756270967,False,False,False,1642,0.13216269944746273,0.26432539889492546,0.3904773278766055,null,null,null,null,null,null,null,null,null,null,null,null,null
ackley,optimized_ard_gpc,random,random,0,22,33,34,1109,0.17631363220888296,True,True,True,1101,0.860852961341152,0.27829407731769606,0.40341208638795284,null,null,null,null,null,null,null,null,null,null,null,null,null
ackley,optimized_ard_gpc,random,random,0,23,34,35,1517,0.16251897956376915,True,True,True,1504,0.2043283030573093,0.4086566061146186,0.506344494342682,null,null,null,null,null,null,null,null,null,null,null,null,null
ackley,optimized_ard_gpc,random,random,0,24,35,36,3726,0.5092197523352482,False,False,True,3692,0.8010402312172573,0.39791953756548537,0.49895697095500713,null,null,null,null,null,null,null,null,null,null,null,null,null
ackley,optimized_ard_gpc,random,random,0,25,36,37,1104,2.607325006281094,False,False,False,1096,0.5535900570460939,0.8928198859078122,0.6873923442514378,null,null,null,null,null,null,null,null,null,null,null,null,null
ackley,optimized_ard_gpc,random,random,0,26,37,38,680,3.325215028334629,False,False,False,674,0.1529647470904365,0.305929494180873,0.4278174568517563,null,null,null,null,null,null,null,null,null,null,null,null,null
ackley,optimized_ard_gpc,random,random,0,27,38,39,3428,1.2090694995355857,False,False,False,3395,0.586698466747464,0.8266030665050721,0.6780376785663659,null,null,null,null,null,null,null,null,null,null,null,null,null
ackley,optimized_ard_gpc,random,random,0,28,39,40,2419,4.433977565055676,False,False,False,2395,0.07463510040122401,0.14927020080244802,0.2654667628680481,null,null,null,null,null,null,null,null,null,null,null,null,null
ackley,optimized_ard_gpc,random,random,0,29,40,41,2261,4.155506719143643,False,False,False,2238,0.3062444991075495,0.612488998215099,0.6160627735715696,null,null,null,null,null,null,null,null,null,null,null,null,null
ackley,optimized_ard_gpc,random,random,0,30,41,42,176,0.5126663654217296,False,False,True,175,0.5161375394747267,0.9677249210505465,0.6926262497367562,null,null,null,null,null,null,null,null,null,null,null,null,null
ackley,optimized_ard_gpc,random,random,0,31,42,43,3844,0.6671514917728931,False,False,False,3803,0.390694688143725,0.78138937628745,0.669057815288911,null,null,null,null,null,null,null,null,null,null,null,null,null
ackley,optimized_ard_gpc,random,random,0,32,43,44,3203,0.5830444737052343,False,False,False,3169,0.130757343096775,0.26151468619355,0.3878238527893731,null,null,null,null,null,null,null,null,null,null,null,null,null
ackley,optimized_ard_gpc,random,random,0,33,44,45,878,1.4429610477451664,False,False,False,868,0.1878664358731612,0.3757328717463224,0.4831144432035178,null,null,null,null,null,null,null,null,null,null,null,null,null
ackley,optimized_ard_gpc,random,random,0,34,45,46,1980,2.35555078878099,False,False,False,1957,0.1850745288093094,0.3701490576186188,0.47900163435812293,null,null,null,null,null,null,null,null,null,null,null,null,null
ackley,optimized_ard_gpc,random,random,0,35,46,47,1411,1.2795008357392081,False,False,False,1394,0.5522456455373543,0.8955087089252913,0.6876779876195893,null,null,null,null,null,null,null,null,null,null,null,null,null
ackley,optimized_ard_gpc,random,random,0,36,47,48,594,0.7687263272651865,False,False,False,588,0.3135732606162378,0.6271465212324756,0.6219299156993874,null,null,null,null,null,null,null,null,null,null,null,null,null
ackley,optimized_ard_gpc,random,random,0,37,48,49,464,0.7855352724359932,False,False,False,459,0.7320717890355013,0.5358564219289974,0.5811872856908483,null,null,null,null,null,null,null,null,null,null,null,null,null
ackley,optimized_ard_gpc,random,random,0,38,49,50,1417,2.0197518123677387,False,False,False,1397,0.586878420595923,0.826243158808154,0.6779745679146537,null,null,null,null,null,null,null,null,null,null,null,null,null
ackley,optimized_ard_gpc,random,random,0,39,50,51,2130,1.2995935770689666,False,False,False,2101,0.3549687730704818,0.7099375461409636,0.6504683606404016,null,null,null,null,null,null,null,null,null,null,null,null,null
ackley,optimized_ard_gpc,random,random,0,40,51,52,1154,1.5636587604078596,False,False,False,1139,0.14074247389203265,0.2814849477840653,0.40630900453283947,null,null,null,null,null,null,null,null,null,null,null,null,null
ackley,optimized_ard_gpc,random,random,0,41,52,53,2230,0.05779772877514411,True,True,True,2198,0.6817354651232677,0.6365290697534647,0.6255543856631687,null,null,null,null,null,null,null,null,null,null,null,null,null
ackley,optimized_ard_gpc,random,random,0,42,53,54,2862,1.585703536971792,False,False,False,2823,0.03066512569000679,0.06133025138001358,0.1370466633209172,null,null,null,null,null,null,null,null,null,null,null,null,null
ackley,optimized_ard_gpc,random,random,0,43,54,55,3473,2.0880179812577104,False,False,False,3425,0.8598321297337179,0.28033574053256416,0.4052681012848053,null,null,null,null,null,null,null,null,null,null,null,null,null
ackley,optimized_ard_gpc,random,random,0,44,55,56,107,2.2577927334803434,False,False,False,107,0.057430581544394954,0.11486116308878991,0.2198383499122138,null,null,null,null,null,null,null,null,null,null,null,null,null
ackley,optimized_ard_gpc,random,random,0,45,56,57,845,1.7359655469391786,False,False,False,832,0.6671616878264786,0.6656766243470429,0.6361704942835693,null,null,null,null,null,null,null,null,null,null,null,null,null
ackley,optimized_ard_gpc,random,random,0,46,57,58,1064,1.6231647878228745,False,False,False,1049,0.3024153347952847,0.6048306695905694,0.6128969411469274,null,null,null,null,null,null,null,null,null,null,null,null,null
ackley,optimized_ard_gpc,random,random,0,47,58,59,1666,1.8578635753109456,False,False,False,1638,0.06301000726887196,0.12602001453774392,0.23517057002209765,null,null,null,null,null,null,null,null,null,null,null,null,null
ackley,optimized_ard_gpc,random,random,0,48,59,60,3982,2.1593312907720996,False,False,False,3923,0.3561496870714791,0.7122993741429582,0.6511706400304058,null,null,null,null,null,null,null,null,null,null,null,null,null
ackley,optimized_ard_gpc,random,random,0,49,60,61,229,0.4432823567934072,False,False,True,226,0.3995128694547816,0.7990257389095632,0.67281365813607,null,null,null,null,null,null,null,null,null,null,null,null,null
ackley,optimized_ard_gpc,random,random,0,50,61,62,3024,2.2223266273318227,False,False,False,2978,0.4409210122831979,0.8818420245663958,0.6861501924110842,null,null,null,null,null,null,null,null,null,null,null,null,null
ackley,optimized_ard_gpc,random,random,0,51,62,63,3634,1.7854392581146783,False,False,False,3579,0.5207559677208451,0.9584880645583098,0.6922853125339213,null,null,null,null,null,null,null,null,null,null,null,null,null
ackley,optimized_ard_gpc,random,random,0,52,63,64,2377,1.3377740668403053,False,False,False,2337,0.11851735626476056,0.23703471252952113,0.36396048161747163,null,null,null,null,null,null,null,null,null,null,null,null,null
ackley,optimized_ard_gpc,random,random,0,53,64,65,90,1.833906888170544,False,False,False,90,0.07915130026367478,0.15830260052734957,0.2766916433165355,null,null,null,null,null,null,null,null,null,null,null,null,null
ackley,optimized_ard_gpc,random,random,0,54,65,66,2393,1.2390655355892637,False,False,False,2351,0.8703990162588298,0.2592019674823405,0.3856274883583009,null,null,null,null,null,null,null,null,null,null,null,null,null
ackley,optimized_ard_gpc,random,random,0,55,66,67,1656,0.9550268222097227,False,False,False,1626,0.7715382022200856,0.45692359555982875,0.5374110240061037,null,null,null,null,null,null,null,null,null,null,null,null,null
ackley,optimized_ard_gpc,random,random,0,56,67,68,2238,0.18444688874245152,False,True,True,2198,0.5508088558382411,0.8983822883235177,0.6879751781927501,null,null,null,null,null,null,null,null,null,null,null,null,null
ackley,optimized_ard_gpc,random,random,0,57,68,69,2746,0.022378218156470453,True,True,True,2698,0.405302680512591,0.810605361025182,0.675103223852031,null,null,null,null,null,null,null,null,null,null,null,null,null
ackley,optimized_ard_gpc,random,random,0,58,69,70,2066,2.0814721001068612,False,False,False,2029,0.3852259567744625,0.770451913548925,0.666564626164843,null,null,null,null,null,null,null,null,null,null,null,null,null
ackley,optimized_ard_gpc,random,random,0,59,70,71,2740,2.4674925092374966,False,False,False,2691,0.7157660352090716,0.5684679295818569,0.5969078098537989,null,null,null,null,null,null,null,null,null,null,null,null,null
ackley,optimized_ard_gpc,random,random,0,60,71,72,3571,0.30577122805413204,False,True,True,3508,0.42805778028184704,0.8561155605636941,0.6827597985798717,null,null,null,null,null,null,null,null,null,null,null,null,null
ackley,optimized_ard_gpc,random,random,0,61,72,73,2642,1.511856407029148,False,False,False,2593,0.3194423460043936,0.6388846920087872,0.6264483989316638,null,null,null,null,null,null,null,null,null,null,null,null,null
ackley,optimized_ard_gpc,random,random,0,62,73,74,1902,1.3236313992895763,False,False,False,1868,0.2308534644479323,0.4617069288958646,0.5403055374637971,null,null,null,null,null,null,null,null,null,null,null,null,null
ackley,optimized_ard_gpc,random,random,0,63,74,75,3976,0.21110396901470097,False,True,True,3903,0.6172429232669003,0.7655141534661993,0.6653977314245463,null,null,null,null,null,null,null,null,null,null,null,null,null
ackley,optimized_ard_gpc,random,random,0,64,75,76,3952,0.805934677607997,False,False,False,3879,0.660246128210872,0.6795077435782559,0.640872087466181,null,null,null,null,null,null,null,null,null,null,null,null,null
ackley,optimized_ard_gpc,random,random,0,65,76,77,1396,2.750140346185164,False,False,False,1371,0.11096191400679345,0.2219238280135869,0.3485217364521353,null,null,null,null,null,null,null,null,null,null,null,null,null
ackley,optimized_ard_gpc,random,random,0,66,77,78,1240,0.8640101186574576,False,False,False,1218,0.4666213265756767,0.9332426531513534,0.6909172508585073,null,null,null,null,null,null,null,null,null,null,null,null,null
ackley,optimized_ard_gpc,random,random,0,67,78,79,613,0.010961187479594514,True,True,True,602,0.15876007669146475,0.3175201533829295,0.43760807221876064,null,null,null,null,null,null,null,null,null,null,null,null,null
ackley,optimized_ard_gpc,random,random,0,68,79,80,237,0.8900979028771854,False,False,False,232,0.4842649948964457,0.9685299897928914,0.6926519180216661,null,null,null,null,null,null,null,null,null,null,null,null,null
ackley,optimized_ard_gpc,classifier_margin,classifier_margin,0,1,12,13,1437,0.7738346595914756,False,False,False,1433,0.5000378288995213,0.9999243422009574,0.6931471776978941,null,null,null,null,null,null,null,null,null,null,null,null,null
ackley,optimized_ard_gpc,classifier_margin,classifier_margin,0,2,13,14,931,2.120277088002938,False,False,False,927,0.49982000591754444,0.9996400118350889,0.6931471157642044,null,null,null,null,null,null,null,null,null,null,null,null,null
ackley,optimized_ard_gpc,classifier_margin,classifier_margin,0,3,14,15,3882,0.3571482211236514,False,True,True,3868,0.5000134576886334,0.9999730846227333,0.6931471801977265,null,null,null,null,null,null,null,null,null,null,null,null,null
ackley,optimized_ard_gpc,classifier_margin,classifier_margin,0,4,15,16,682,1.5432710103964702,False,False,False,679,0.4999187409680368,0.9998374819360736,0.6931471673538847,null,null,null,null,null,null,null,null,null,null,null,null,null
ackley,optimized_ard_gpc,classifier_margin,classifier_margin,0,5,16,17,3074,0.44753404597272173,False,False,True,3061,0.5001807526703994,0.9996384946592012,0.6931471152168882,null,null,null,null,null,null,null,null,null,null,null,null,null
ackley,optimized_ard_gpc,classifier_margin,classifier_margin,0,6,17,18,788,0.48101272328267974,False,False,True,783,0.4999825373156298,0.9999650746312596,0.6931471799500546,null,null,null,null,null,null,null,null,null,null,null,null,null
ackley,optimized_ard_gpc,classifier_margin,classifier_margin,0,7,18,19,3211,1.8419822841816487,False,False,False,3195,0.500014746905159,0.999970506189682,0.6931471801250029,null,null,null,null,null,null,null,null,null,null,null,null,null
ackley,optimized_ard_gpc,classifier_margin,classifier_margin,0,8,19,20,3833,0.46854545150468496,False,False,True,3815,0.4997960166075751,0.9995920332151502,0.6931470973414942,null,null,null,null,null,null,null,null,null,null,null,null,null
ackley,optimized_ard_gpc,classifier_margin,classifier_margin,0,9,20,21,462,1.0632644474322994,False,False,False,460,0.5000016589333434,0.9999966821333133,0.6931471805544411,null,null,null,null,null,null,null,null,null,null,null,null,null
ackley,optimized_ard_gpc,classifier_margin,classifier_margin,0,10,21,22,3930,0.8887994256638354,False,False,False,3909,0.5000341996160298,0.9999316007679404,0.6931471782207178,null,null,null,null,null,null,null,null,null,null,null,null,null
ackley,optimized_ard_gpc,classifier_margin,classifier_margin,0,11,22,23,3949,1.5743522520267632,False,False,False,3927,0.500085145594173,0.9998297088116539,0.6931471660604007,null,null,null,null,null,null,null,null,null,null,null,null,null
ackley,optimized_ard_gpc,classifier_margin,classifier_margin,0,12,23,24,2243,0.5204266032162472,False,False,True,2233,0.5002340877136114,0.9995318245727771,0.693147070965826,null,null,null,null,null,null,null,null,null,null,null,null,null
ackley,optimized_ard_gpc,classifier_margin,classifier_margin,0,13,24,25,1803,0.5630622240321337,False,False,True,1793,0.4999591844744312,0.9999183689488624,0.693147177228131,null,null,null,null,null,null,null,null,null,null,null,null,null
ackley,optimized_ard_gpc,classifier_margin,classifier_margin,0,14,25,26,1745,2.0530957059119785,False,False,False,1736,0.49985613096441417,0.9997122619288283,0.6931471391633459,null,null,null,null,null,null,null,null,null,null,null,null,null
ackley,optimized_ard_gpc,classifier_margin,classifier_margin,0,15,26,27,2719,1.5054075884726057,False,False,False,2703,0.500702945720646,0.998594108558708,0.6931461922942475,null,null,null,null,null,null,null,null,null,null,null,null,null
ackley,optimized_ard_gpc,classifier_margin,classifier_margin,0,16,27,28,967,1.8596858013583244,False,False,False,959,0.5000582533273217,0.9998834933453566,0.693147173773045,null,null,null,null,null,null,null,null,null,null,null,null,null
ackley,optimized_ard_gpc,classifier_margin,classifier_margin,0,17,28,29,664,1.5629341358025943,False,False,False,660,0.49976466746106274,0.9995293349221255,0.6931470697971335,null,null,null,null,null,null,null,null,null,null,null,null,null
ackley,optimized_ard_gpc,classifier_margin,classifier_margin,0,18,29,30,1025,0.44571539504195634,False,False,True,1015,0.4996772786690966,0.9993545573381932,0.693146972261816,null,null,null,null,null,null,null,null,null,null,null,null,null
ackley,optimized_ard_gpc,classifier_margin,classifier_margin,0,19,30,31,3131,0.7989007595228408,False,False,False,3108,0.5001255655229806,0.9997488689540388,0.6931471490265437,null,null,null,null,null,null,null,null,null,null,null,null,null
ackley,optimized_ard_gpc,classifier_margin,classifier_margin,0,20,31,32,339,2.390755584441333,False,False,False,338,0.5008026946016233,0.9983946107967534,0.6931458919221448,null,null,null,null,null,null,null,null,null,null,null,null,null
ackley,optimized_ard_gpc,classifier_margin,classifier_margin,0,21,32,33,2713,0.9329487358746356,False,False,False,2693,0.5000282307168612,0.9999435385662776,0.6931471789659986,null,null,null,null,null,null,null,null,null,null,null,null,null
ackley,optimized_ard_gpc,classifier_margin,classifier_margin,0,22,33,34,934,1.5585501247607176,False,False,False,924,0.5005179095977544,0.9989641808044911,0.6931466440991465,null,null,null,null,null,null,null,null,null,null,null,null,null
ackley,optimized_ard_gpc,classifier_margin,classifier_margin,0,23,34,35,1188,1.6079496200228753,False,False,False,1175,0.4996859959834219,0.9993719919668438,0.6931469833628874,null,null,null,null,null,null,null,null,null,null,null,null,null
ackley,optimized_ard_gpc,classifier_margin,classifier_margin,0,24,35,36,3946,0.6071850750369716,False,False,False,3912,0.5001244769982418,0.9997510460035164,0.6931471495708987,null,null,null,null,null,null,null,null,null,null,null,null,null
ackley,optimized_ard_gpc,classifier_margin,classifier_margin,0,25,36,37,3098,1.124994509372133,False,False,False,3071,0.5001938888942359,0.9996122222115282,0.6931471053741368,null,null,null,null,null,null,null,null,null,null,null,null,null
ackley,optimized_ard_gpc,classifier_margin,classifier_margin,0,26,37,38,1962,3.034629359881812,False,False,False,1944,0.5000279482215383,0.9999441035569234,0.6931471789977391,null,null,null,null,null,null,null,null,null,null,null,null,null
ackley,optimized_ard_gpc,classifier_margin,classifier_margin,0,27,38,39,1808,0.7498770503229863,False,False,False,1790,0.4998485876815276,0.9996971753630552,0.6931471347085643,null,null,null,null,null,null,null,null,null,null,null,null,null
ackley,optimized_ard_gpc,classifier_margin,classifier_margin,0,28,39,40,2740,2.4674925092374966,False,False,False,2714,0.5000803895947415,0.9998392208105169,0.6931471676349714,null,null,null,null,null,null,null,null,null,null,null,null,null
ackley,optimized_ard_gpc,classifier_margin,classifier_margin,0,29,40,41,1760,0.4186368086736376,False,False,True,1744,0.49998157558307676,0.9999631511661535,0.693147179881027,null,null,null,null,null,null,null,null,null,null,null,null,null
ackley,optimized_ard_gpc,classifier_margin,classifier_margin,0,30,41,42,2710,1.48136253309519,False,False,False,2685,0.5000536825360818,0.9998926349278363,0.6931471747963159,null,null,null,null,null,null,null,null,null,null,null,null,null
ackley,optimized_ard_gpc,classifier_margin,classifier_margin,0,31,42,43,809,1.0970968077559107,False,False,False,800,0.5000682728842819,0.9998634542314362,0.6931471712375719,null,null,null,null,null,null,null,null,null,null,null,null,null
ackley,optimized_ard_gpc,classifier_margin,classifier_margin,0,32,43,44,2242,0.25894664744272156,False,True,True,2220,0.5000057715419872,0.9999884569160256,0.6931471804933239,null,null,null,null,null,null,null,null,null,null,null,null,null
ackley,optimized_ard_gpc,classifier_margin,classifier_margin,0,33,44,45,1240,0.8640101186574576,False,False,False,1225,0.49990361960313634,0.9998072392062727,0.6931471619815834,null,null,null,null,null,null,null,null,null,null,null,null,null
ackley,optimized_ard_gpc,classifier_margin,classifier_margin,0,34,45,46,1792,2.1079609104676997,False,False,False,1772,0.5000444627036115,0.9999110745927771,0.6931471766060813,null,null,null,null,null,null,null,null,null,null,null,null,null
ackley,optimized_ard_gpc,classifier_margin,classifier_margin,0,35,46,47,471,3.2566777937288585,False,False,False,467,0.500013345617952,0.9999733087640961,0.6931471802037343,null,null,null,null,null,null,null,null,null,null,null,null,null
ackley,optimized_ard_gpc,classifier_margin,classifier_margin,0,36,47,48,1379,1.4073493363838097,False,False,False,1362,0.5000184630149687,0.9999630739700627,0.6931471798781794,null,null,null,null,null,null,null,null,null,null,null,null,null
ackley,optimized_ard_gpc,classifier_margin,classifier_margin,0,37,48,49,2626,0.8143959541934684,False,False,False,2595,0.5000628895141223,0.9998742209717555,0.6931471726497633,null,null,null,null,null,null,null,null,null,null,null,null,null
ackley,optimized_ard_gpc,classifier_margin,classifier_margin,0,38,49,50,1339,0.9635903372665169,False,False,False,1322,0.499872704353002,0.999745408706004,0.6931471481515814,null,null,null,null,null,null,null,null,null,null,null,null,null
ackley,optimized_ard_gpc,classifier_margin,classifier_margin,0,39,50,51,1657,0.7425722261344898,False,False,False,1637,0.4999660895029415,0.999932179005883,0.6931471782601016,null,null,null,null,null,null,null,null,null,null,null,null,null
ackley,optimized_ard_gpc,classifier_margin,classifier_margin,0,40,51,52,2839,0.13016239362415405,True,True,True,2801,0.5001706993426495,0.9996586013147011,0.693147122283413,null,null,null,null,null,null,null,null,null,null,null,null,null
ackley,optimized_ard_gpc,classifier_margin,classifier_margin,0,41,52,53,2357,2.2432360452703577,False,False,False,2326,0.5000728901377821,0.9998542197244358,0.6931471699340008,null,null,null,null,null,null,null,null,null,null,null,null,null
ackley,optimized_ard_gpc,classifier_margin,classifier_margin,0,42,53,54,1964,0.044867696956186975,True,True,True,1936,0.49999994943847775,0.9999998988769555,0.6931471805599402,null,null,null,null,null,null,null,null,null,null,null,null,null
ackley,optimized_ard_gpc,classifier_margin,classifier_margin,0,43,54,55,3347,1.3790346897913146,False,False,False,3299,0.49998979731112897,0.9999795946222579,0.6931471803517555,null,null,null,null,null,null,null,null,null,null,null,null,null
ackley,optimized_ard_gpc,classifier_margin,classifier_margin,0,44,55,56,531,0.7124746842056329,False,False,False,526,0.5000262371646929,0.9999475256706143,0.6931471791831676,null,null,null,null,null,null,null,null,null,null,null,null,null
ackley,optimized_ard_gpc,classifier_margin,classifier_margin,0,45,56,57,2544,1.6206414089304673,False,False,False,2509,0.5002681903940905,0.9994636192118189,0.6931470367077635,null,null,null,null,null,null,null,null,null,null,null,null,null
ackley,optimized_ard_gpc,classifier_margin,classifier_margin,0,46,57,58,3891,0.6086751868679663,False,False,False,3837,0.4997285400372804,0.9994570800745608,0.6931470331789154,null,null,null,null,null,null,null,null,null,null,null,null,null
ackley,optimized_ard_gpc,classifier_margin,classifier_margin,0,47,58,59,1668,0.5173316218731756,False,False,True,1646,0.49970492507107667,0.9994098501421533,0.6931470064215077,null,null,null,null,null,null,null,null,null,null,null,null,null
ackley,optimized_ard_gpc,classifier_margin,classifier_margin,0,48,59,60,84,1.7084071727462593,False,False,False,84,0.5003966832079162,0.9992066335841676,0.6931468658447774,null,null,null,null,null,null,null,null,null,null,null,null,null
ackley,optimized_ard_gpc,classifier_margin,classifier_margin,0,49,60,61,3209,0.7757669915165053,False,False,False,3158,0.5000942019669739,0.9998115960660523,0.6931471628119241,null,null,null,null,null,null,null,null,null,null,null,null,null
ackley,optimized_ard_gpc,classifier_margin,classifier_margin,0,50,61,62,646,0.9640479423526216,False,False,False,638,0.49990933147721706,0.9998186629544341,0.6931471641183832,null,null,null,null,null,null,null,null,null,null,null,null,null
ackley,optimized_ard_gpc,classifier_margin,classifier_margin,0,51,62,63,3075,0.7546495717238866,False,False,False,3026,0.500117351678169,0.9997652966436621,0.6931471530171123,null,null,null,null,null,null,null,null,null,null,null,null,null
ackley,optimized_ard_gpc,classifier_margin,classifier_margin,0,52,63,64,2553,0.028288809247541735,True,True,True,2513,0.5001555964542951,0.9996888070914098,0.6931471321394314,null,null,null,null,null,null,null,null,null,null,null,null,null
ackley,optimized_ard_gpc,classifier_margin,classifier_margin,0,53,64,65,665,0.5733961384867872,False,False,True,655,0.5000730003426568,0.9998539993146864,0.6931471699018452,null,null,null,null,null,null,null,null,null,null,null,null,null
ackley,optimized_ard_gpc,classifier_margin,classifier_margin,0,54,65,66,782,0.0778467939170433,True,True,True,769,0.49984165095672006,0.9996833019134401,0.6931471304111054,null,null,null,null,null,null,null,null,null,null,null,null,null
ackley,optimized_ard_gpc,classifier_margin,classifier_margin,0,55,66,67,1604,3.545354858565755,False,False,False,1579,0.4998313799388651,0.9996627598777302,0.6931471236944942,null,null,null,null,null,null,null,null,null,null,null,null,null
ackley,optimized_ard_gpc,classifier_margin,classifier_margin,0,56,67,68,1332,1.444253731044979,False,False,False,1310,0.5002180879221079,0.9995638241557843,0.6931470854352588,null,null,null,null,null,null,null,null,null,null,null,null,null
ackley,optimized_ard_gpc,classifier_margin,classifier_margin,0,57,68,69,2495,0.49451559474574047,False,False,True,2453,0.4999583992733944,0.9999167985467888,0.6931471770987044,null,null,null,null,null,null,null,null,null,null,null,null,null
ackley,optimized_ard_gpc,classifier_margin,classifier_margin,0,58,69,70,3568,0.7375802822476007,False,False,False,3506,0.49985552955007473,0.9997110591001495,0.6931471388165229,null,null,null,null,null,null,null,null,null,null,null,null,null
ackley,optimized_ard_gpc,classifier_margin,classifier_margin,0,59,70,71,3745,0.005536965482134448,True,True,True,3681,0.4999911495348126,0.9999822990696252,0.6931471804032838,null,null,null,null,null,null,null,null,null,null,null,null,null
ackley,optimized_ard_gpc,classifier_margin,classifier_margin,0,60,71,72,85,0.07011657219185885,True,True,True,84,0.5000293018191474,0.9999413963617052,0.6931471788427521,null,null,null,null,null,null,null,null,null,null,null,null,null
ackley,optimized_ard_gpc,classifier_margin,classifier_margin,0,61,72,73,2525,1.156550595543635,False,False,False,2481,0.49967865155202673,0.9993573031040535,0.693146974030281,null,null,null,null,null,null,null,null,null,null,null,null,null
ackley,optimized_ard_gpc,classifier_margin,classifier_margin,0,62,73,74,1389,0.10874304491905207,True,True,True,1363,0.49982989332562416,0.9996597866512483,0.6931471226873829,null,null,null,null,null,null,null,null,null,null,null,null,null
ackley,optimized_ard_gpc,classifier_margin,classifier_margin,0,63,74,75,218,0.294880494874155,False,True,True,216,0.5001199625928281,0.9997600748143438,0.6931471517778978,null,null,null,null,null,null,null,null,null,null,null,null,null
ackley,optimized_ard_gpc,classifier_margin,classifier_margin,0,64,75,76,897,0.0027935529684572913,True,True,True,879,0.49995660273308357,0.9999132054661671,0.6931471767932997,null,null,null,null,null,null,null,null,null,null,null,null,null
ackley,optimized_ard_gpc,classifier_margin,classifier_margin,0,65,76,77,1040,0.3927931688922879,False,False,True,1017,0.500054915278433,0.9998901694431339,0.6931471745285697,null,null,null,null,null,null,null,null,null,null,null,null,null
ackley,optimized_ard_gpc,classifier_margin,classifier_margin,0,66,77,78,1932,0.7452883643604711,False,False,False,1892,0.5000621266660781,0.9998757466678438,0.6931471728405,null,null,null,null,null,null,null,null,null,null,null,null,null
ackley,optimized_ard_gpc,classifier_margin,classifier_margin,0,67,78,79,2368,0.8418752399008298,False,False,False,2321,0.49956273183613875,0.9991254636722775,0.6931467981530024,null,null,null,null,null,null,null,null,null,null,null,null,null
ackley,optimized_ard_gpc,classifier_margin,classifier_margin,0,68,79,80,1833,0.9932470945168408,False,False,False,1793,0.49936142278450824,0.9987228455690165,0.6931463649980033,null,null,null,null,null,null,null,null,null,null,null,null,null
ackley,optimized_ard_gpc,classifier_entropy,classifier_entropy,0,1,12,13,1437,0.7738346595914756,False,False,False,1433,0.5000378288995213,0.9999243422009574,0.6931471776978941,Binary entropy is monotone-equivalent to classifier margin.,null,null,null,null,null,null,null,null,null,null,null,null
ackley,optimized_ard_gpc,classifier_entropy,classifier_entropy,0,2,13,14,931,2.120277088002938,False,False,False,927,0.49982000591754444,0.9996400118350889,0.6931471157642044,Binary entropy is monotone-equivalent to classifier margin.,null,null,null,null,null,null,null,null,null,null,null,null
ackley,optimized_ard_gpc,classifier_entropy,classifier_entropy,0,3,14,15,3882,0.3571482211236514,False,True,True,3868,0.5000134576886334,0.9999730846227333,0.6931471801977265,Binary entropy is monotone-equivalent to classifier margin.,null,null,null,null,null,null,null,null,null,null,null,null
ackley,optimized_ard_gpc,classifier_entropy,classifier_entropy,0,4,15,16,682,1.5432710103964702,False,False,False,679,0.4999187409680368,0.9998374819360736,0.6931471673538847,Binary entropy is monotone-equivalent to classifier margin.,null,null,null,null,null,null,null,null,null,null,null,null
ackley,optimized_ard_gpc,classifier_entropy,classifier_entropy,0,5,16,17,3074,0.44753404597272173,False,False,True,3061,0.5001807526703994,0.9996384946592012,0.6931471152168882,Binary entropy is monotone-equivalent to classifier margin.,null,null,null,null,null,null,null,null,null,null,null,null
ackley,optimized_ard_gpc,classifier_entropy,classifier_entropy,0,6,17,18,788,0.48101272328267974,False,False,True,783,0.4999825373156298,0.9999650746312596,0.6931471799500546,Binary entropy is monotone-equivalent to classifier margin.,null,null,null,null,null,null,null,null,null,null,null,null
ackley,optimized_ard_gpc,classifier_entropy,classifier_entropy,0,7,18,19,3211,1.8419822841816487,False,False,False,3195,0.500014746905159,0.999970506189682,0.6931471801250029,Binary entropy is monotone-equivalent to classifier margin.,null,null,null,null,null,null,null,null,null,null,null,null
ackley,optimized_ard_gpc,classifier_entropy,classifier_entropy,0,8,19,20,3833,0.46854545150468496,False,False,True,3815,0.4997960166075751,0.9995920332151502,0.6931470973414942,Binary entropy is monotone-equivalent to classifier margin.,null,null,null,null,null,null,null,null,null,null,null,null
ackley,optimized_ard_gpc,classifier_entropy,classifier_entropy,0,9,20,21,462,1.0632644474322994,False,False,False,460,0.5000016589333434,0.9999966821333133,0.6931471805544411,Binary entropy is monotone-equivalent to classifier margin.,null,null,null,null,null,null,null,null,null,null,null,null
ackley,optimized_ard_gpc,classifier_entropy,classifier_entropy,0,10,21,22,3930,0.8887994256638354,False,False,False,3909,0.5000341996160298,0.9999316007679404,0.6931471782207178,Binary entropy is monotone-equivalent to classifier margin.,null,null,null,null,null,null,null,null,null,null,null,null
ackley,optimized_ard_gpc,classifier_entropy,classifier_entropy,0,11,22,23,3949,1.5743522520267632,False,False,False,3927,0.500085145594173,0.9998297088116539,0.6931471660604007,Binary entropy is monotone-equivalent to classifier margin.,null,null,null,null,null,null,null,null,null,null,null,null
ackley,optimized_ard_gpc,classifier_entropy,classifier_entropy,0,12,23,24,2243,0.5204266032162472,False,False,True,2233,0.5002340877136114,0.9995318245727771,0.693147070965826,Binary entropy is monotone-equivalent to classifier margin.,null,null,null,null,null,null,null,null,null,null,null,null
ackley,optimized_ard_gpc,classifier_entropy,classifier_entropy,0,13,24,25,1803,0.5630622240321337,False,False,True,1793,0.4999591844744312,0.9999183689488624,0.693147177228131,Binary entropy is monotone-equivalent to classifier margin.,null,null,null,null,null,null,null,null,null,null,null,null
ackley,optimized_ard_gpc,classifier_entropy,classifier_entropy,0,14,25,26,1745,2.0530957059119785,False,False,False,1736,0.49985613096441417,0.9997122619288283,0.6931471391633459,Binary entropy is monotone-equivalent to classifier margin.,null,null,null,null,null,null,null,null,null,null,null,null
ackley,optimized_ard_gpc,classifier_entropy,classifier_entropy,0,15,26,27,2719,1.5054075884726057,False,False,False,2703,0.500702945720646,0.998594108558708,0.6931461922942475,Binary entropy is monotone-equivalent to classifier margin.,null,null,null,null,null,null,null,null,null,null,null,null
ackley,optimized_ard_gpc,classifier_entropy,classifier_entropy,0,16,27,28,967,1.8596858013583244,False,False,False,959,0.5000582533273217,0.9998834933453566,0.693147173773045,Binary entropy is monotone-equivalent to classifier margin.,null,null,null,null,null,null,null,null,null,null,null,null
ackley,optimized_ard_gpc,classifier_entropy,classifier_entropy,0,17,28,29,664,1.5629341358025943,False,False,False,660,0.49976466746106274,0.9995293349221255,0.6931470697971335,Binary entropy is monotone-equivalent to classifier margin.,null,null,null,null,null,null,null,null,null,null,null,null
ackley,optimized_ard_gpc,classifier_entropy,classifier_entropy,0,18,29,30,1025,0.44571539504195634,False,False,True,1015,0.4996772786690966,0.9993545573381932,0.693146972261816,Binary entropy is monotone-equivalent to classifier margin.,null,null,null,null,null,null,null,null,null,null,null,null
ackley,optimized_ard_gpc,classifier_entropy,classifier_entropy,0,19,30,31,3131,0.7989007595228408,False,False,False,3108,0.5001255655229806,0.9997488689540388,0.6931471490265437,Binary entropy is monotone-equivalent to classifier margin.,null,null,null,null,null,null,null,null,null,null,null,null
ackley,optimized_ard_gpc,classifier_entropy,classifier_entropy,0,20,31,32,339,2.390755584441333,False,False,False,338,0.5008026946016233,0.9983946107967534,0.6931458919221448,Binary entropy is monotone-equivalent to classifier margin.,null,null,null,null,null,null,null,null,null,null,null,null
ackley,optimized_ard_gpc,classifier_entropy,classifier_entropy,0,21,32,33,2713,0.9329487358746356,False,False,False,2693,0.5000282307168612,0.9999435385662776,0.6931471789659986,Binary entropy is monotone-equivalent to classifier margin.,null,null,null,null,null,null,null,null,null,null,null,null
ackley,optimized_ard_gpc,classifier_entropy,classifier_entropy,0,22,33,34,934,1.5585501247607176,False,False,False,924,0.5005179095977544,0.9989641808044911,0.6931466440991465,Binary entropy is monotone-equivalent to classifier margin.,null,null,null,null,null,null,null,null,null,null,null,null
ackley,optimized_ard_gpc,classifier_entropy,classifier_entropy,0,23,34,35,1188,1.6079496200228753,False,False,False,1175,0.4996859959834219,0.9993719919668438,0.6931469833628874,Binary entropy is monotone-equivalent to classifier margin.,null,null,null,null,null,null,null,null,null,null,null,null
ackley,optimized_ard_gpc,classifier_entropy,classifier_entropy,0,24,35,36,3946,0.6071850750369716,False,False,False,3912,0.5001244769982418,0.9997510460035164,0.6931471495708987,Binary entropy is monotone-equivalent to classifier margin.,null,null,null,null,null,null,null,null,null,null,null,null
ackley,optimized_ard_gpc,classifier_entropy,classifier_entropy,0,25,36,37,3098,1.124994509372133,False,False,False,3071,0.5001938888942359,0.9996122222115282,0.6931471053741368,Binary entropy is monotone-equivalent to classifier margin.,null,null,null,null,null,null,null,null,null,null,null,null
ackley,optimized_ard_gpc,classifier_entropy,classifier_entropy,0,26,37,38,1962,3.034629359881812,False,False,False,1944,0.5000279482215383,0.9999441035569234,0.6931471789977391,Binary entropy is monotone-equivalent to classifier margin.,null,null,null,null,null,null,null,null,null,null,null,null
ackley,optimized_ard_gpc,classifier_entropy,classifier_entropy,0,27,38,39,1808,0.7498770503229863,False,False,False,1790,0.4998485876815276,0.9996971753630552,0.6931471347085643,Binary entropy is monotone-equivalent to classifier margin.,null,null,null,null,null,null,null,null,null,null,null,null
ackley,optimized_ard_gpc,classifier_entropy,classifier_entropy,0,28,39,40,2740,2.4674925092374966,False,False,False,2714,0.5000803895947415,0.9998392208105169,0.6931471676349714,Binary entropy is monotone-equivalent to classifier margin.,null,null,null,null,null,null,null,null,null,null,null,null
ackley,optimized_ard_gpc,classifier_entropy,classifier_entropy,0,29,40,41,1760,0.4186368086736376,False,False,True,1744,0.49998157558307676,0.9999631511661535,0.693147179881027,Binary entropy is monotone-equivalent to classifier margin.,null,null,null,null,null,null,null,null,null,null,null,null
ackley,optimized_ard_gpc,classifier_entropy,classifier_entropy,0,30,41,42,2710,1.48136253309519,False,False,False,2685,0.5000536825360818,0.9998926349278363,0.6931471747963159,Binary entropy is monotone-equivalent to classifier margin.,null,null,null,null,null,null,null,null,null,null,null,null
ackley,optimized_ard_gpc,classifier_entropy,classifier_entropy,0,31,42,43,809,1.0970968077559107,False,False,False,800,0.5000682728842819,0.9998634542314362,0.6931471712375719,Binary entropy is monotone-equivalent to classifier margin.,null,null,null,null,null,null,null,null,null,null,null,null
ackley,optimized_ard_gpc,classifier_entropy,classifier_entropy,0,32,43,44,2242,0.25894664744272156,False,True,True,2220,0.5000057715419872,0.9999884569160256,0.6931471804933239,Binary entropy is monotone-equivalent to classifier margin.,null,null,null,null,null,null,null,null,null,null,null,null
ackley,optimized_ard_gpc,classifier_entropy,classifier_entropy,0,33,44,45,1240,0.8640101186574576,False,False,False,1225,0.49990361960313634,0.9998072392062727,0.6931471619815834,Binary entropy is monotone-equivalent to classifier margin.,null,null,null,null,null,null,null,null,null,null,null,null
ackley,optimized_ard_gpc,classifier_entropy,classifier_entropy,0,34,45,46,1792,2.1079609104676997,False,False,False,1772,0.5000444627036115,0.9999110745927771,0.6931471766060813,Binary entropy is monotone-equivalent to classifier margin.,null,null,null,null,null,null,null,null,null,null,null,null
ackley,optimized_ard_gpc,classifier_entropy,classifier_entropy,0,35,46,47,471,3.2566777937288585,False,False,False,467,0.500013345617952,0.9999733087640961,0.6931471802037343,Binary entropy is monotone-equivalent to classifier margin.,null,null,null,null,null,null,null,null,null,null,null,null
ackley,optimized_ard_gpc,classifier_entropy,classifier_entropy,0,36,47,48,1379,1.4073493363838097,False,False,False,1362,0.5000184630149687,0.9999630739700627,0.6931471798781794,Binary entropy is monotone-equivalent to classifier margin.,null,null,null,null,null,null,null,null,null,null,null,null
ackley,optimized_ard_gpc,classifier_entropy,classifier_entropy,0,37,48,49,2626,0.8143959541934684,False,False,False,2595,0.5000628895141223,0.9998742209717555,0.6931471726497633,Binary entropy is monotone-equivalent to classifier margin.,null,null,null,null,null,null,null,null,null,null,null,null
ackley,optimized_ard_gpc,classifier_entropy,classifier_entropy,0,38,49,50,1339,0.9635903372665169,False,False,False,1322,0.499872704353002,0.999745408706004,0.6931471481515814,Binary entropy is monotone-equivalent to classifier margin.,null,null,null,null,null,null,null,null,null,null,null,null
ackley,optimized_ard_gpc,classifier_entropy,classifier_entropy,0,39,50,51,1657,0.7425722261344898,False,False,False,1637,0.4999660895029415,0.999932179005883,0.6931471782601016,Binary entropy is monotone-equivalent to classifier margin.,null,null,null,null,null,null,null,null,null,null,null,null
ackley,optimized_ard_gpc,classifier_entropy,classifier_entropy,0,40,51,52,2839,0.13016239362415405,True,True,True,2801,0.5001706993426495,0.9996586013147011,0.693147122283413,Binary entropy is monotone-equivalent to classifier margin.,null,null,null,null,null,null,null,null,null,null,null,null
ackley,optimized_ard_gpc,classifier_entropy,classifier_entropy,0,41,52,53,2357,2.2432360452703577,False,False,False,2326,0.5000728901377821,0.9998542197244358,0.6931471699340008,Binary entropy is monotone-equivalent to classifier margin.,null,null,null,null,null,null,null,null,null,null,null,null
ackley,optimized_ard_gpc,classifier_entropy,classifier_entropy,0,42,53,54,1964,0.044867696956186975,True,True,True,1936,0.49999994943847775,0.9999998988769555,0.6931471805599402,Binary entropy is monotone-equivalent to classifier margin.,null,null,null,null,null,null,null,null,null,null,null,null
ackley,optimized_ard_gpc,classifier_entropy,classifier_entropy,0,43,54,55,3347,1.3790346897913146,False,False,False,3299,0.49998979731112897,0.9999795946222579,0.6931471803517555,Binary entropy is monotone-equivalent to classifier margin.,null,null,null,null,null,null,null,null,null,null,null,null
ackley,optimized_ard_gpc,classifier_entropy,classifier_entropy,0,44,55,56,531,0.7124746842056329,False,False,False,526,0.5000262371646929,0.9999475256706143,0.6931471791831676,Binary entropy is monotone-equivalent to classifier margin.,null,null,null,null,null,null,null,null,null,null,null,null
ackley,optimized_ard_gpc,classifier_entropy,classifier_entropy,0,45,56,57,2544,1.6206414089304673,False,False,False,2509,0.5002681903940905,0.9994636192118189,0.6931470367077635,Binary entropy is monotone-equivalent to classifier margin.,null,null,null,null,null,null,null,null,null,null,null,null
ackley,optimized_ard_gpc,classifier_entropy,classifier_entropy,0,46,57,58,3891,0.6086751868679663,False,False,False,3837,0.4997285400372804,0.9994570800745608,0.6931470331789154,Binary entropy is monotone-equivalent to classifier margin.,null,null,null,null,null,null,null,null,null,null,null,null
ackley,optimized_ard_gpc,classifier_entropy,classifier_entropy,0,47,58,59,1668,0.5173316218731756,False,False,True,1646,0.49970492507107667,0.9994098501421533,0.6931470064215077,Binary entropy is monotone-equivalent to classifier margin.,null,null,null,null,null,null,null,null,null,null,null,null
ackley,optimized_ard_gpc,classifier_entropy,classifier_entropy,0,48,59,60,84,1.7084071727462593,False,False,False,84,0.5003966832079162,0.9992066335841676,0.6931468658447774,Binary entropy is monotone-equivalent to classifier margin.,null,null,null,null,null,null,null,null,null,null,null,null
ackley,optimized_ard_gpc,classifier_entropy,classifier_entropy,0,49,60,61,3209,0.7757669915165053,False,False,False,3158,0.5000942019669739,0.9998115960660523,0.6931471628119241,Binary entropy is monotone-equivalent to classifier margin.,null,null,null,null,null,null,null,null,null,null,null,null
ackley,optimized_ard_gpc,classifier_entropy,classifier_entropy,0,50,61,62,646,0.9640479423526216,False,False,False,638,0.49990933147721706,0.9998186629544341,0.6931471641183832,Binary entropy is monotone-equivalent to classifier margin.,null,null,null,null,null,null,null,null,null,null,null,null
ackley,optimized_ard_gpc,classifier_entropy,classifier_entropy,0,51,62,63,3075,0.7546495717238866,False,False,False,3026,0.500117351678169,0.9997652966436621,0.6931471530171123,Binary entropy is monotone-equivalent to classifier margin.,null,null,null,null,null,null,null,null,null,null,null,null
ackley,optimized_ard_gpc,classifier_entropy,classifier_entropy,0,52,63,64,2553,0.028288809247541735,True,True,True,2513,0.5001555964542951,0.9996888070914098,0.6931471321394314,Binary entropy is monotone-equivalent to classifier margin.,null,null,null,null,null,null,null,null,null,null,null,null
ackley,optimized_ard_gpc,classifier_entropy,classifier_entropy,0,53,64,65,665,0.5733961384867872,False,False,True,655,0.5000730003426568,0.9998539993146864,0.6931471699018452,Binary entropy is monotone-equivalent to classifier margin.,null,null,null,null,null,null,null,null,null,null,null,null
ackley,optimized_ard_gpc,classifier_entropy,classifier_entropy,0,54,65,66,782,0.0778467939170433,True,True,True,769,0.49984165095672006,0.9996833019134401,0.6931471304111054,Binary entropy is monotone-equivalent to classifier margin.,null,null,null,null,null,null,null,null,null,null,null,null
ackley,optimized_ard_gpc,classifier_entropy,classifier_entropy,0,55,66,67,1604,3.545354858565755,False,False,False,1579,0.4998313799388651,0.9996627598777302,0.6931471236944942,Binary entropy is monotone-equivalent to classifier margin.,null,null,null,null,null,null,null,null,null,null,null,null
ackley,optimized_ard_gpc,classifier_entropy,classifier_entropy,0,56,67,68,1332,1.444253731044979,False,False,False,1310,0.5002180879221079,0.9995638241557843,0.6931470854352588,Binary entropy is monotone-equivalent to classifier margin.,null,null,null,null,null,null,null,null,null,null,null,null
ackley,optimized_ard_gpc,classifier_entropy,classifier_entropy,0,57,68,69,2495,0.49451559474574047,False,False,True,2453,0.4999583992733944,0.9999167985467888,0.6931471770987044,Binary entropy is monotone-equivalent to classifier margin.,null,null,null,null,null,null,null,null,null,null,null,null
ackley,optimized_ard_gpc,classifier_entropy,classifier_entropy,0,58,69,70,3568,0.7375802822476007,False,False,False,3506,0.49985552955007473,0.9997110591001495,0.6931471388165229,Binary entropy is monotone-equivalent to classifier margin.,null,null,null,null,null,null,null,null,null,null,null,null
ackley,optimized_ard_gpc,classifier_entropy,classifier_entropy,0,59,70,71,3745,0.005536965482134448,True,True,True,3681,0.4999911495348126,0.9999822990696252,0.6931471804032838,Binary entropy is monotone-equivalent to classifier margin.,null,null,null,null,null,null,null,null,null,null,null,null
ackley,optimized_ard_gpc,classifier_entropy,classifier_entropy,0,60,71,72,85,0.07011657219185885,True,True,True,84,0.5000293018191474,0.9999413963617052,0.6931471788427521,Binary entropy is monotone-equivalent to classifier margin.,null,null,null,null,null,null,null,null,null,null,null,null
ackley,optimized_ard_gpc,classifier_entropy,classifier_entropy,0,61,72,73,2525,1.156550595543635,False,False,False,2481,0.49967865155202673,0.9993573031040535,0.693146974030281,Binary entropy is monotone-equivalent to classifier margin.,null,null,null,null,null,null,null,null,null,null,null,null
ackley,optimized_ard_gpc,classifier_entropy,classifier_entropy,0,62,73,74,1389,0.10874304491905207,True,True,True,1363,0.49982989332562416,0.9996597866512483,0.6931471226873829,Binary entropy is monotone-equivalent to classifier margin.,null,null,null,null,null,null,null,null,null,null,null,null
ackley,optimized_ard_gpc,classifier_entropy,classifier_entropy,0,63,74,75,218,0.294880494874155,False,True,True,216,0.5001199625928281,0.9997600748143438,0.6931471517778978,Binary entropy is monotone-equivalent to classifier margin.,null,null,null,null,null,null,null,null,null,null,null,null
ackley,optimized_ard_gpc,classifier_entropy,classifier_entropy,0,64,75,76,897,0.0027935529684572913,True,True,True,879,0.49995660273308357,0.9999132054661671,0.6931471767932997,Binary entropy is monotone-equivalent to classifier margin.,null,null,null,null,null,null,null,null,null,null,null,null
ackley,optimized_ard_gpc,classifier_entropy,classifier_entropy,0,65,76,77,1040,0.3927931688922879,False,False,True,1017,0.500054915278433,0.9998901694431339,0.6931471745285697,Binary entropy is monotone-equivalent to classifier margin.,null,null,null,null,null,null,null,null,null,null,null,null
ackley,optimized_ard_gpc,classifier_entropy,classifier_entropy,0,66,77,78,1932,0.7452883643604711,False,False,False,1892,0.5000621266660781,0.9998757466678438,0.6931471728405,Binary entropy is monotone-equivalent to classifier margin.,null,null,null,null,null,null,null,null,null,null,null,null
ackley,optimized_ard_gpc,classifier_entropy,classifier_entropy,0,67,78,79,2368,0.8418752399008298,False,False,False,2321,0.49956273183613875,0.9991254636722775,0.6931467981530024,Binary entropy is monotone-equivalent to classifier margin.,null,null,null,null,null,null,null,null,null,null,null,null
ackley,optimized_ard_gpc,classifier_entropy,classifier_entropy,0,68,79,80,1833,0.9932470945168408,False,False,False,1793,0.49936142278450824,0.9987228455690165,0.6931463649980033,Binary entropy is monotone-equivalent to classifier margin.,null,null,null,null,null,null,null,null,null,null,null,null
ackley,optimized_ard_gpc,classifier_gated_diversity,classifier_gated_diversity,0,1,12,13,2168,2.083951108374274,False,False,False,2163,0.4989809326494248,0.9979618652988496,0.6931451035619773,null,0.1,25,399,0.5,11,0.9808717139347418,0.7562430110302314,0.910049029301801,0.9454603716182715,null,null,null
ackley,optimized_ard_gpc,classifier_gated_diversity,classifier_gated_diversity,0,2,13,14,1882,0.8564700418765163,False,False,False,1877,0.5033711445186784,0.9932577109626433,0.6931244511570045,null,0.1,25,399,0.5,24,0.9535374567524117,0.6069734681441555,0.8988590463685704,0.9261982515604911,null,null,null
ackley,optimized_ard_gpc,classifier_gated_diversity,classifier_gated_diversity,0,3,14,15,158,1.2924594088320571,False,False,False,158,0.49903498760409626,0.9980699752081925,0.6931453180609405,null,0.1,25,399,0.5,7,0.9891525495810406,0.546662166747703,0.8123971810190876,0.9007748653000641,null,null,null
ackley,optimized_ard_gpc,classifier_gated_diversity,classifier_gated_diversity,0,4,15,16,2040,2.5427703723237816,False,False,False,2033,0.5014959818165337,0.9970080363669327,0.6931427046300764,null,0.1,25,399,0.5,11,0.980397309001694,0.6460403420421831,0.9983758221288466,0.9893865655652703,null,null,null
ackley,optimized_ard_gpc,classifier_gated_diversity,classifier_gated_diversity,0,5,16,17,1141,2.761812909732253,False,False,False,1136,0.49583699510445634,0.9916739902089127,0.6931125189399469,null,0.1,25,399,0.5,14,0.9580041836364972,0.5180825505451171,0.8550806284198867,0.9065424060281919,null,null,null
ackley,optimized_ard_gpc,classifier_gated_diversity,classifier_gated_diversity,0,6,17,18,1775,0.5214058920791196,False,False,True,1769,0.4992198059171056,0.9984396118342111,0.6931459631538374,null,0.1,25,399,0.5,2,0.9926110181196357,0.5242741926180582,0.8662153862627152,0.9294132021911754,null,null,null
ackley,optimized_ard_gpc,classifier_gated_diversity,classifier_gated_diversity,0,7,18,19,1156,1.6647637644085318,False,False,False,1150,0.49402371410218215,0.9880474282043643,0.6930757468727404,null,0.1,25,399,0.5,19,0.9562092333062706,0.45456078444373876,0.7408460723917367,0.8485276528490037,null,null,null
ackley,optimized_ard_gpc,classifier_gated_diversity,classifier_gated_diversity,0,8,19,20,2265,1.7012339771379956,False,False,False,2253,0.4972015157438836,0.9944030314877672,0.693131517449904,null,0.1,25,399,0.5,9,0.9768277244610172,0.48534116779542097,0.87441416909478,0.9256209467778986,null,null,null
ackley,optimized_ard_gpc,classifier_gated_diversity,classifier_gated_diversity,0,9,20,21,52,2.021175105011034,False,False,False,52,0.4998488097180392,0.9996976194360784,0.6931471348429419,null,0.1,25,398,0.5,2,0.9975265368989822,0.5106782607286937,0.8867908073381503,0.9421586721185662,null,null,null
ackley,optimized_ard_gpc,classifier_gated_diversity,classifier_gated_diversity,0,10,21,22,2897,2.431868728803769,False,False,False,2879,0.5007639118191951,0.9984721763616098,0.6931460134369563,null,0.1,25,398,0.5,7,0.9699395277724211,0.5626305713704502,0.9438172373525867,0.9568783825625039,null,null,null
ackley,optimized_ard_gpc,classifier_gated_diversity,classifier_gated_diversity,0,11,22,23,1834,0.5679518924717772,False,False,True,1824,0.502340431128478,0.9953191377430439,0.6931362252842048,null,0.1,25,398,0.5,19,0.9437380637043606,0.47280064015598733,0.8381477906652092,0.8909429271847848,null,null,null
ackley,optimized_ard_gpc,classifier_gated_diversity,classifier_gated_diversity,0,12,23,24,3692,1.6190360634760825,False,False,False,3669,0.5010739801825794,0.9978520396348411,0.6931448736913063,null,0.1,25,398,0.5,11,0.9766806596439626,0.4380059236398893,0.7703578018328405,0.8735192307384015,null,null,null
ackley,optimized_ard_gpc,classifier_gated_diversity,classifier_gated_diversity,0,13,24,25,2201,2.112309101788929,False,False,False,2187,0.5037438283015403,0.9925123433969194,0.6931191477972962,null,0.1,25,398,0.5,34,0.906629255154856,0.5490653614046335,0.9775713121097891,0.9421002836323226,null,null,null
ackley,optimized_ard_gpc,classifier_gated_diversity,classifier_gated_diversity,0,14,25,26,1671,0.1446694250619096,True,True,True,1663,0.49946509315748466,0.9989301863149693,0.6931466083091757,null,0.1,25,398,0.5,6,0.9892970545760328,0.46527019917979506,0.7883427453890176,0.8888198999825252,null,null,null
ackley,optimized_ard_gpc,classifier_gated_diversity,classifier_gated_diversity,0,15,26,27,2221,1.966966466529982,False,False,False,2205,0.4968482319628196,0.9936964639256392,0.6931273131448532,null,0.1,25,398,0.5,18,0.9494598138314292,0.4923037410671273,0.9866208137635473,0.9680403137974882,null,null,null
ackley,optimized_ard_gpc,classifier_gated_diversity,classifier_gated_diversity,0,16,27,28,2011,0.2553106999261878,False,True,True,1998,0.504577465358075,0.99084506928385,0.6931052735963354,null,0.1,25,398,0.5,39,0.9055888536890555,0.45381813487477346,0.9468034149383695,0.9261961343137125,null,null,null
ackley,optimized_ard_gpc,classifier_gated_diversity,classifier_gated_diversity,0,17,28,29,3745,0.005536965482134448,True,True,True,3717,0.5027218093044752,0.9945563813910496,0.6931323639949885,null,0.1,25,398,0.5,16,0.9542865732992646,0.42552832261038204,0.915846016304683,0.9350662948019738,null,null,null
ackley,optimized_ard_gpc,classifier_gated_diversity,classifier_gated_diversity,0,18,29,30,3977,0.34631690652248537,False,True,True,3948,0.49800173403436476,0.9960034680687295,0.6931391944049469,null,0.1,25,398,0.5,14,0.9754320372813903,0.41711888750385173,0.8268019218607164,0.9011169795710534,null,null,null
ackley,optimized_ard_gpc,classifier_gated_diversity,classifier_gated_diversity,0,19,30,31,3097,0.6215310971594601,False,False,False,3072,0.5081683255058351,0.9836633489883297,0.6930137315404875,null,0.1,25,397,0.5,42,0.8805821334887246,0.49780693891475497,1.0,0.9402910667443622,null,null,null
ackley,optimized_ard_gpc,classifier_gated_diversity,classifier_gated_diversity,0,20,31,32,3799,0.0364388258209285,True,True,True,3769,0.49683938336415423,0.9936787667283085,0.6931272014318521,null,0.1,25,397,0.5,12,0.9593945709089986,0.4241839772952286,0.9111389010117473,0.935266735960373,null,null,null
ackley,optimized_ard_gpc,classifier_gated_diversity,classifier_gated_diversity,0,21,32,33,1625,0.9414689448430344,False,False,False,1617,0.5022199916424865,0.9955600167150269,0.6931373238017746,null,0.1,25,397,0.5,14,0.9711355097857324,0.44275851028648183,0.9507397961574098,0.9609376529715711,null,null,null
ackley,optimized_ard_gpc,classifier_gated_diversity,classifier_gated_diversity,0,22,33,34,3267,1.3543372029687628,False,False,False,3239,0.4978837221992869,0.9957674443985738,0.6931382232697414,null,0.1,25,397,0.5,14,0.9461528418067151,0.4163583557676608,0.8454764912464353,0.8958146665265752,null,null,null
ackley,optimized_ard_gpc,classifier_gated_diversity,classifier_gated_diversity,0,23,34,35,645,1.2821775805917852,False,False,False,640,0.5004081968030532,0.9991836063938937,0.6931468473106482,null,0.1,25,397,0.5,4,0.9908837482760106,0.40352282749064766,0.8118750251861779,0.9013793867310942,null,null,null
ackley,optimized_ard_gpc,classifier_gated_diversity,classifier_gated_diversity,0,24,35,36,2308,2.3632279276413986,False,False,False,2287,0.5015794202971282,0.9968411594057436,0.6931421914146981,null,0.1,25,397,0.5,5,0.976376333467584,0.442105807685686,1.0,0.988188166733792,null,null,null
ackley,optimized_ard_gpc,classifier_gated_diversity,classifier_gated_diversity,0,25,36,37,3248,0.20506001877656566,False,True,True,3218,0.500170839713721,0.999658320572558,0.6931471221875287,null,0.1,25,397,0.5,1,0.9981840744964896,0.48240053443469566,1.0,0.9990920372482448,null,null,null
ackley,optimized_ard_gpc,classifier_gated_diversity,classifier_gated_diversity,0,26,37,38,1,0.49934344899990535,False,False,True,1,0.500325742828035,0.99934851434393,0.6931469683431503,null,0.1,25,397,0.5,2,0.9954343006512617,0.39462956784444336,0.8033691363717688,0.8994017185115153,null,null,null
ackley,optimized_ard_gpc,classifier_gated_diversity,classifier_gated_diversity,0,27,38,39,2202,1.3074404548354686,False,False,False,2182,0.5016530159810184,0.9966939680379632,0.6931417156263231,null,0.1,25,397,0.5,4,0.9881002094149847,0.39743202800142363,0.9336917755205153,0.96089599246775,null,null,null
ackley,optimized_ard_gpc,classifier_gated_diversity,classifier_gated_diversity,0,28,39,40,3132,0.43544315982480697,False,False,True,3101,0.5032322648810208,0.9935354702379584,0.693126285341886,null,0.1,25,397,0.5,13,0.9719466529560851,0.3649034657287798,0.7924290191918362,0.8821878360739606,null,null,null
ackley,optimized_ard_gpc,classifier_gated_diversity,classifier_gated_diversity,0,29,40,41,3572,2.3874621463767873,False,False,False,3537,0.4969242879467526,0.9938485758935052,0.6931282604313522,null,0.1,25,396,0.5,25,0.9417866110261418,0.4190647414000831,0.87321927670204,0.9075029438640909,null,null,null
ackley,optimized_ard_gpc,classifier_gated_diversity,classifier_gated_diversity,0,30,41,42,1243,1.2482921420688555,False,False,False,1233,0.49414446295967274,0.9882889259193455,0.6930786043643048,null,0.1,25,396,0.5,57,0.877098522551347,0.418432656725112,0.8739784463943406,0.8755384844728438,null,null,null
ackley,optimized_ard_gpc,classifier_gated_diversity,classifier_gated_diversity,0,31,42,43,3809,2.5492001619451568,False,False,False,3768,0.5020204429023982,0.9959591141952036,0.6931390161586825,null,0.1,25,396,0.5,18,0.957285802334606,0.3568094029525892,0.843429424243226,0.900357613288916,null,null,null
ackley,optimized_ard_gpc,classifier_gated_diversity,classifier_gated_diversity,0,32,43,44,572,0.4801980644143189,False,False,True,567,0.4997483798304185,0.999496759660837,0.6931470539345206,null,0.1,25,396,0.5,3,0.9936191672007492,0.3662631762568687,0.8564134051381168,0.925016286169433,null,null,null
ackley,optimized_ard_gpc,classifier_gated_diversity,classifier_gated_diversity,0,33,44,45,2720,0.9446757096330689,False,False,False,2691,0.5039161665746219,0.9921676668507562,0.693116507525052,null,0.1,25,396,0.5,26,0.9142274005821313,0.41132918784319433,0.9516898688926705,0.9329586347374008,null,null,null
ackley,optimized_ard_gpc,classifier_gated_diversity,classifier_gated_diversity,0,34,45,46,1652,2.7490423924603977,False,False,False,1639,0.5005338880576811,0.9989322238846379,0.6931466104869206,null,0.1,25,396,0.5,7,0.9887356747854209,0.38387171449467644,0.8161321520208149,0.9024339134031178,null,null,null
ackley,optimized_ard_gpc,classifier_gated_diversity,classifier_gated_diversity,0,35,46,47,209,0.7303862900510847,False,False,False,206,0.5025602426318336,0.9948795147363327,0.6931340708179891,null,0.1,25,396,0.5,19,0.9490907211815529,0.3841020002580386,0.8167297292707779,0.8829102252261654,null,null,null
ackley,optimized_ard_gpc,classifier_gated_diversity,classifier_gated_diversity,0,36,47,48,1010,2.803471472754069,False,False,False,1000,0.4903975057080352,0.9807950114160704,0.6929627534286231,null,0.1,25,396,0.5,90,0.7910813927319222,0.4547280727851995,1.0,0.8955406963659611,null,null,null
ackley,optimized_ard_gpc,classifier_gated_diversity,classifier_gated_diversity,0,37,48,49,3638,0.12777414022662548,True,True,True,3596,0.5011817011985444,0.9976365976029111,0.6931443877219001,null,0.1,25,396,0.5,3,0.9849101592341784,0.326567970632934,0.7836579136399621,0.8842840364370702,null,null,null
ackley,optimized_ard_gpc,classifier_gated_diversity,classifier_gated_diversity,0,38,49,50,1794,0.31690133718856117,False,True,True,1775,0.50513930723465,0.9897213855307001,0.6930943546720431,null,0.1,25,396,0.5,41,0.8993386204550476,0.3573562095702636,0.9394151720819686,0.919376896268508,null,null,null
ackley,optimized_ard_gpc,classifier_gated_diversity,classifier_gated_diversity,0,39,50,51,3946,0.6071850750369716,False,False,False,3897,0.4995816552979895,0.999163310595979,0.693146830535325,null,0.1,25,395,0.5,4,0.9925324013051143,0.3120724221887215,0.7917027059906816,0.892117553647898,null,null,null
ackley,optimized_ard_gpc,classifier_gated_diversity,classifier_gated_diversity,0,40,51,52,715,0.8332212027969312,False,False,False,706,0.49812327394395295,0.9962465478879059,0.693140136342026,null,0.1,25,395,0.5,12,0.966344986818231,0.3508760881216503,0.9271689887715869,0.9467569877949089,null,null,null
ackley,optimized_ard_gpc,classifier_gated_diversity,classifier_gated_diversity,0,41,52,53,2908,2.7122301914121323,False,False,False,2871,0.5051638407030605,0.9896723185938789,0.6930938491102443,null,0.1,25,395,0.5,26,0.9139567362271775,0.3468746564584328,0.905225097705672,0.9095909169664248,null,null,null
ackley,optimized_ard_gpc,classifier_gated_diversity,classifier_gated_diversity,0,42,53,54,412,0.4791859322103811,False,False,True,406,0.5038058927784279,0.9923882144431442,0.6931182106405105,null,0.1,25,395,0.5,24,0.9390248153527622,0.34380011407178324,0.8730298887342165,0.9060273520434894,null,null,null
ackley,optimized_ard_gpc,classifier_gated_diversity,classifier_gated_diversity,0,43,54,55,3917,0.49638939118525016,False,False,True,3865,0.4997335944868626,0.9994671889737252,0.6931470386161438,null,0.1,25,395,0.5,1,0.9993473429845215,0.3368607040904239,0.8237161262297047,0.9115317346071131,null,null,null
ackley,optimized_ard_gpc,classifier_gated_diversity,classifier_gated_diversity,0,44,55,56,1200,1.1720633998156913,False,False,False,1185,0.5054564870078231,0.9890870259843538,0.6930876328770272,null,0.1,25,395,0.5,38,0.8805649891499198,0.37401720790023607,0.9355229345201481,0.908043961835034,null,null,null
ackley,optimized_ard_gpc,classifier_gated_diversity,classifier_gated_diversity,0,45,56,57,3354,2.2664920019653216,False,False,False,3308,0.5079235124371291,0.9841529751257418,0.6930216112052872,null,0.1,25,395,0.5,61,0.829333465469609,0.39544472529187963,1.0,0.9146667327348045,null,null,null
ackley,optimized_ard_gpc,classifier_gated_diversity,classifier_gated_diversity,0,46,57,58,3189,0.9034719885533313,False,False,False,3145,0.49977760692143264,0.9995552138428653,0.6931470816425793,null,0.1,25,395,0.5,2,0.9960106723948139,0.3145801416959392,0.8501139293615035,0.9230623008781587,null,null,null
ackley,optimized_ard_gpc,classifier_gated_diversity,classifier_gated_diversity,0,47,58,59,1416,0.22795828673987906,False,True,True,1399,0.49936604150802677,0.9987320830160535,0.6931463767529908,null,0.1,25,395,0.5,5,0.9885163335271725,0.3465808602734004,0.9628766747988884,0.9756965041630304,null,null,null
ackley,optimized_ard_gpc,classifier_gated_diversity,classifier_gated_diversity,0,48,59,60,177,2.074162438461622,False,False,False,174,0.4969136362245896,0.9938272724491792,0.6931281291562513,null,0.1,25,395,0.5,25,0.9543989639399918,0.3441303202173777,0.9086485214789284,0.93152374270946,null,null,null
ackley,optimized_ard_gpc,classifier_gated_diversity,classifier_gated_diversity,0,49,60,61,299,0.6671946701232301,False,False,False,294,0.501022538494946,0.9979549230101079,0.6931450893885404,null,0.1,25,394,0.5,12,0.9799528724329744,0.3060016145141829,0.8441024402040502,0.9120276563185123,null,null,null
ackley,optimized_ard_gpc,classifier_gated_diversity,classifier_gated_diversity,0,50,61,62,573,0.01309136432668545,True,True,True,563,0.5002789464400839,0.9994421071198323,0.6931470249377043,null,0.1,25,394,0.5,3,0.9962457305699509,0.3701895120142305,1.0,0.9981228652849754,null,null,null
ackley,optimized_ard_gpc,classifier_gated_diversity,classifier_gated_diversity,0,51,62,63,2379,1.9741910928703827,False,False,False,2341,0.4990199965901454,0.9980399931802908,0.6931452597453488,null,0.1,25,394,0.5,8,0.980619082332039,0.3273463639863014,0.9085947107156571,0.9446068965238481,null,null,null
ackley,optimized_ard_gpc,classifier_gated_diversity,classifier_gated_diversity,0,52,63,64,2401,2.3881160095533858,False,False,False,2362,0.5019830956730047,0.9960338086539906,0.6931393152024274,null,0.1,25,394,0.5,13,0.9645456508104198,0.3136355853244554,0.8671681646913257,0.9158569077508727,null,null,null
ackley,optimized_ard_gpc,classifier_gated_diversity,classifier_gated_diversity,0,53,64,65,3568,0.7375802822476007,False,False,False,3514,0.4948282562611137,0.9896565125222274,0.6930936857394385,null,0.1,25,394,0.5,57,0.8736617340324757,0.35264341414589007,1.0,0.9368308670162379,null,null,null
ackley,optimized_ard_gpc,classifier_gated_diversity,classifier_gated_diversity,0,54,65,66,1634,2.3172975963443783,False,False,False,1612,0.5033248902761605,0.9933502194476791,0.6931250706062978,null,0.1,25,394,0.5,37,0.9391484804796605,0.3237703730891945,0.9872150750038206,0.9631817777417405,null,null,null
ackley,optimized_ard_gpc,classifier_gated_diversity,classifier_gated_diversity,0,55,66,67,2341,0.6513545342555247,False,False,False,2302,0.5010528414704551,0.9978943170590897,0.6931449636079832,null,0.1,25,394,0.5,5,0.9824539725213084,0.3072021485694385,0.9321685903508321,0.9573112814360702,null,null,null
ackley,optimized_ard_gpc,classifier_gated_diversity,classifier_gated_diversity,0,56,67,68,2146,0.7881198251554071,False,False,False,2114,0.502469921104673,0.9950601577906539,0.6931349794897966,null,0.1,25,394,0.5,20,0.9491382443443217,0.3499480542880859,1.0,0.9745691221721609,null,null,null
ackley,optimized_ard_gpc,classifier_gated_diversity,classifier_gated_diversity,0,57,68,69,3035,2.5753447894301686,False,False,False,2986,0.49867686036659586,0.9973537207331917,0.6931436791588796,null,0.1,25,394,0.5,13,0.9694166221496285,0.33130549216590716,0.9550832381180303,0.9622499301338294,null,null,null
ackley,optimized_ard_gpc,classifier_gated_diversity,classifier_gated_diversity,0,58,69,70,625,0.8889320227499216,False,False,False,614,0.5037086272548956,0.9925827454902088,0.6931196724754812,null,0.1,25,394,0.5,29,0.9364418460659509,0.3226457593476234,0.98347864368059,0.9599602448732705,null,null,null
ackley,optimized_ard_gpc,classifier_gated_diversity,classifier_gated_diversity,0,59,70,71,472,2.054024748756417,False,False,False,463,0.49079487482718065,0.9815897496543613,0.6929777023265438,null,0.1,25,393,0.5,53,0.8439170553978432,0.3125607462877136,0.9499720651111386,0.896944560254491,null,null,null
ackley,optimized_ard_gpc,classifier_gated_diversity,classifier_gated_diversity,0,60,71,72,856,2.2965951532621087,False,False,False,839,0.5096843428094608,0.9806313143810783,0.6929595958390071,null,0.1,25,393,0.5,66,0.8366087889497595,0.3126464850708135,0.9426989297710289,0.8896538593603942,null,null,null
ackley,optimized_ard_gpc,classifier_gated_diversity,classifier_gated_diversity,0,61,72,73,1315,1.0501566588364746,False,False,False,1292,0.4947793170918402,0.9895586341836804,0.6930926685093617,null,0.1,25,393,0.5,32,0.9112607322236853,0.284577709518468,0.8570008597640871,0.8841307959938862,null,null,null
ackley,optimized_ard_gpc,classifier_gated_diversity,classifier_gated_diversity,0,62,73,74,3362,0.3849443089750597,False,False,True,3300,0.4954725923586114,0.9909451847172228,0.6931061851598321,null,0.1,25,393,0.5,23,0.9210828787209572,0.31072552924139435,0.9845093414001781,0.9527961100605676,null,null,null
ackley,optimized_ard_gpc,classifier_gated_diversity,classifier_gated_diversity,0,63,74,75,440,0.4744749172435707,False,False,True,431,0.5050352174352941,0.9899295651294118,0.6930964728736082,null,0.1,25,393,0.5,31,0.9151959615391718,0.29829180360135016,0.9329364404985389,0.9240662010188554,null,null,null
ackley,optimized_ard_gpc,classifier_gated_diversity,classifier_gated_diversity,0,64,75,76,943,0.12985151042077447,True,True,True,924,0.4958070413502744,0.9916140827005488,0.6931120183433397,null,0.1,25,393,0.5,27,0.9281930924461193,0.2876041651109488,0.8993243611404531,0.9137587267932862,null,null,null
ackley,optimized_ard_gpc,classifier_gated_diversity,classifier_gated_diversity,0,65,76,77,3053,1.736720618910482,False,False,False,2997,0.49819052919000484,0.9963810583800097,0.6931406321764271,null,0.1,25,393,0.5,21,0.9673806149373276,0.31781987213095503,1.0,0.9836903074686638,null,null,null
ackley,optimized_ard_gpc,classifier_gated_diversity,classifier_gated_diversity,0,66,77,78,2373,2.5929267974179364,False,False,False,2326,0.49675601887422705,0.9935120377484541,0.6931261335851977,null,0.1,25,393,0.5,28,0.9506951530559962,0.2918706989390569,0.9215984065047358,0.936146779780366,null,null,null
ackley,optimized_ard_gpc,classifier_gated_diversity,classifier_gated_diversity,0,67,78,79,2575,1.0301146470403193,False,False,False,2523,0.5038468416198949,0.9923063167602102,0.6931175838870594,null,0.1,25,393,0.5,32,0.9355174954393598,0.2979119720018242,0.9419048674277616,0.9387111814335607,null,null,null
ackley,optimized_ard_gpc,classifier_gated_diversity,classifier_gated_diversity,0,68,79,80,2697,1.6051921824784934,False,False,False,2644,0.5034939993562517,0.9930120012874966,0.6931227642982238,null,0.1,25,393,0.5,28,0.9095535982379669,0.33791267645757844,0.977871104852689,0.943712351545328,null,null,null
ackley,optimized_ard_gpc,classifier_uncertainty_repulsion,classifier_uncertainty_repulsion,0,1,12,13,2591,0.5376218142240283,False,False,True,2583,0.49946708613408597,0.9989341722681719,0.6931466125654608,null,0.1,25,399,null,4,0.9903488017070701,null,null,0.9872769626560062,0.15,0.5098138241570433,0.9968982251043582
ackley,optimized_ard_gpc,classifier_uncertainty_repulsion,classifier_uncertainty_repulsion,0,2,13,14,2611,1.177088351690811,False,False,False,2602,0.4986198293235362,0.9972396586470724,0.6931433708129149,null,0.1,25,399,null,4,0.9830655361789481,null,null,0.9770320152263154,0.15,0.4787489183915787,0.9938625445297531
ackley,optimized_ard_gpc,classifier_uncertainty_repulsion,classifier_uncertainty_repulsion,0,3,14,15,2112,0.7395523818641383,False,False,False,2107,0.49993137232559737,0.9998627446511947,0.6931471711404299,null,0.1,25,399,null,0,1.0,null,null,0.9998036971917234,0.15,0.6197687849446805,0.9998036971917234
ackley,optimized_ard_gpc,classifier_uncertainty_repulsion,classifier_uncertainty_repulsion,0,4,15,16,731,1.4013662043312696,False,False,False,728,0.5002903462391991,0.9994193075216018,0.6931470119580585,null,0.1,25,399,null,3,0.9968253828561039,null,null,0.9945295401618983,0.15,0.522787150002137,0.9976968456725815
ackley,optimized_ard_gpc,classifier_uncertainty_repulsion,classifier_uncertainty_repulsion,0,5,16,17,1082,1.083327374515763,False,False,False,1077,0.5002070895568442,0.9995858208863115,0.6931470947877737,null,0.1,25,399,null,2,0.997700467032746,null,null,0.9966081199675865,0.15,0.5538687570852886,0.9989051352572699
ackley,optimized_ard_gpc,classifier_uncertainty_repulsion,classifier_uncertainty_repulsion,0,6,17,18,3622,0.34319215644208256,False,True,True,3606,0.5036047959070462,0.9927904081859076,0.6931211912277332,null,0.1,25,399,null,13,0.9603841940822554,null,null,0.9551844758713463,0.15,0.4846058230923503,0.9945857936407648
ackley,optimized_ard_gpc,classifier_uncertainty_repulsion,classifier_uncertainty_repulsion,0,7,18,19,2843,1.976704684992857,False,False,False,2830,0.5001507787572945,0.999698442485411,0.6931471350914774,null,0.1,25,399,null,0,1.0,null,null,0.9990890594860997,0.15,0.5612900170374912,0.9990890594860997
ackley,optimized_ard_gpc,classifier_uncertainty_repulsion,classifier_uncertainty_repulsion,0,8,19,20,331,1.2851550009610495,False,False,False,330,0.5023666883544706,0.9952666232910587,0.6931359780905791,null,0.1,25,399,null,15,0.9791864325544352,null,null,0.9760109499450342,0.15,0.5078452613322775,0.9967570193950533
ackley,optimized_ard_gpc,classifier_uncertainty_repulsion,classifier_uncertainty_repulsion,0,9,20,21,3024,2.2223266273318227,False,False,False,3008,0.4967876263432238,0.9935752526864476,0.6931265417289363,null,0.1,25,398,null,6,0.968393417398756,null,null,0.9399936961812619,0.15,0.39851807920080334,0.9706733640406399
ackley,optimized_ard_gpc,classifier_uncertainty_repulsion,classifier_uncertainty_repulsion,0,10,21,22,1241,2.5495686157325785,False,False,False,1234,0.499820641506654,0.999641283013308,0.6931471162210057,null,0.1,25,398,null,3,0.9982734300365516,null,null,0.9859760009063729,0.15,0.44480182616172653,0.9876813017754782
ackley,optimized_ard_gpc,classifier_uncertainty_repulsion,classifier_uncertainty_repulsion,0,11,22,23,1564,0.19771886461957422,False,True,True,1556,0.49977650489672104,0.9995530097934421,0.6931470806598197,null,0.1,25,398,null,1,0.9963528349927117,null,null,0.9593440354637095,0.15,0.38494487681385126,0.9628557291862647
ackley,optimized_ard_gpc,classifier_uncertainty_repulsion,classifier_uncertainty_repulsion,0,12,23,24,2761,0.23445605986942297,False,True,True,2745,0.5008770090726302,0.9982459818547396,0.6931456422693296,null,0.1,25,398,null,1,0.9914015898574389,null,null,0.9838515446459685,0.15,0.4684981069354842,0.9923844733670882
ackley,optimized_ard_gpc,classifier_uncertainty_repulsion,classifier_uncertainty_repulsion,0,13,24,25,23,3.3803342681636046,False,False,False,23,0.5003099482618188,0.9993801034763623,0.6931469884240831,null,0.1,25,398,null,0,1.0,null,null,0.9948158250710991,0.15,0.48661741229408007,0.9948158250710991
ackley,optimized_ard_gpc,classifier_uncertainty_repulsion,classifier_uncertainty_repulsion,0,14,25,26,1245,0.7647809366515173,False,False,False,1236,0.4999255287255018,0.9998510574510036,0.6931471694680038,null,0.1,25,398,null,0,1.0,null,null,0.9795137825011684,0.15,0.41828235933067787,0.9795137825011684
ackley,optimized_ard_gpc,classifier_uncertainty_repulsion,classifier_uncertainty_repulsion,0,15,26,27,2754,1.1954682197044963,False,False,False,2736,0.4992610267442119,0.9985220534884238,0.6931460883966022,null,0.1,25,398,null,11,0.9642768838016698,null,null,0.9336524174996915,0.15,0.39399373801631077,0.9682410033711054
ackley,optimized_ard_gpc,classifier_uncertainty_repulsion,classifier_uncertainty_repulsion,0,16,27,28,1643,0.43050732757022203,False,False,True,1632,0.49965684882291117,0.9993136976458223,0.6931469450544662,null,0.1,25,398,null,8,0.9894189378075129,null,null,0.9573430653013563,0.15,0.39281753744404874,0.9675811011084601
ackley,optimized_ard_gpc,classifier_uncertainty_repulsion,classifier_uncertainty_repulsion,0,17,28,29,3179,2.9712221051189243,False,False,False,3153,0.4999283610843874,0.9998567221687747,0.6931471702956769,null,0.1,25,398,null,0,1.0,null,null,0.9442877673554462,0.15,0.36047191191990297,0.9442877673554462
ackley,optimized_ard_gpc,classifier_uncertainty_repulsion,classifier_uncertainty_repulsion,0,18,29,30,2036,0.940610860313905,False,False,False,2023,0.49767905909877097,0.9953581181975419,0.6931364069879213,null,0.1,25,398,null,12,0.9648080690307926,null,null,0.9509551163958518,0.15,0.43698327849097457,0.9856417529251627
ackley,optimized_ard_gpc,classifier_uncertainty_repulsion,classifier_uncertainty_repulsion,0,19,30,31,2099,4.364457873921738,False,False,False,2085,0.4999411976100162,0.9998823952200324,0.6931471736445032,null,0.1,25,397,null,0,1.0,null,null,0.9474408870548495,0.15,0.3640903118600977,0.9474408870548495
ackley,optimized_ard_gpc,classifier_uncertainty_repulsion,classifier_uncertainty_repulsion,0,20,31,32,951,0.6380033884198433,False,False,False,944,0.5014231748128322,0.9971536503743357,0.6931431297013797,null,0.1,25,397,null,13,0.9840141237216263,null,null,0.9617037455883682,0.15,0.41279107692356387,0.9773271769221378
ackley,optimized_ard_gpc,classifier_uncertainty_repulsion,classifier_uncertainty_repulsion,0,21,32,33,2847,2.6487457248680712,False,False,False,2822,0.49927793244443297,0.9985558648888659,0.6931461377964733,null,0.1,25,397,null,2,0.9859777898848371,null,null,0.9277687991941849,0.15,0.35683571893949045,0.9409631826519631
ackley,optimized_ard_gpc,classifier_uncertainty_repulsion,classifier_uncertainty_repulsion,0,22,33,34,1784,3.3313792198770606,False,False,False,1771,0.5001430782819654,0.9997138434360693,0.6931471396171551,null,0.1,25,397,null,0,1.0,null,null,0.9591436739453703,0.15,0.37933654241600273,0.9591436739453703
ackley,optimized_ard_gpc,classifier_uncertainty_repulsion,classifier_uncertainty_repulsion,0,23,34,35,3670,0.045299905633553905,True,True,True,3637,0.49979362564768304,0.9995872512953661,0.6931470953791963,null,0.1,25,397,null,1,0.9978733696334722,null,null,0.9275096714244618,0.15,0.3454528921581971,0.9294863453116746
ackley,optimized_ard_gpc,classifier_uncertainty_repulsion,classifier_uncertainty_repulsion,0,24,35,36,231,1.041593297918924,False,False,False,230,0.5018736472503154,0.9962527054993693,0.693140159435476,null,0.1,25,397,null,11,0.9783422077926908,null,null,0.9589199470629567,0.15,0.4199699799683306,0.9801477841035254
ackley,optimized_ard_gpc,classifier_uncertainty_repulsion,classifier_uncertainty_repulsion,0,25,36,37,1095,0.22829187454278177,False,True,True,1085,0.49973114924464945,0.9994622984892989,0.693147035998481,null,0.1,25,397,null,0,1.0,null,null,0.9531551947949213,0.15,0.37113499175823794,0.9531551947949213
ackley,optimized_ard_gpc,classifier_uncertainty_repulsion,classifier_uncertainty_repulsion,0,26,37,38,1371,0.1689426552450115,True,True,True,1358,0.500074840398945,0.99985031920211,0.6931471693577747,null,0.1,25,397,null,3,0.9975551011565883,null,null,0.9607173536929394,0.15,0.38528599044952877,0.9630719672317466
ackley,optimized_ard_gpc,classifier_uncertainty_repulsion,classifier_uncertainty_repulsion,0,27,38,39,438,0.014203808248783645,True,True,True,433,0.5032075043769009,0.9935849912461983,0.693126604250161,null,0.1,25,397,null,17,0.9487693709218956,null,null,0.9175220306842259,0.15,0.39191251173881886,0.9670653994581344
ackley,optimized_ard_gpc,classifier_uncertainty_repulsion,classifier_uncertainty_repulsion,0,28,39,40,1200,1.1720633998156913,False,False,False,1188,0.5000257095289405,0.9999485809421189,0.6931471792379855,null,0.1,25,397,null,1,0.9995803100440902,null,null,0.9684237352445441,0.15,0.39506196907174523,0.9688303436087373
ackley,optimized_ard_gpc,classifier_uncertainty_repulsion,classifier_uncertainty_repulsion,0,29,40,41,1133,0.32325140232423877,False,True,True,1121,0.5008993163277569,0.9982013673444863,0.6931455630193584,null,0.1,25,396,null,10,0.9855501786367575,null,null,0.8920240537101568,0.15,0.325535198606182,0.9051026249561753
ackley,optimized_ard_gpc,classifier_uncertainty_repulsion,classifier_uncertainty_repulsion,0,30,41,42,407,2.1611088081650056,False,False,False,402,0.49926008579777537,0.9985201715955507,0.6931460856134923,null,0.1,25,396,null,4,0.9916282094157105,null,null,0.925764192678547,0.15,0.34932652244548296,0.9335799283322406
ackley,optimized_ard_gpc,classifier_uncertainty_repulsion,classifier_uncertainty_repulsion,0,31,42,43,3694,1.8606996581780226,False,False,False,3652,0.5026610464375025,0.9946779071249949,0.6931330181568022,null,0.1,25,396,null,17,0.9596290472512818,null,null,0.9419367885871374,0.15,0.42391494774395677,0.9815634398366521
ackley,optimized_ard_gpc,classifier_uncertainty_repulsion,classifier_uncertainty_repulsion,0,32,43,44,615,1.6717343524146973,False,False,False,608,0.49916500341632775,0.9983300068326555,0.6931457861207077,null,0.1,25,396,null,6,0.9880358226699398,null,null,0.8988297027248102,0.15,0.32895990466787034,0.9097136784938925
ackley,optimized_ard_gpc,classifier_uncertainty_repulsion,classifier_uncertainty_repulsion,0,33,44,45,804,0.263141067383156,False,True,True,793,0.4943751861206245,0.988750372241249,0.6930839021628603,null,0.1,25,396,null,32,0.9105046943413516,null,null,0.8890772554017299,0.15,0.4107550416474217,0.9764664157441582
ackley,optimized_ard_gpc,classifier_uncertainty_repulsion,classifier_uncertainty_repulsion,0,34,45,46,2742,2.3609712689634357,False,False,False,2710,0.49874966991836667,0.9974993398367333,0.6931440539060605,null,0.1,25,396,null,8,0.9690888594527028,null,null,0.9565786606012207,0.15,0.4424268799036108,0.9870907618744608
ackley,optimized_ard_gpc,classifier_uncertainty_repulsion,classifier_uncertainty_repulsion,0,35,46,47,3469,2.2017509199534953,False,False,False,3427,0.5009213805488981,0.9981572389022038,0.6931454826747525,null,0.1,25,396,null,5,0.990856006965493,null,null,0.9001508640767405,0.15,0.3280136924612966,0.9084577958339901
ackley,optimized_ard_gpc,classifier_uncertainty_repulsion,classifier_uncertainty_repulsion,0,36,47,48,747,2.4448441873494957,False,False,False,737,0.4973448434669381,0.9946896869338762,0.693133080781247,null,0.1,25,396,null,25,0.931195945037872,null,null,0.9238859151305836,0.15,0.46703854882300627,0.9921498477884898
ackley,optimized_ard_gpc,classifier_uncertainty_repulsion,classifier_uncertainty_repulsion,0,37,48,49,2493,0.7535351897315152,False,False,False,2463,0.4988003473108802,0.9976006946217604,0.6931443022240347,null,0.1,25,396,null,18,0.9514187951862667,null,null,0.8825138004337204,0.15,0.34370795043790053,0.927576588668236
ackley,optimized_ard_gpc,classifier_uncertainty_repulsion,classifier_uncertainty_repulsion,0,38,49,50,2200,1.1790766030089141,False,False,False,2172,0.5002825875397378,0.9994348249205245,0.6931470208485015,null,0.1,25,396,null,3,0.9896266522786358,null,null,0.9614660628524687,0.15,0.400216432801995,0.9715442289662201
ackley,optimized_ard_gpc,classifier_uncertainty_repulsion,classifier_uncertainty_repulsion,0,39,50,51,3348,1.4127218126975123,False,False,False,3303,0.5003256151222886,0.9993487697554229,0.6931469685095146,null,0.1,25,395,null,4,0.9926932427219,null,null,0.9481554393271997,0.15,0.3737428941318678,0.9551343743686816
ackley,optimized_ard_gpc,classifier_uncertainty_repulsion,classifier_uncertainty_repulsion,0,40,51,52,2881,1.8581681252119022,False,False,False,2840,0.4999407450125438,0.9998814900250876,0.6931471735376382,null,0.1,25,395,null,1,0.9997942750020206,null,null,0.8717253345613237,0.15,0.30409560462706,0.8719047071554415
ackley,optimized_ard_gpc,classifier_uncertainty_repulsion,classifier_uncertainty_repulsion,0,41,52,53,2163,1.58769062368615,False,False,False,2135,0.49956349326937244,0.9991269865387449,0.6931467994836451,null,0.1,25,395,null,4,0.9906744035476142,null,null,0.9068714198038224,0.15,0.3333860812271308,0.9154081467698241
ackley,optimized_ard_gpc,classifier_uncertainty_repulsion,classifier_uncertainty_repulsion,0,42,53,54,1964,0.044867696956186975,True,True,True,1939,0.5001459708747649,0.9997080582504703,0.6931471379449521,null,0.1,25,395,null,4,0.9969291564387436,null,null,0.8815385909152309,0.15,0.31150613181168874,0.8842539966072275
ackley,optimized_ard_gpc,classifier_uncertainty_repulsion,classifier_uncertainty_repulsion,0,43,54,55,1827,2.604107240913841,False,False,False,1802,0.49840783343061634,0.9968156668612327,0.6931421105626077,null,0.1,25,395,null,12,0.9643600803890306,null,null,0.8973212831108848,0.15,0.3463794099671841,0.9304836454334549
ackley,optimized_ard_gpc,classifier_uncertainty_repulsion,classifier_uncertainty_repulsion,0,44,55,56,219,0.10747319005775147,True,True,True,218,0.49973298613758993,0.9994659722751799,0.6931470379671332,null,0.1,25,395,null,0,1.0,null,null,0.8803494579304991,0.15,0.30910046431564653,0.8803494579304991
ackley,optimized_ard_gpc,classifier_uncertainty_repulsion,classifier_uncertainty_repulsion,0,45,56,57,1042,2.047535614352908,False,False,False,1027,0.5009289828497052,0.9981420343005896,0.6931454545406821,null,0.1,25,395,null,9,0.9820537196852013,null,null,0.8773331809338797,0.15,0.3173732558439094,0.8933657735292831
ackley,optimized_ard_gpc,classifier_uncertainty_repulsion,classifier_uncertainty_repulsion,0,46,57,58,1902,1.3236313992895763,False,False,False,1874,0.49916120558487664,0.9983224111697533,0.6931457734071436,null,0.1,25,395,null,5,0.9856260698651642,null,null,0.8407673952165288,0.15,0.29374875236514986,0.8530287711764235
ackley,optimized_ard_gpc,classifier_uncertainty_repulsion,classifier_uncertainty_repulsion,0,47,58,59,91,1.2070505974447876,False,False,False,90,0.4991126442764573,0.9982252885529146,0.6931456057587584,null,0.1,25,395,null,6,0.9826374506015703,null,null,0.9308767437936707,0.15,0.36395384560020894,0.9473247159710718
ackley,optimized_ard_gpc,classifier_uncertainty_repulsion,classifier_uncertainty_repulsion,0,48,59,60,2791,0.836764920071964,False,False,False,2746,0.4944296106161161,0.9888592212322322,0.6930851208003539,null,0.1,25,395,null,46,0.8966749294548338,null,null,0.8581306740768475,0.15,0.37631088841136295,0.9570142376999201
ackley,optimized_ard_gpc,classifier_uncertainty_repulsion,classifier_uncertainty_repulsion,0,49,60,61,2589,0.1597626052931993,True,True,True,2549,0.5015503189980386,0.9968993620039228,0.6931423735742516,null,0.1,25,394,null,8,0.9717730427992275,null,null,0.8589626618737434,0.15,0.31129347295468024,0.8839128315388028
ackley,optimized_ard_gpc,classifier_uncertainty_repulsion,classifier_uncertainty_repulsion,0,50,61,62,2736,0.6811201769178776,False,False,False,2693,0.49806364794413005,0.9961272958882601,0.6931396816226321,null,0.1,25,394,null,11,0.9654814804830277,null,null,0.8640303741688801,0.15,0.31841364247700743,0.8949217479931444
ackley,optimized_ard_gpc,classifier_uncertainty_repulsion,classifier_uncertainty_repulsion,0,51,62,63,89,0.1473782624221478,True,True,True,88,0.49966428069641877,0.9993285613928375,0.6931469551450268,null,0.1,25,394,null,7,0.9951456174344289,null,null,0.8410291897692052,0.15,0.2897121555605291,0.8451317827610505
ackley,optimized_ard_gpc,classifier_uncertainty_repulsion,classifier_uncertainty_repulsion,0,52,63,64,2143,0.023443512329038185,True,True,True,2108,0.4996416582710178,0.9992833165420356,0.6931469237423339,null,0.1,25,394,null,8,0.9950534404797123,null,null,0.8817579056985209,0.15,0.3126913029891968,0.8861412561655261
ackley,optimized_ard_gpc,classifier_uncertainty_repulsion,classifier_uncertainty_repulsion,0,53,64,65,1719,1.0627225833017526,False,False,False,1692,0.501332416141937,0.997335167716126,0.6931436298901923,null,0.1,25,394,null,14,0.9730207986341739,null,null,0.8533826412297227,0.15,0.30711075060772935,0.8770446042136131
ackley,optimized_ard_gpc,classifier_uncertainty_repulsion,classifier_uncertainty_repulsion,0,54,65,66,77,0.5072210291688215,False,False,True,76,0.5027820295692766,0.9944359408614467,0.6931317011030254,null,0.1,25,394,null,14,0.9479429236498306,null,null,0.84117409351523,0.15,0.3134697302693397,0.8873678705005652
ackley,optimized_ard_gpc,classifier_uncertainty_repulsion,classifier_uncertainty_repulsion,0,55,66,67,1995,2.739362179462633,False,False,False,1961,0.4980601386282526,0.9961202772565052,0.6931396544167812,null,0.1,25,394,null,14,0.9707199390440691,null,null,0.831803274098274,0.15,0.29578264002311516,0.8568931579971508
ackley,optimized_ard_gpc,classifier_uncertainty_repulsion,classifier_uncertainty_repulsion,0,56,67,68,1351,0.11238674406278548,True,True,True,1326,0.500939092019344,0.9981218159613121,0.6931454167712667,null,0.1,25,394,null,2,0.994573052769117,null,null,0.8483549142064759,0.15,0.2937254288805992,0.8529840134361808
ackley,optimized_ard_gpc,classifier_uncertainty_repulsion,classifier_uncertainty_repulsion,0,57,68,69,3517,0.2903037919473501,False,True,True,3453,0.5043604157574197,0.9912791684851605,0.6931091536267718,null,0.1,25,394,null,21,0.9309941250013473,null,null,0.7838429301232452,0.15,0.2881243772130201,0.8419418652315458
ackley,optimized_ard_gpc,classifier_uncertainty_repulsion,classifier_uncertainty_repulsion,0,58,69,70,1823,0.1737200614891119,True,True,True,1791,0.4976367162601729,0.9952734325203458,0.6931360102982838,null,0.1,25,394,null,16,0.9629777746701372,null,null,0.8627786821338601,0.15,0.3191068849312512,0.8959486966658189
ackley,optimized_ard_gpc,classifier_uncertainty_repulsion,classifier_uncertainty_repulsion,0,59,70,71,1477,0.4505663543127678,False,False,True,1450,0.5010117765627093,0.9979764468745813,0.6931451331749223,null,0.1,25,393,null,6,0.9844388296960273,null,null,0.8461687719576825,0.15,0.29720167772571315,0.8595442869913619
ackley,optimized_ard_gpc,classifier_uncertainty_repulsion,classifier_uncertainty_repulsion,0,60,71,72,1944,0.5990529010169094,False,False,False,1908,0.5039582898034611,0.9920834203930777,0.6931158441162832,null,0.1,25,393,null,20,0.9384207759296205,null,null,0.8358322404270068,0.15,0.3156045805367293,0.8906795990306297
ackley,optimized_ard_gpc,classifier_uncertainty_repulsion,classifier_uncertainty_repulsion,0,61,72,73,2317,0.31758536522660563,False,True,True,2271,0.503965731962646,0.9920685360747079,0.6931157261701519,null,0.1,25,393,null,24,0.9382332636611478,null,null,0.7892260155274936,0.15,0.28775017681193515,0.8411831535878378
ackley,optimized_ard_gpc,classifier_uncertainty_repulsion,classifier_uncertainty_repulsion,0,62,73,74,1813,0.9215457968834109,False,False,False,1780,0.5029228265202006,0.9941543469595988,0.6931300946329011,null,0.1,25,393,null,24,0.9574132049318117,null,null,0.7917694859756599,0.15,0.2809765357671967,0.8269882657739724
ackley,optimized_ard_gpc,classifier_uncertainty_repulsion,classifier_uncertainty_repulsion,0,63,74,75,1897,1.2986553216003163,False,False,False,1861,0.4965955128764401,0.9931910257528802,0.6931239993156725,null,0.1,25,393,null,23,0.947309842527002,null,null,0.8009598213858512,0.15,0.28990192814325433,0.8455098695578271
ackley,optimized_ard_gpc,classifier_uncertainty_repulsion,classifier_uncertainty_repulsion,0,64,75,76,905,1.4901439997551424,False,False,False,888,0.49504988775559156,0.9900997755111831,0.6930981725368801,null,0.1,25,393,null,19,0.9232185041400048,null,null,0.7363151558216894,0.15,0.2680995038009931,0.7975524239601118
ackley,optimized_ard_gpc,classifier_uncertainty_repulsion,classifier_uncertainty_repulsion,0,65,76,77,2195,1.3680310378058085,False,False,False,2148,0.5019001595963086,0.9961996808073827,0.6931399593295804,null,0.1,25,393,null,10,0.9713825875239662,null,null,0.872272870594814,0.15,0.320487411979181,0.8979704616882408
ackley,optimized_ard_gpc,classifier_uncertainty_repulsion,classifier_uncertainty_repulsion,0,66,77,78,3383,1.2896133557068659,False,False,False,3312,0.49757231252799006,0.9951446250559801,0.6931353931807077,null,0.1,25,393,null,15,0.963924333983123,null,null,0.8695819465632045,0.15,0.3233940316548286,0.9021267706459102
ackley,optimized_ard_gpc,classifier_uncertainty_repulsion,classifier_uncertainty_repulsion,0,67,78,79,1273,1.31853438943471,False,False,False,1247,0.50035217037859,0.9992956592428199,0.6931469325119737,null,0.1,25,393,null,1,0.9995601713872406,null,null,0.8700410632776585,0.15,0.3032439807641373,0.8704239006143784
ackley,optimized_ard_gpc,classifier_uncertainty_repulsion,classifier_uncertainty_repulsion,0,68,79,80,3200,0.047974177231843385,True,True,True,3129,0.4980906097597595,0.996181219519519,0.693139889000044,null,0.1,25,393,null,12,0.9734390465475834,null,null,0.8165110462975063,0.15,0.2865783746603192,0.838790111402824
ackley,fixed_iso_gpc,random,random,1,1,12,13,2452,1.061097403346821,False,False,False,2441,0.49200783900326783,0.9840156780065357,0.6930194258446347,null,null,null,null,null,null,null,null,null,null,null,null,null
ackley,fixed_iso_gpc,random,random,1,2,13,14,1807,2.6116957929929274,False,False,False,1803,0.5370870701517134,0.9258258596965732,0.690393750960925,null,null,null,null,null,null,null,null,null,null,null,null,null
ackley,fixed_iso_gpc,random,random,1,3,14,15,107,1.5582355606404246,False,False,False,107,0.5041351495892741,0.9917297008214518,0.6931129812458279,null,null,null,null,null,null,null,null,null,null,null,null,null
ackley,fixed_iso_gpc,random,random,1,4,15,16,1622,2.209115605085687,False,False,False,1617,0.5746254048414698,0.8507491903170603,0.6819675546009974,null,null,null,null,null,null,null,null,null,null,null,null,null
ackley,fixed_iso_gpc,random,random,1,5,16,17,1959,0.16492409566695265,True,True,True,1949,0.5041315305741874,0.9917369388516253,0.6931130410816713,null,null,null,null,null,null,null,null,null,null,null,null,null
ackley,fixed_iso_gpc,random,random,1,6,17,18,2963,0.27675808904569443,False,True,True,2946,0.4979521172722765,0.995904234544553,0.6931387928891612,null,null,null,null,null,null,null,null,null,null,null,null,null
ackley,fixed_iso_gpc,random,random,1,7,18,19,2812,1.377424849584914,False,False,False,2795,0.4893894402825154,0.9787788805650308,0.692921995701661,null,null,null,null,null,null,null,null,null,null,null,null,null
ackley,fixed_iso_gpc,random,random,1,8,19,20,2001,1.3123786292499258,False,False,False,1989,0.5336311534189164,0.9327376931621671,0.6908833627927471,null,null,null,null,null,null,null,null,null,null,null,null,null
ackley,fixed_iso_gpc,random,random,1,9,20,21,3605,0.9730461270448636,False,False,False,3585,0.4956825868384058,0.9913651736768117,0.6931098999838468,null,null,null,null,null,null,null,null,null,null,null,null,null
ackley,fixed_iso_gpc,random,random,1,10,21,22,2795,2.3129459534436663,False,False,False,2777,0.5023187808395848,0.9953624383208304,0.6931364270322351,null,null,null,null,null,null,null,null,null,null,null,null,null
ackley,fixed_iso_gpc,random,random,1,11,22,23,767,1.1908130071701368,False,False,False,765,0.4679778047609773,0.9359556095219546,0.6910949342945574,null,null,null,null,null,null,null,null,null,null,null,null,null
ackley,fixed_iso_gpc,random,random,1,12,23,24,1304,0.8336279068363392,False,False,False,1298,0.5105998376735634,0.9788003246528731,0.6929224506075118,null,null,null,null,null,null,null,null,null,null,null,null,null
ackley,fixed_iso_gpc,random,random,1,13,24,25,938,1.4797102274849188,False,False,False,934,0.4450807040246758,0.8901614080493516,0.6871027341244538,null,null,null,null,null,null,null,null,null,null,null,null,null
ackley,fixed_iso_gpc,random,random,1,14,25,26,3115,2.999049004134866,False,False,False,3091,0.5520115599239546,0.8959768801520909,0.6877269758553073,null,null,null,null,null,null,null,null,null,null,null,null,null
ackley,fixed_iso_gpc,random,random,1,15,26,27,1297,1.8881090025047929,False,False,False,1290,0.5262621277601554,0.9474757444796893,0.6917671469030914,null,null,null,null,null,null,null,null,null,null,null,null,null
ackley,fixed_iso_gpc,random,random,1,16,27,28,2173,0.2054475909612492,True,True,True,2155,0.6036604471531462,0.7926791056937077,0.6714995404019897,null,null,null,null,null,null,null,null,null,null,null,null,null
ackley,fixed_iso_gpc,random,random,1,17,28,29,853,1.2296108494285836,False,False,False,850,0.4709383483504439,0.9418766967008878,0.6914570689929251,null,null,null,null,null,null,null,null,null,null,null,null,null
ackley,fixed_iso_gpc,random,random,1,18,29,30,1397,1.8014787286056855,False,False,False,1387,0.4863993081144642,0.9727986162289284,0.6927771772840216,null,null,null,null,null,null,null,null,null,null,null,null,null
ackley,fixed_iso_gpc,random,random,1,19,30,31,381,1.178657983738244,False,False,False,380,0.5643392768455584,0.8713214463088832,0.6848450950368533,null,null,null,null,null,null,null,null,null,null,null,null,null
ackley,fixed_iso_gpc,random,random,1,20,31,32,2210,0.22888590802515907,False,True,True,2188,0.41899808820630824,0.8379961764126165,0.6799665488694838,null,null,null,null,null,null,null,null,null,null,null,null,null
ackley,fixed_iso_gpc,random,random,1,21,32,33,953,0.6714799667456166,False,False,False,946,0.39749039180003365,0.7949807836000673,0.6719809781240584,null,null,null,null,null,null,null,null,null,null,null,null,null
ackley,fixed_iso_gpc,random,random,1,22,33,34,892,0.7357970000483736,False,False,False,886,0.5202899586564982,0.9594200826870036,0.6923235895898443,null,null,null,null,null,null,null,null,null,null,null,null,null
ackley,fixed_iso_gpc,random,random,1,23,34,35,2866,0.7547699078104184,False,False,False,2835,0.4729141483312702,0.9458282966625404,0.6916791753515459,null,null,null,null,null,null,null,null,null,null,null,null,null
ackley,fixed_iso_gpc,random,random,1,24,35,36,705,0.7702388600694583,False,False,False,703,0.4512898946890971,0.9025797893781942,0.6883942970886261,null,null,null,null,null,null,null,null,null,null,null,null,null
ackley,fixed_iso_gpc,random,random,1,25,36,37,711,0.34857568832540053,False,True,True,708,0.46495876219218246,0.9299175243843649,0.6906893896261512,null,null,null,null,null,null,null,null,null,null,null,null,null
ackley,fixed_iso_gpc,random,random,1,26,37,38,1087,0.8965153644904582,False,False,False,1075,0.42864447703126984,0.8572889540625397,0.6829291085384513,null,null,null,null,null,null,null,null,null,null,null,null,null
ackley,fixed_iso_gpc,random,random,1,27,38,39,1948,0.6641576731174172,False,False,False,1926,0.5036884458708464,0.9926231082583072,0.6931199710472742,null,null,null,null,null,null,null,null,null,null,null,null,null
ackley,fixed_iso_gpc,random,random,1,28,39,40,1349,0.9019669646668369,False,False,False,1333,0.47696762643464297,0.9539352528692859,0.692085824550473,null,null,null,null,null,null,null,null,null,null,null,null,null
ackley,fixed_iso_gpc,random,random,1,29,40,41,524,0.8512695843068965,False,False,False,522,0.48119939294371505,0.9623987858874301,0.6924400882330035,null,null,null,null,null,null,null,null,null,null,null,null,null
ackley,fixed_iso_gpc,random,random,1,30,41,42,1076,0.8987185016892152,False,False,False,1063,0.5289117483395884,0.9421765033208231,0.6914744693133215,null,null,null,null,null,null,null,null,null,null,null,null,null
ackley,fixed_iso_gpc,random,random,1,31,42,43,615,0.8107854287650174,False,False,False,612,0.5108578032131312,0.9782843935737375,0.6929113782438883,null,null,null,null,null,null,null,null,null,null,null,null,null
ackley,fixed_iso_gpc,random,random,1,32,43,44,691,0.7078965140824725,False,False,False,687,0.49574413733803535,0.9914882746760707,0.6931109553885272,null,null,null,null,null,null,null,null,null,null,null,null,null
ackley,fixed_iso_gpc,random,random,1,33,44,45,2437,0.4783927910005126,False,False,True,2401,0.49555714253813044,0.9911142850762609,0.6931077020755727,null,null,null,null,null,null,null,null,null,null,null,null,null
ackley,fixed_iso_gpc,random,random,1,34,45,46,829,3.4707950635110407,False,False,False,820,0.5372506645031763,0.9254986709936475,0.6903693835418006,null,null,null,null,null,null,null,null,null,null,null,null,null
ackley,fixed_iso_gpc,random,random,1,35,46,47,2106,5.100540792360695,False,False,False,2073,0.34110100496900486,0.6822020099380097,0.6417630685134817,null,null,null,null,null,null,null,null,null,null,null,null,null
ackley,fixed_iso_gpc,random,random,1,36,47,48,142,1.3309641113658532,False,False,False,141,0.47508378673697393,0.9501675734739479,0.6919050307959527,null,null,null,null,null,null,null,null,null,null,null,null,null
ackley,fixed_iso_gpc,random,random,1,37,48,49,3226,2.065041775038708,False,False,False,3179,0.5025834028706218,0.9948331942587565,0.6931338325597717,null,null,null,null,null,null,null,null,null,null,null,null,null
ackley,fixed_iso_gpc,random,random,1,38,49,50,1115,2.612520592974212,False,False,False,1096,0.5603278131078326,0.8793443737843347,0.685850526094441,null,null,null,null,null,null,null,null,null,null,null,null,null
ackley,fixed_iso_gpc,random,random,1,39,50,51,259,0.0019683173735831616,True,True,True,257,0.5205766533426512,0.9588466933146975,0.6923001440504049,null,null,null,null,null,null,null,null,null,null,null,null,null
ackley,fixed_iso_gpc,random,random,1,40,51,52,2854,1.3920407151125236,False,False,False,2808,0.4356558542447857,0.8713117084895714,0.6848438349545403,null,null,null,null,null,null,null,null,null,null,null,null,null
ackley,fixed_iso_gpc,random,random,1,41,52,53,3865,1.391690564613583,False,False,False,3813,0.4407973391332547,0.8815946782665094,0.6861207982876392,null,null,null,null,null,null,null,null,null,null,null,null,null
ackley,fixed_iso_gpc,random,random,1,42,53,54,2322,0.6793424974698681,False,False,False,2281,0.46496070099598796,0.9299214019919759,0.6906896618171615,null,null,null,null,null,null,null,null,null,null,null,null,null
ackley,fixed_iso_gpc,random,random,1,43,54,55,338,0.8697047099596666,False,False,False,335,0.5969330935221819,0.8061338129556361,0.6742356114638715,null,null,null,null,null,null,null,null,null,null,null,null,null
ackley,fixed_iso_gpc,random,random,1,44,55,56,1889,3.6933070449258256,False,False,False,1857,0.3579093702845739,0.7158187405691478,0.6522058282451558,null,null,null,null,null,null,null,null,null,null,null,null,null
ackley,fixed_iso_gpc,random,random,1,45,56,57,1715,1.8139421334561732,False,False,False,1687,0.5495781396141979,0.9008437207716042,0.6882231092233309,null,null,null,null,null,null,null,null,null,null,null,null,null
ackley,fixed_iso_gpc,random,random,1,46,57,58,2714,0.14659706902818392,True,True,True,2667,0.5287935391933729,0.9424129216132542,0.691488127072071,null,null,null,null,null,null,null,null,null,null,null,null,null
ackley,fixed_iso_gpc,random,random,1,47,58,59,3625,0.9863823959983691,False,False,False,3568,0.46324035130818686,0.9264807026163737,0.690442197156578,null,null,null,null,null,null,null,null,null,null,null,null,null
ackley,fixed_iso_gpc,random,random,1,48,59,60,2888,0.40813045841580653,False,True,True,2835,0.4485836654038877,0.8971673308077754,0.6878505435537476,null,null,null,null,null,null,null,null,null,null,null,null,null
ackley,fixed_iso_gpc,random,random,1,49,60,61,2837,2.3802159881419573,False,False,False,2786,0.3375200930611868,0.6750401861223736,0.6393768506328639,null,null,null,null,null,null,null,null,null,null,null,null,null
ackley,fixed_iso_gpc,random,random,1,50,61,62,2914,0.5422227067488485,False,False,True,2859,0.43289129600465515,0.8657825920093103,0.6841127845352024,null,null,null,null,null,null,null,null,null,null,null,null,null
ackley,fixed_iso_gpc,random,random,1,51,62,63,114,2.0082493258731926,False,False,False,113,0.5133586993022377,0.9732826013955247,0.6927902283922116,null,null,null,null,null,null,null,null,null,null,null,null,null
ackley,fixed_iso_gpc,random,random,1,52,63,64,670,1.2177563260999964,False,False,False,662,0.4585670768554735,0.917134153710947,0.6897098661338288,null,null,null,null,null,null,null,null,null,null,null,null,null
ackley,fixed_iso_gpc,random,random,1,53,64,65,3177,1.365401737754972,False,False,False,3117,0.5644683665800443,0.8710632668399114,0.6848116537763485,null,null,null,null,null,null,null,null,null,null,null,null,null
ackley,fixed_iso_gpc,random,random,1,54,65,66,2175,0.6346497070536063,False,False,False,2132,0.5502776411091759,0.8994447177816483,0.6880829435468545,null,null,null,null,null,null,null,null,null,null,null,null,null
ackley,fixed_iso_gpc,random,random,1,55,66,67,2728,0.017658226362007312,True,True,True,2676,0.5615679127343753,0.8768641745312493,0.6855466893783175,null,null,null,null,null,null,null,null,null,null,null,null,null
ackley,fixed_iso_gpc,random,random,1,56,67,68,3107,1.1251169422824603,False,False,False,3046,0.5093169785363258,0.9813660429273483,0.6929735583333941,null,null,null,null,null,null,null,null,null,null,null,null,null
ackley,fixed_iso_gpc,random,random,1,57,68,69,2288,1.8329030059025317,False,False,False,2242,0.5879286173601486,0.8241427652797029,0.6776035942310616,null,null,null,null,null,null,null,null,null,null,null,null,null
ackley,fixed_iso_gpc,random,random,1,58,69,70,2456,0.24349556788543758,False,True,True,2405,0.502798055360528,0.994403889278944,0.6931315222506165,null,null,null,null,null,null,null,null,null,null,null,null,null
ackley,fixed_iso_gpc,random,random,1,59,70,71,975,1.198248499214051,False,False,False,954,0.5088415232191501,0.9823169535616998,0.69299082734533,null,null,null,null,null,null,null,null,null,null,null,null,null
ackley,fixed_iso_gpc,random,random,1,60,71,72,1123,0.7966972255716769,False,False,False,1098,0.483754600606904,0.967509201213808,0.6926192616510636,null,null,null,null,null,null,null,null,null,null,null,null,null
ackley,fixed_iso_gpc,random,random,1,61,72,73,2983,1.4082782515116374,False,False,False,2918,0.5452629842606882,0.9094740314786236,0.6890440902104978,null,null,null,null,null,null,null,null,null,null,null,null,null
ackley,fixed_iso_gpc,random,random,1,62,73,74,3863,0.2762205914971929,False,True,True,3791,0.5264832446338445,0.9470335107323109,0.691743799451484,null,null,null,null,null,null,null,null,null,null,null,null,null
ackley,fixed_iso_gpc,random,random,1,63,74,75,3479,0.3786904734813543,False,True,True,3409,0.4287349906073814,0.8574699812147628,0.6829551039479167,null,null,null,null,null,null,null,null,null,null,null,null,null
ackley,fixed_iso_gpc,random,random,1,64,75,76,1376,0.8780123986659572,False,False,False,1346,0.5588843857529042,0.8822312284941916,0.6861963189756253,null,null,null,null,null,null,null,null,null,null,null,null,null
ackley,fixed_iso_gpc,random,random,1,65,76,77,2997,0.8098962258475808,False,False,False,2930,0.5742167253105492,0.8515665493789015,0.682090122605095,null,null,null,null,null,null,null,null,null,null,null,null,null
ackley,fixed_iso_gpc,random,random,1,66,77,78,3621,0.8349810847341228,False,False,False,3547,0.5133964633353827,0.9732070733292346,0.6927882071441254,null,null,null,null,null,null,null,null,null,null,null,null,null
ackley,fixed_iso_gpc,random,random,1,67,78,79,2876,0.4599770355841244,False,False,True,2813,0.47930641575286614,0.9586128315057323,0.6922904870327338,null,null,null,null,null,null,null,null,null,null,null,null,null
ackley,fixed_iso_gpc,random,random,1,68,79,80,1,2.530810939310898,False,False,False,1,0.4443702463834853,0.8887404927669706,0.6869450086300379,null,null,null,null,null,null,null,null,null,null,null,null,null
ackley,fixed_iso_gpc,classifier_margin,classifier_margin,1,1,12,13,1753,1.7191052482738005,False,False,False,1749,0.500007476818568,0.9999850463628639,0.6931471804481397,null,null,null,null,null,null,null,null,null,null,null,null,null
ackley,fixed_iso_gpc,classifier_margin,classifier_margin,1,2,13,14,1140,1.4728183374260606,False,False,False,1137,0.5000009282541642,0.9999981434916716,0.693147180558222,null,null,null,null,null,null,null,null,null,null,null,null,null
ackley,fixed_iso_gpc,classifier_margin,classifier_margin,1,3,14,15,75,4.2427497104306635,False,False,False,75,0.499950392959613,0.999900785919226,0.6931471756382284,null,null,null,null,null,null,null,null,null,null,null,null,null
ackley,fixed_iso_gpc,classifier_margin,classifier_margin,1,4,15,16,2727,3.032416238942144,False,False,False,2712,0.500011821932873,0.9999763561342541,0.6931471802804292,null,null,null,null,null,null,null,null,null,null,null,null,null
ackley,fixed_iso_gpc,classifier_margin,classifier_margin,1,5,16,17,2818,0.26629284943356346,False,True,True,2802,0.49999088338785275,0.9999817667757055,0.6931471803937201,null,null,null,null,null,null,null,null,null,null,null,null,null
ackley,fixed_iso_gpc,classifier_margin,classifier_margin,1,6,17,18,38,0.5098818862308452,False,False,True,38,0.49998814775529765,0.9999762955105953,0.6931471802789939,null,null,null,null,null,null,null,null,null,null,null,null,null
ackley,fixed_iso_gpc,classifier_margin,classifier_margin,1,7,18,19,1658,2.2590004230311127,False,False,False,1651,0.49999446104274153,0.9999889220854831,0.6931471804985853,null,null,null,null,null,null,null,null,null,null,null,null,null
ackley,fixed_iso_gpc,classifier_margin,classifier_margin,1,8,19,20,3749,0.1178800149261452,True,True,True,3730,0.49998895862072934,0.9999779172414587,0.6931471803161212,null,null,null,null,null,null,null,null,null,null,null,null,null
ackley,fixed_iso_gpc,classifier_margin,classifier_margin,1,9,20,21,1691,0.32014766037833553,False,True,True,1683,0.5000098679232893,0.9999802641534214,0.6931471803651935,null,null,null,null,null,null,null,null,null,null,null,null,null
ackley,fixed_iso_gpc,classifier_margin,classifier_margin,1,10,21,22,3437,1.0581531798183494,False,False,False,3417,0.49999823437079477,0.9999964687415895,0.6931471805537104,null,null,null,null,null,null,null,null,null,null,null,null,null
ackley,fixed_iso_gpc,classifier_margin,classifier_margin,1,11,22,23,1087,0.8965153644904582,False,False,False,1082,0.49996455735313905,0.9999291147062781,0.6931471780475829,null,null,null,null,null,null,null,null,null,null,null,null,null
ackley,fixed_iso_gpc,classifier_margin,classifier_margin,1,12,23,24,1202,1.3286887323408472,False,False,False,1194,0.49994022790750464,0.9998804558150093,0.6931471734145392,null,null,null,null,null,null,null,null,null,null,null,null,null
ackley,fixed_iso_gpc,classifier_margin,classifier_margin,1,13,24,25,3187,2.629603895223582,False,False,False,3165,0.49992763960817577,0.9998552792163515,0.6931471700878926,null,null,null,null,null,null,null,null,null,null,null,null,null
ackley,fixed_iso_gpc,classifier_margin,classifier_margin,1,14,25,26,3763,2.203254356220535,False,False,False,3738,0.4998452121845437,0.9996904243690874,0.6931471326414089,null,null,null,null,null,null,null,null,null,null,null,null,null
ackley,fixed_iso_gpc,classifier_margin,classifier_margin,1,15,26,27,2787,1.376085668086871,False,False,False,2766,0.4999357215115324,0.9998714430230649,0.6931471722964971,null,null,null,null,null,null,null,null,null,null,null,null,null
ackley,fixed_iso_gpc,classifier_margin,classifier_margin,1,16,27,28,1458,0.4491327848043909,False,False,True,1449,0.4999725016314485,0.999945003262897,0.6931471790476247,null,null,null,null,null,null,null,null,null,null,null,null,null
ackley,fixed_iso_gpc,classifier_margin,classifier_margin,1,17,28,29,459,0.2941841254174058,False,True,True,457,0.5000244663401842,0.9999510673196317,0.6931471793627417,null,null,null,null,null,null,null,null,null,null,null,null,null
ackley,fixed_iso_gpc,classifier_margin,classifier_margin,1,18,29,30,674,1.5264903774279706,False,False,False,671,0.500051846734182,0.999896306531636,0.6931471751837777,null,null,null,null,null,null,null,null,null,null,null,null,null
ackley,fixed_iso_gpc,classifier_margin,classifier_margin,1,19,30,31,3819,2.4941841290549362,False,False,False,3789,0.4999004760852698,0.9998009521705395,0.693147160749926,null,null,null,null,null,null,null,null,null,null,null,null,null
ackley,fixed_iso_gpc,classifier_margin,classifier_margin,1,20,31,32,252,0.6410401566839656,False,False,False,250,0.4999968592833508,0.9999937185667016,0.6931471805402172,null,null,null,null,null,null,null,null,null,null,null,null,null
ackley,fixed_iso_gpc,classifier_margin,classifier_margin,1,21,32,33,511,1.1959214389154482,False,False,False,507,0.5000253784729369,0.9999492430541261,0.6931471792718116,null,null,null,null,null,null,null,null,null,null,null,null,null
ackley,fixed_iso_gpc,classifier_margin,classifier_margin,1,22,33,34,596,0.6025690461511477,False,False,True,591,0.4999927658037145,0.999985531607429,0.6931471804552781,null,null,null,null,null,null,null,null,null,null,null,null,null
ackley,fixed_iso_gpc,classifier_margin,classifier_margin,1,23,34,35,127,0.7770738113351889,False,False,False,125,0.5000075619976154,0.9999848760047692,0.6931471804455777,null,null,null,null,null,null,null,null,null,null,null,null,null
ackley,fixed_iso_gpc,classifier_margin,classifier_margin,1,24,35,36,1517,0.12791582862822715,True,True,True,1501,0.4998819279233522,0.9997638558467044,0.6931471526779145,null,null,null,null,null,null,null,null,null,null,null,null,null
ackley,fixed_iso_gpc,classifier_margin,classifier_margin,1,25,36,37,2982,0.9022156766768941,False,False,False,2951,0.49997790696559197,0.9999558139311839,0.693147179583741,null,null,null,null,null,null,null,null,null,null,null,null,null
ackley,fixed_iso_gpc,classifier_margin,classifier_margin,1,26,37,38,2454,0.6848138328163316,False,False,False,2427,0.4998637646351305,0.999727529270261,0.6931471434397956,null,null,null,null,null,null,null,null,null,null,null,null,null
ackley,fixed_iso_gpc,classifier_margin,classifier_margin,1,27,38,39,965,3.30396736299784,False,False,False,954,0.5000817116178378,0.9998365767643245,0.6931471672063683,null,null,null,null,null,null,null,null,null,null,null,null,null
ackley,fixed_iso_gpc,classifier_margin,classifier_margin,1,28,39,40,936,2.1542855395608864,False,False,False,926,0.4999656654823215,0.999931330964643,0.693147178202227,null,null,null,null,null,null,null,null,null,null,null,null,null
ackley,fixed_iso_gpc,classifier_margin,classifier_margin,1,29,40,41,242,1.6377293867680915,False,False,False,239,0.5000516757606213,0.9998966484787575,0.6931471752191769,null,null,null,null,null,null,null,null,null,null,null,null,null
ackley,fixed_iso_gpc,classifier_margin,classifier_margin,1,30,41,42,3839,1.911892579779117,False,False,False,3798,0.500075500493779,0.999848999012442,0.6931471691592961,null,null,null,null,null,null,null,null,null,null,null,null,null
ackley,fixed_iso_gpc,classifier_margin,classifier_margin,1,31,42,43,54,0.3620184216582718,False,True,True,53,0.49999652015888424,0.9999930403177685,0.6931471805357268,null,null,null,null,null,null,null,null,null,null,null,null,null
ackley,fixed_iso_gpc,classifier_margin,classifier_margin,1,32,43,44,3629,0.08674456666470576,True,True,True,3590,0.4999609716749758,0.9999219433499515,0.693147177513525,null,null,null,null,null,null,null,null,null,null,null,null,null
ackley,fixed_iso_gpc,classifier_margin,classifier_margin,1,33,44,45,3945,1.2039969853333936,False,False,False,3901,0.5000009427827911,0.9999981144344179,0.6931471805581676,null,null,null,null,null,null,null,null,null,null,null,null,null
ackley,fixed_iso_gpc,classifier_margin,classifier_margin,1,34,45,46,1124,2.525377846985771,False,False,False,1108,0.4999998157991914,0.9999996315983828,0.6931471805598775,null,null,null,null,null,null,null,null,null,null,null,null,null
ackley,fixed_iso_gpc,classifier_margin,classifier_margin,1,35,46,47,1482,0.7387611402537928,False,False,False,1461,0.5000559020616384,0.9998881958767232,0.6931471743098643,null,null,null,null,null,null,null,null,null,null,null,null,null
ackley,fixed_iso_gpc,classifier_margin,classifier_margin,1,36,47,48,2848,0.3397520020183773,False,True,True,2810,0.5000083570647128,0.9999832858705744,0.6931471804202642,null,null,null,null,null,null,null,null,null,null,null,null,null
ackley,fixed_iso_gpc,classifier_margin,classifier_margin,1,37,48,49,193,1.9750453846887783,False,False,False,189,0.4999929903888162,0.9999859807776325,0.693147180461676,null,null,null,null,null,null,null,null,null,null,null,null,null
ackley,fixed_iso_gpc,classifier_margin,classifier_margin,1,38,49,50,1278,0.2540829288648503,False,True,True,1257,0.5000249654198661,0.9999500691602679,0.693147179313401,null,null,null,null,null,null,null,null,null,null,null,null,null
ackley,fixed_iso_gpc,classifier_margin,classifier_margin,1,39,50,51,2158,0.2490972056377565,False,True,True,2125,0.4999838714568958,0.9999677429137916,0.6931471800396856,null,null,null,null,null,null,null,null,null,null,null,null,null
ackley,fixed_iso_gpc,classifier_margin,classifier_margin,1,40,51,52,3261,0.3133352918013603,False,True,True,3217,0.49999364976026905,0.9999872995205381,0.6931471804792942,null,null,null,null,null,null,null,null,null,null,null,null,null
ackley,fixed_iso_gpc,classifier_margin,classifier_margin,1,41,52,53,322,0.15370492658326818,True,True,True,315,0.4999641617230878,0.9999283234461755,0.6931471779911811,null,null,null,null,null,null,null,null,null,null,null,null,null
ackley,fixed_iso_gpc,classifier_margin,classifier_margin,1,42,53,54,1936,0.2518336666354397,False,True,True,1904,0.5000103996828564,0.9999792006342871,0.6931471803436385,null,null,null,null,null,null,null,null,null,null,null,null,null
ackley,fixed_iso_gpc,classifier_margin,classifier_margin,1,43,54,55,1434,1.5157989998601682,False,False,False,1411,0.5000759518485242,0.9998480963029517,0.6931471690225787,null,null,null,null,null,null,null,null,null,null,null,null,null
ackley,fixed_iso_gpc,classifier_margin,classifier_margin,1,44,55,56,1804,1.7429979329279632,False,False,False,1774,0.5000060991284547,0.9999878017430905,0.6931471804855466,null,null,null,null,null,null,null,null,null,null,null,null,null
ackley,fixed_iso_gpc,classifier_margin,classifier_margin,1,45,56,57,2403,0.8268407858768949,False,False,False,2363,0.5000350412357981,0.9999299175284038,0.6931471781041688,null,null,null,null,null,null,null,null,null,null,null,null,null
ackley,fixed_iso_gpc,classifier_margin,classifier_margin,1,46,57,58,667,0.6565913460186401,False,False,False,656,0.49993994177688106,0.9998798835537621,0.6931471733459649,null,null,null,null,null,null,null,null,null,null,null,null,null
ackley,fixed_iso_gpc,classifier_margin,classifier_margin,1,47,58,59,1723,0.2434851386495236,False,True,True,1693,0.49995273153960124,0.9999054630792025,0.6931471760913306,null,null,null,null,null,null,null,null,null,null,null,null,null
ackley,fixed_iso_gpc,classifier_margin,classifier_margin,1,48,59,60,1009,0.1908900829294904,True,True,True,991,0.5000127562387278,0.9999744875225445,0.6931471802345021,null,null,null,null,null,null,null,null,null,null,null,null,null
ackley,fixed_iso_gpc,classifier_margin,classifier_margin,1,49,60,61,517,0.3316090902252675,False,True,True,507,0.5000072987416505,0.999985402516699,0.6931471804534021,null,null,null,null,null,null,null,null,null,null,null,null,null
ackley,fixed_iso_gpc,classifier_margin,classifier_margin,1,50,61,62,3008,0.92923353305601,False,False,False,2956,0.5000097450150008,0.9999805099699983,0.6931471803700147,null,null,null,null,null,null,null,null,null,null,null,null,null
ackley,fixed_iso_gpc,classifier_margin,classifier_margin,1,51,62,63,1403,1.3367289433276692,False,False,False,1377,0.4999977900333379,0.9999955800666758,0.6931471805501774,null,null,null,null,null,null,null,null,null,null,null,null,null
ackley,fixed_iso_gpc,classifier_margin,classifier_margin,1,52,63,64,3860,1.984121845372231,False,False,False,3798,0.5000099631149899,0.9999800737700202,0.693147180361418,null,null,null,null,null,null,null,null,null,null,null,null,null
ackley,fixed_iso_gpc,classifier_margin,classifier_margin,1,53,64,65,1096,1.2098689618979215,False,False,False,1075,0.49999016579177324,0.9999803315835465,0.693147180366522,null,null,null,null,null,null,null,null,null,null,null,null,null
ackley,fixed_iso_gpc,classifier_margin,classifier_margin,1,54,65,66,2280,1.264998903237153,False,False,False,2235,0.5000238720072074,0.9999522559855851,0.6931471794201998,null,null,null,null,null,null,null,null,null,null,null,null,null
ackley,fixed_iso_gpc,classifier_margin,classifier_margin,1,55,66,67,3863,0.2762205914971929,False,True,True,3798,0.5000546471336578,0.9998907057326845,0.6931471745873269,null,null,null,null,null,null,null,null,null,null,null,null,null
ackley,fixed_iso_gpc,classifier_margin,classifier_margin,1,56,67,68,807,0.041927888178319606,True,True,True,792,0.4999656678554087,0.9999313357108174,0.6931471782025529,null,null,null,null,null,null,null,null,null,null,null,null,null
ackley,fixed_iso_gpc,classifier_margin,classifier_margin,1,57,68,69,1008,1.6646900055202405,False,False,False,988,0.49996455469058,0.99992910938116,0.6931471780472054,null,null,null,null,null,null,null,null,null,null,null,null,null
ackley,fixed_iso_gpc,classifier_margin,classifier_margin,1,58,69,70,3534,0.45991112028430337,False,False,True,3473,0.49997445943905167,0.9999489188781033,0.6931471792553048,null,null,null,null,null,null,null,null,null,null,null,null,null
ackley,fixed_iso_gpc,classifier_margin,classifier_margin,1,59,70,71,1169,0.2651713321975411,False,True,True,1143,0.5000443064198798,0.9999113871602403,0.6931471766338277,null,null,null,null,null,null,null,null,null,null,null,null,null
ackley,fixed_iso_gpc,classifier_margin,classifier_margin,1,60,71,72,528,0.6329761954960329,False,False,False,517,0.499955646392657,0.999911292785314,0.6931471766254603,null,null,null,null,null,null,null,null,null,null,null,null,null
ackley,fixed_iso_gpc,classifier_margin,classifier_margin,1,61,72,73,2564,0.12422384057190072,True,True,True,2511,0.4999904883583597,0.9999809767167194,0.6931471803790026,null,null,null,null,null,null,null,null,null,null,null,null,null
ackley,fixed_iso_gpc,classifier_margin,classifier_margin,1,62,73,74,1010,0.9777593458931655,False,False,False,987,0.4999336130473807,0.9998672260947614,0.6931471717454902,null,null,null,null,null,null,null,null,null,null,null,null,null
ackley,fixed_iso_gpc,classifier_margin,classifier_margin,1,63,74,75,624,0.8203090362791485,False,False,False,611,0.4999101596162974,0.9998203192325948,0.6931471644173561,null,null,null,null,null,null,null,null,null,null,null,null,null
ackley,fixed_iso_gpc,classifier_margin,classifier_margin,1,64,75,76,1854,0.859874813909494,False,False,False,1808,0.49995385793605285,0.9999077158721057,0.6931471763017651,null,null,null,null,null,null,null,null,null,null,null,null,null
ackley,fixed_iso_gpc,classifier_margin,classifier_margin,1,65,76,77,3516,0.5132540195781665,False,False,True,3449,0.5000908891015704,0.9998182217968592,0.6931471640382876,null,null,null,null,null,null,null,null,null,null,null,null,null
ackley,fixed_iso_gpc,classifier_margin,classifier_margin,1,66,77,78,764,1.3196518430494297,False,False,False,747,0.4999836289720343,0.9999672579440686,0.6931471800239242,null,null,null,null,null,null,null,null,null,null,null,null,null
ackley,fixed_iso_gpc,classifier_margin,classifier_margin,1,67,78,79,253,0.25439988390181156,False,True,True,246,0.5000010332283269,0.9999979335433462,0.6931471805578102,null,null,null,null,null,null,null,null,null,null,null,null,null
ackley,fixed_iso_gpc,classifier_margin,classifier_margin,1,68,79,80,3751,1.9187346105866485,False,False,False,3678,0.4999969701538702,0.9999939403077404,0.6931471805415854,null,null,null,null,null,null,null,null,null,null,null,null,null
ackley,fixed_iso_gpc,classifier_entropy,classifier_entropy,1,1,12,13,1753,1.7191052482738005,False,False,False,1749,0.500007476818568,0.9999850463628639,0.6931471804481397,Binary entropy is monotone-equivalent to classifier margin.,null,null,null,null,null,null,null,null,null,null,null,null
ackley,fixed_iso_gpc,classifier_entropy,classifier_entropy,1,2,13,14,1140,1.4728183374260606,False,False,False,1137,0.5000009282541642,0.9999981434916716,0.693147180558222,Binary entropy is monotone-equivalent to classifier margin.,null,null,null,null,null,null,null,null,null,null,null,null
ackley,fixed_iso_gpc,classifier_entropy,classifier_entropy,1,3,14,15,75,4.2427497104306635,False,False,False,75,0.499950392959613,0.999900785919226,0.6931471756382284,Binary entropy is monotone-equivalent to classifier margin.,null,null,null,null,null,null,null,null,null,null,null,null
ackley,fixed_iso_gpc,classifier_entropy,classifier_entropy,1,4,15,16,2727,3.032416238942144,False,False,False,2712,0.500011821932873,0.9999763561342541,0.6931471802804292,Binary entropy is monotone-equivalent to classifier margin.,null,null,null,null,null,null,null,null,null,null,null,null
ackley,fixed_iso_gpc,classifier_entropy,classifier_entropy,1,5,16,17,2818,0.26629284943356346,False,True,True,2802,0.49999088338785275,0.9999817667757055,0.6931471803937201,Binary entropy is monotone-equivalent to classifier margin.,null,null,null,null,null,null,null,null,null,null,null,null
ackley,fixed_iso_gpc,classifier_entropy,classifier_entropy,1,6,17,18,38,0.5098818862308452,False,False,True,38,0.49998814775529765,0.9999762955105953,0.6931471802789939,Binary entropy is monotone-equivalent to classifier margin.,null,null,null,null,null,null,null,null,null,null,null,null
ackley,fixed_iso_gpc,classifier_entropy,classifier_entropy,1,7,18,19,1658,2.2590004230311127,False,False,False,1651,0.49999446104274153,0.9999889220854831,0.6931471804985853,Binary entropy is monotone-equivalent to classifier margin.,null,null,null,null,null,null,null,null,null,null,null,null
ackley,fixed_iso_gpc,classifier_entropy,classifier_entropy,1,8,19,20,3749,0.1178800149261452,True,True,True,3730,0.49998895862072934,0.9999779172414587,0.6931471803161212,Binary entropy is monotone-equivalent to classifier margin.,null,null,null,null,null,null,null,null,null,null,null,null
ackley,fixed_iso_gpc,classifier_entropy,classifier_entropy,1,9,20,21,1691,0.32014766037833553,False,True,True,1683,0.5000098679232893,0.9999802641534214,0.6931471803651935,Binary entropy is monotone-equivalent to classifier margin.,null,null,null,null,null,null,null,null,null,null,null,null
ackley,fixed_iso_gpc,classifier_entropy,classifier_entropy,1,10,21,22,3437,1.0581531798183494,False,False,False,3417,0.49999823437079477,0.9999964687415895,0.6931471805537104,Binary entropy is monotone-equivalent to classifier margin.,null,null,null,null,null,null,null,null,null,null,null,null
ackley,fixed_iso_gpc,classifier_entropy,classifier_entropy,1,11,22,23,1087,0.8965153644904582,False,False,False,1082,0.49996455735313905,0.9999291147062781,0.6931471780475829,Binary entropy is monotone-equivalent to classifier margin.,null,null,null,null,null,null,null,null,null,null,null,null
ackley,fixed_iso_gpc,classifier_entropy,classifier_entropy,1,12,23,24,1202,1.3286887323408472,False,False,False,1194,0.49994022790750464,0.9998804558150093,0.6931471734145392,Binary entropy is monotone-equivalent to classifier margin.,null,null,null,null,null,null,null,null,null,null,null,null
ackley,fixed_iso_gpc,classifier_entropy,classifier_entropy,1,13,24,25,3187,2.629603895223582,False,False,False,3165,0.49992763960817577,0.9998552792163515,0.6931471700878926,Binary entropy is monotone-equivalent to classifier margin.,null,null,null,null,null,null,null,null,null,null,null,null
ackley,fixed_iso_gpc,classifier_entropy,classifier_entropy,1,14,25,26,3763,2.203254356220535,False,False,False,3738,0.4998452121845437,0.9996904243690874,0.6931471326414089,Binary entropy is monotone-equivalent to classifier margin.,null,null,null,null,null,null,null,null,null,null,null,null
ackley,fixed_iso_gpc,classifier_entropy,classifier_entropy,1,15,26,27,2787,1.376085668086871,False,False,False,2766,0.4999357215115324,0.9998714430230649,0.6931471722964971,Binary entropy is monotone-equivalent to classifier margin.,null,null,null,null,null,null,null,null,null,null,null,null
ackley,fixed_iso_gpc,classifier_entropy,classifier_entropy,1,16,27,28,1458,0.4491327848043909,False,False,True,1449,0.4999725016314485,0.999945003262897,0.6931471790476247,Binary entropy is monotone-equivalent to classifier margin.,null,null,null,null,null,null,null,null,null,null,null,null
ackley,fixed_iso_gpc,classifier_entropy,classifier_entropy,1,17,28,29,459,0.2941841254174058,False,True,True,457,0.5000244663401842,0.9999510673196317,0.6931471793627417,Binary entropy is monotone-equivalent to classifier margin.,null,null,null,null,null,null,null,null,null,null,null,null
ackley,fixed_iso_gpc,classifier_entropy,classifier_entropy,1,18,29,30,674,1.5264903774279706,False,False,False,671,0.500051846734182,0.999896306531636,0.6931471751837777,Binary entropy is monotone-equivalent to classifier margin.,null,null,null,null,null,null,null,null,null,null,null,null
ackley,fixed_iso_gpc,classifier_entropy,classifier_entropy,1,19,30,31,3819,2.4941841290549362,False,False,False,3789,0.4999004760852698,0.9998009521705395,0.693147160749926,Binary entropy is monotone-equivalent to classifier margin.,null,null,null,null,null,null,null,null,null,null,null,null
ackley,fixed_iso_gpc,classifier_entropy,classifier_entropy,1,20,31,32,252,0.6410401566839656,False,False,False,250,0.4999968592833508,0.9999937185667016,0.6931471805402172,Binary entropy is monotone-equivalent to classifier margin.,null,null,null,null,null,null,null,null,null,null,null,null
ackley,fixed_iso_gpc,classifier_entropy,classifier_entropy,1,21,32,33,511,1.1959214389154482,False,False,False,507,0.5000253784729369,0.9999492430541261,0.6931471792718116,Binary entropy is monotone-equivalent to classifier margin.,null,null,null,null,null,null,null,null,null,null,null,null
ackley,fixed_iso_gpc,classifier_entropy,classifier_entropy,1,22,33,34,596,0.6025690461511477,False,False,True,591,0.4999927658037145,0.999985531607429,0.6931471804552781,Binary entropy is monotone-equivalent to classifier margin.,null,null,null,null,null,null,null,null,null,null,null,null
ackley,fixed_iso_gpc,classifier_entropy,classifier_entropy,1,23,34,35,127,0.7770738113351889,False,False,False,125,0.5000075619976154,0.9999848760047692,0.6931471804455777,Binary entropy is monotone-equivalent to classifier margin.,null,null,null,null,null,null,null,null,null,null,null,null
ackley,fixed_iso_gpc,classifier_entropy,classifier_entropy,1,24,35,36,1517,0.12791582862822715,True,True,True,1501,0.4998819279233522,0.9997638558467044,0.6931471526779145,Binary entropy is monotone-equivalent to classifier margin.,null,null,null,null,null,null,null,null,null,null,null,null
ackley,fixed_iso_gpc,classifier_entropy,classifier_entropy,1,25,36,37,2982,0.9022156766768941,False,False,False,2951,0.49997790696559197,0.9999558139311839,0.693147179583741,Binary entropy is monotone-equivalent to classifier margin.,null,null,null,null,null,null,null,null,null,null,null,null
ackley,fixed_iso_gpc,classifier_entropy,classifier_entropy,1,26,37,38,2454,0.6848138328163316,False,False,False,2427,0.4998637646351305,0.999727529270261,0.6931471434397956,Binary entropy is monotone-equivalent to classifier margin.,null,null,null,null,null,null,null,null,null,null,null,null
ackley,fixed_iso_gpc,classifier_entropy,classifier_entropy,1,27,38,39,965,3.30396736299784,False,False,False,954,0.5000817116178378,0.9998365767643245,0.6931471672063683,Binary entropy is monotone-equivalent to classifier margin.,null,null,null,null,null,null,null,null,null,null,null,null
ackley,fixed_iso_gpc,classifier_entropy,classifier_entropy,1,28,39,40,936,2.1542855395608864,False,False,False,926,0.4999656654823215,0.999931330964643,0.693147178202227,Binary entropy is monotone-equivalent to classifier margin.,null,null,null,null,null,null,null,null,null,null,null,null
ackley,fixed_iso_gpc,classifier_entropy,classifier_entropy,1,29,40,41,242,1.6377293867680915,False,False,False,239,0.5000516757606213,0.9998966484787575,0.6931471752191769,Binary entropy is monotone-equivalent to classifier margin.,null,null,null,null,null,null,null,null,null,null,null,null
ackley,fixed_iso_gpc,classifier_entropy,classifier_entropy,1,30,41,42,3839,1.911892579779117,False,False,False,3798,0.500075500493779,0.999848999012442,0.6931471691592961,Binary entropy is monotone-equivalent to classifier margin.,null,null,null,null,null,null,null,null,null,null,null,null
ackley,fixed_iso_gpc,classifier_entropy,classifier_entropy,1,31,42,43,54,0.3620184216582718,False,True,True,53,0.49999652015888424,0.9999930403177685,0.6931471805357268,Binary entropy is monotone-equivalent to classifier margin.,null,null,null,null,null,null,null,null,null,null,null,null
ackley,fixed_iso_gpc,classifier_entropy,classifier_entropy,1,32,43,44,3629,0.08674456666470576,True,True,True,3590,0.4999609716749758,0.9999219433499515,0.693147177513525,Binary entropy is monotone-equivalent to classifier margin.,null,null,null,null,null,null,null,null,null,null,null,null
ackley,fixed_iso_gpc,classifier_entropy,classifier_entropy,1,33,44,45,3945,1.2039969853333936,False,False,False,3901,0.5000009427827911,0.9999981144344179,0.6931471805581676,Binary entropy is monotone-equivalent to classifier margin.,null,null,null,null,null,null,null,null,null,null,null,null
ackley,fixed_iso_gpc,classifier_entropy,classifier_entropy,1,34,45,46,1124,2.525377846985771,False,False,False,1108,0.4999998157991914,0.9999996315983828,0.6931471805598775,Binary entropy is monotone-equivalent to classifier margin.,null,null,null,null,null,null,null,null,null,null,null,null
ackley,fixed_iso_gpc,classifier_entropy,classifier_entropy,1,35,46,47,1482,0.7387611402537928,False,False,False,1461,0.5000559020616384,0.9998881958767232,0.6931471743098643,Binary entropy is monotone-equivalent to classifier margin.,null,null,null,null,null,null,null,null,null,null,null,null
ackley,fixed_iso_gpc,classifier_entropy,classifier_entropy,1,36,47,48,2848,0.3397520020183773,False,True,True,2810,0.5000083570647128,0.9999832858705744,0.6931471804202642,Binary entropy is monotone-equivalent to classifier margin.,null,null,null,null,null,null,null,null,null,null,null,null
ackley,fixed_iso_gpc,classifier_entropy,classifier_entropy,1,37,48,49,193,1.9750453846887783,False,False,False,189,0.4999929903888162,0.9999859807776325,0.693147180461676,Binary entropy is monotone-equivalent to classifier margin.,null,null,null,null,null,null,null,null,null,null,null,null
ackley,fixed_iso_gpc,classifier_entropy,classifier_entropy,1,38,49,50,1278,0.2540829288648503,False,True,True,1257,0.5000249654198661,0.9999500691602679,0.693147179313401,Binary entropy is monotone-equivalent to classifier margin.,null,null,null,null,null,null,null,null,null,null,null,null
ackley,fixed_iso_gpc,classifier_entropy,classifier_entropy,1,39,50,51,2158,0.2490972056377565,False,True,True,2125,0.4999838714568958,0.9999677429137916,0.6931471800396856,Binary entropy is monotone-equivalent to classifier margin.,null,null,null,null,null,null,null,null,null,null,null,null
ackley,fixed_iso_gpc,classifier_entropy,classifier_entropy,1,40,51,52,3261,0.3133352918013603,False,True,True,3217,0.49999364976026905,0.9999872995205381,0.6931471804792942,Binary entropy is monotone-equivalent to classifier margin.,null,null,null,null,null,null,null,null,null,null,null,null
ackley,fixed_iso_gpc,classifier_entropy,classifier_entropy,1,41,52,53,322,0.15370492658326818,True,True,True,315,0.4999641617230878,0.9999283234461755,0.6931471779911811,Binary entropy is monotone-equivalent to classifier margin.,null,null,null,null,null,null,null,null,null,null,null,null
ackley,fixed_iso_gpc,classifier_entropy,classifier_entropy,1,42,53,54,1936,0.2518336666354397,False,True,True,1904,0.5000103996828564,0.9999792006342871,0.6931471803436385,Binary entropy is monotone-equivalent to classifier margin.,null,null,null,null,null,null,null,null,null,null,null,null
ackley,fixed_iso_gpc,classifier_entropy,classifier_entropy,1,43,54,55,1434,1.5157989998601682,False,False,False,1411,0.5000759518485242,0.9998480963029517,0.6931471690225787,Binary entropy is monotone-equivalent to classifier margin.,null,null,null,null,null,null,null,null,null,null,null,null
ackley,fixed_iso_gpc,classifier_entropy,classifier_entropy,1,44,55,56,1804,1.7429979329279632,False,False,False,1774,0.5000060991284547,0.9999878017430905,0.6931471804855466,Binary entropy is monotone-equivalent to classifier margin.,null,null,null,null,null,null,null,null,null,null,null,null
ackley,fixed_iso_gpc,classifier_entropy,classifier_entropy,1,45,56,57,2403,0.8268407858768949,False,False,False,2363,0.5000350412357981,0.9999299175284038,0.6931471781041688,Binary entropy is monotone-equivalent to classifier margin.,null,null,null,null,null,null,null,null,null,null,null,null
ackley,fixed_iso_gpc,classifier_entropy,classifier_entropy,1,46,57,58,667,0.6565913460186401,False,False,False,656,0.49993994177688106,0.9998798835537621,0.6931471733459649,Binary entropy is monotone-equivalent to classifier margin.,null,null,null,null,null,null,null,null,null,null,null,null
ackley,fixed_iso_gpc,classifier_entropy,classifier_entropy,1,47,58,59,1723,0.2434851386495236,False,True,True,1693,0.49995273153960124,0.9999054630792025,0.6931471760913306,Binary entropy is monotone-equivalent to classifier margin.,null,null,null,null,null,null,null,null,null,null,null,null
ackley,fixed_iso_gpc,classifier_entropy,classifier_entropy,1,48,59,60,1009,0.1908900829294904,True,True,True,991,0.5000127562387278,0.9999744875225445,0.6931471802345021,Binary entropy is monotone-equivalent to classifier margin.,null,null,null,null,null,null,null,null,null,null,null,null
ackley,fixed_iso_gpc,classifier_entropy,classifier_entropy,1,49,60,61,517,0.3316090902252675,False,True,True,507,0.5000072987416505,0.999985402516699,0.6931471804534021,Binary entropy is monotone-equivalent to classifier margin.,null,null,null,null,null,null,null,null,null,null,null,null
ackley,fixed_iso_gpc,classifier_entropy,classifier_entropy,1,50,61,62,3008,0.92923353305601,False,False,False,2956,0.5000097450150008,0.9999805099699983,0.6931471803700147,Binary entropy is monotone-equivalent to classifier margin.,null,null,null,null,null,null,null,null,null,null,null,null
ackley,fixed_iso_gpc,classifier_entropy,classifier_entropy,1,51,62,63,1403,1.3367289433276692,False,False,False,1377,0.4999977900333379,0.9999955800666758,0.6931471805501774,Binary entropy is monotone-equivalent to classifier margin.,null,null,null,null,null,null,null,null,null,null,null,null
ackley,fixed_iso_gpc,classifier_entropy,classifier_entropy,1,52,63,64,3860,1.984121845372231,False,False,False,3798,0.5000099631149899,0.9999800737700202,0.693147180361418,Binary entropy is monotone-equivalent to classifier margin.,null,null,null,null,null,null,null,null,null,null,null,null
ackley,fixed_iso_gpc,classifier_entropy,classifier_entropy,1,53,64,65,1096,1.2098689618979215,False,False,False,1075,0.49999016579177324,0.9999803315835465,0.693147180366522,Binary entropy is monotone-equivalent to classifier margin.,null,null,null,null,null,null,null,null,null,null,null,null
ackley,fixed_iso_gpc,classifier_entropy,classifier_entropy,1,54,65,66,2280,1.264998903237153,False,False,False,2235,0.5000238720072074,0.9999522559855851,0.6931471794201998,Binary entropy is monotone-equivalent to classifier margin.,null,null,null,null,null,null,null,null,null,null,null,null
ackley,fixed_iso_gpc,classifier_entropy,classifier_entropy,1,55,66,67,3863,0.2762205914971929,False,True,True,3798,0.5000546471336578,0.9998907057326845,0.6931471745873269,Binary entropy is monotone-equivalent to classifier margin.,null,null,null,null,null,null,null,null,null,null,null,null
ackley,fixed_iso_gpc,classifier_entropy,classifier_entropy,1,56,67,68,807,0.041927888178319606,True,True,True,792,0.4999656678554087,0.9999313357108174,0.6931471782025529,Binary entropy is monotone-equivalent to classifier margin.,null,null,null,null,null,null,null,null,null,null,null,null
ackley,fixed_iso_gpc,classifier_entropy,classifier_entropy,1,57,68,69,1008,1.6646900055202405,False,False,False,988,0.49996455469058,0.99992910938116,0.6931471780472054,Binary entropy is monotone-equivalent to classifier margin.,null,null,null,null,null,null,null,null,null,null,null,null
ackley,fixed_iso_gpc,classifier_entropy,classifier_entropy,1,58,69,70,3534,0.45991112028430337,False,False,True,3473,0.49997445943905167,0.9999489188781033,0.6931471792553048,Binary entropy is monotone-equivalent to classifier margin.,null,null,null,null,null,null,null,null,null,null,null,null
ackley,fixed_iso_gpc,classifier_entropy,classifier_entropy,1,59,70,71,1169,0.2651713321975411,False,True,True,1143,0.5000443064198798,0.9999113871602403,0.6931471766338277,Binary entropy is monotone-equivalent to classifier margin.,null,null,null,null,null,null,null,null,null,null,null,null
ackley,fixed_iso_gpc,classifier_entropy,classifier_entropy,1,60,71,72,528,0.6329761954960329,False,False,False,517,0.499955646392657,0.999911292785314,0.6931471766254603,Binary entropy is monotone-equivalent to classifier margin.,null,null,null,null,null,null,null,null,null,null,null,null
ackley,fixed_iso_gpc,classifier_entropy,classifier_entropy,1,61,72,73,2564,0.12422384057190072,True,True,True,2511,0.4999904883583597,0.9999809767167194,0.6931471803790026,Binary entropy is monotone-equivalent to classifier margin.,null,null,null,null,null,null,null,null,null,null,null,null
ackley,fixed_iso_gpc,classifier_entropy,classifier_entropy,1,62,73,74,1010,0.9777593458931655,False,False,False,987,0.4999336130473807,0.9998672260947614,0.6931471717454902,Binary entropy is monotone-equivalent to classifier margin.,null,null,null,null,null,null,null,null,null,null,null,null
ackley,fixed_iso_gpc,classifier_entropy,classifier_entropy,1,63,74,75,624,0.8203090362791485,False,False,False,611,0.4999101596162974,0.9998203192325948,0.6931471644173561,Binary entropy is monotone-equivalent to classifier margin.,null,null,null,null,null,null,null,null,null,null,null,null
ackley,fixed_iso_gpc,classifier_entropy,classifier_entropy,1,64,75,76,1854,0.859874813909494,False,False,False,1808,0.49995385793605285,0.9999077158721057,0.6931471763017651,Binary entropy is monotone-equivalent to classifier margin.,null,null,null,null,null,null,null,null,null,null,null,null
ackley,fixed_iso_gpc,classifier_entropy,classifier_entropy,1,65,76,77,3516,0.5132540195781665,False,False,True,3449,0.5000908891015704,0.9998182217968592,0.6931471640382876,Binary entropy is monotone-equivalent to classifier margin.,null,null,null,null,null,null,null,null,null,null,null,null
ackley,fixed_iso_gpc,classifier_entropy,classifier_entropy,1,66,77,78,764,1.3196518430494297,False,False,False,747,0.4999836289720343,0.9999672579440686,0.6931471800239242,Binary entropy is monotone-equivalent to classifier margin.,null,null,null,null,null,null,null,null,null,null,null,null
ackley,fixed_iso_gpc,classifier_entropy,classifier_entropy,1,67,78,79,253,0.25439988390181156,False,True,True,246,0.5000010332283269,0.9999979335433462,0.6931471805578102,Binary entropy is monotone-equivalent to classifier margin.,null,null,null,null,null,null,null,null,null,null,null,null
ackley,fixed_iso_gpc,classifier_entropy,classifier_entropy,1,68,79,80,3751,1.9187346105866485,False,False,False,3678,0.4999969701538702,0.9999939403077404,0.6931471805415854,Binary entropy is monotone-equivalent to classifier margin.,null,null,null,null,null,null,null,null,null,null,null,null
ackley,fixed_iso_gpc,classifier_gated_diversity,classifier_gated_diversity,1,1,12,13,947,3.0476879781415036,False,False,False,945,0.49981338484993554,0.9996267696998711,0.6931471109095153,null,0.1,25,399,0.5,22,0.9515410219085122,0.8876479686928985,1.0,0.975770510954256,null,null,null
ackley,fixed_iso_gpc,classifier_gated_diversity,classifier_gated_diversity,1,2,13,14,2684,2.452001375867118,False,False,False,2672,0.5001540517170253,0.9996918965659494,0.6931471330960814,null,0.1,25,399,0.5,15,0.9718610297979908,0.6720092104510544,0.8001496544409954,0.8860053421194931,null,null,null
ackley,fixed_iso_gpc,classifier_gated_diversity,classifier_gated_diversity,1,3,14,15,2670,2.8371834217243332,False,False,False,2658,0.4992924371527483,0.9985848743054966,0.6931461792692455,null,0.1,25,399,0.5,39,0.8761395396624807,0.7282860110536854,0.9039344860292489,0.8900370128458648,null,null,null
ackley,fixed_iso_gpc,classifier_gated_diversity,classifier_gated_diversity,1,4,15,16,3930,2.82487445346219,False,False,False,3915,0.5015600358816719,0.9968799282366563,0.6931423131281438,null,0.1,25,399,0.5,76,0.7627272293962822,0.7803770506765999,1.0,0.8813636146981412,null,null,null
ackley,fixed_iso_gpc,classifier_gated_diversity,classifier_gated_diversity,1,5,16,17,3313,1.862019792188173,False,False,False,3298,0.49967572032563157,0.9993514406512631,0.6931469702453161,null,0.1,25,399,0.5,7,0.9549292021864914,0.6398333646348054,0.8324686315110669,0.8936989168487791,null,null,null
ackley,fixed_iso_gpc,classifier_gated_diversity,classifier_gated_diversity,1,6,17,18,1024,1.4176065587663942,False,False,False,1020,0.5004545531977184,0.9990908936045633,0.6931467673226692,null,0.1,25,399,0.5,23,0.9377402854150124,0.6475331890993453,0.8805472190172164,0.9091437522161144,null,null,null
ackley,fixed_iso_gpc,classifier_gated_diversity,classifier_gated_diversity,1,7,18,19,632,3.039799458990842,False,False,False,632,0.4990442205258385,0.998088441051677,0.6931453535300262,null,0.1,25,399,0.5,29,0.9014238626752887,0.5931243743647725,0.7830107501501009,0.8422173064126948,null,null,null
ackley,fixed_iso_gpc,classifier_gated_diversity,classifier_gated_diversity,1,8,19,20,813,1.4939979351851385,False,False,False,811,0.5000632268192895,0.999873546361421,0.6931471725646839,null,0.1,25,399,0.5,2,0.9971932699891617,0.5362303468964138,0.6628225889831765,0.8300079294861691,null,null,null
ackley,fixed_iso_gpc,classifier_gated_diversity,classifier_gated_diversity,1,9,20,21,249,3.399101958375393,False,False,False,249,0.503428079675933,0.9931438406481341,0.6931236769152752,null,0.1,25,398,0.5,115,0.6810217351511447,0.6897470723839919,0.9871253983594487,0.8340735667552968,null,null,null
ackley,fixed_iso_gpc,classifier_gated_diversity,classifier_gated_diversity,1,10,21,22,203,1.4783103410637217,False,False,False,203,0.49886018371650653,0.9977203674330131,0.6931445821953746,null,0.1,25,398,0.5,33,0.9025562073169741,0.5078734036841789,0.9039102238863884,0.9032332156016812,null,null,null
ackley,fixed_iso_gpc,classifier_gated_diversity,classifier_gated_diversity,1,11,22,23,376,2.417400237243019,False,False,False,374,0.4998920025457474,0.9997840050914948,0.693147157233045,null,0.1,25,398,0.5,3,0.9947284623687315,0.45858834698903705,0.7983134259401384,0.896520944154435,null,null,null
ackley,fixed_iso_gpc,classifier_gated_diversity,classifier_gated_diversity,1,12,23,24,1465,4.9151201062645224,False,False,False,1454,0.500319231621533,0.999361536756934,0.6931469767422751,null,0.1,25,398,0.5,4,0.9817423476224332,0.4486810442715176,0.7870752405723954,0.8844087940974144,null,null,null
ackley,fixed_iso_gpc,classifier_gated_diversity,classifier_gated_diversity,1,13,24,25,1829,3.351665991605774,False,False,False,1816,0.5003393881831211,0.9993212236337579,0.6931469501912499,null,0.1,25,398,0.5,16,0.9705612286957122,0.4644328586005874,0.822990206042852,0.8967757173692821,null,null,null
ackley,fixed_iso_gpc,classifier_gated_diversity,classifier_gated_diversity,1,14,25,26,3064,0.8811692919540466,False,False,False,3041,0.5000454665674899,0.9999090668650201,0.6931471764255277,null,0.1,25,398,0.5,6,0.9958396158765466,0.5025004130602533,1.0,0.9979198079382733,null,null,null
ackley,fixed_iso_gpc,classifier_gated_diversity,classifier_gated_diversity,1,15,26,27,1294,2.040499174542136,False,False,False,1283,0.5002409682782888,0.9995180634434224,0.6931470644285185,null,0.1,25,398,0.5,6,0.9713717230170571,0.46679344219470553,0.9095189593329183,0.9404453411749877,null,null,null
ackley,fixed_iso_gpc,classifier_gated_diversity,classifier_gated_diversity,1,16,27,28,493,0.4628171858303638,False,False,True,490,0.5000850933476215,0.999829813304757,0.6931471660781896,null,0.1,25,398,0.5,2,0.9910811933094903,0.45297103046661924,0.9384136076576186,0.9647474004835545,null,null,null
ackley,fixed_iso_gpc,classifier_gated_diversity,classifier_gated_diversity,1,17,28,29,737,0.9126607886596503,False,False,False,732,0.4998919129640256,0.9997838259280512,0.6931471571943304,null,0.1,25,398,0.5,5,0.9881475101738939,0.4706535173949455,0.9740042611865861,0.98107588568024,null,null,null
ackley,fixed_iso_gpc,classifier_gated_diversity,classifier_gated_diversity,1,18,29,30,980,4.46081991240869,False,False,False,969,0.5004593565438258,0.9990812869123484,0.6931467585430172,null,0.1,25,398,0.5,15,0.9537363991916521,0.41353553881221383,0.8330655029540815,0.8934009510728669,null,null,null
ackley,fixed_iso_gpc,classifier_gated_diversity,classifier_gated_diversity,1,19,30,31,6,0.28396721467481534,False,True,True,6,0.4996350126387473,0.9992700252774946,0.6931469141283739,null,0.1,25,397,0.5,11,0.9578919755646147,0.4436100935371556,0.942760499401432,0.9503262374830234,null,null,null
ackley,fixed_iso_gpc,classifier_gated_diversity,classifier_gated_diversity,1,20,31,32,2765,0.8842947385292668,False,False,False,2737,0.5001574045867513,0.9996851908264974,0.6931471310075366,null,0.1,25,397,0.5,6,0.9843595284193501,0.3969127444154595,0.7889859565141571,0.8866727424667536,null,null,null
ackley,fixed_iso_gpc,classifier_gated_diversity,classifier_gated_diversity,1,21,32,33,3017,1.6307519895393874,False,False,False,2988,0.5012667167002438,0.9974665665995124,0.6931439714141151,null,0.1,25,397,0.5,45,0.8761664779816767,0.43942577855425374,0.9316832767742369,0.9039248773779568,null,null,null
ackley,fixed_iso_gpc,classifier_gated_diversity,classifier_gated_diversity,1,22,33,34,1243,1.113918419723145,False,False,False,1228,0.49981410492859774,0.9996282098571955,0.6931471114459886,null,0.1,25,397,0.5,6,0.9826830070901078,0.39516086593560784,0.8274735936196036,0.9050783003548557,null,null,null
ackley,fixed_iso_gpc,classifier_gated_diversity,classifier_gated_diversity,1,23,34,35,3830,1.7901809565207838,False,False,False,3797,0.4980507788126305,0.996101557625261,0.6931395816142227,null,0.1,25,397,0.5,80,0.79449263876293,0.4386054603188406,0.9218815423036727,0.8581870905333013,null,null,null
ackley,fixed_iso_gpc,classifier_gated_diversity,classifier_gated_diversity,1,24,35,36,3027,0.7982897004197103,False,False,False,2996,0.5007927660162734,0.9984144679674531,0.6931459236035056,null,0.1,25,397,0.5,34,0.918767307528119,0.4090084443988507,0.8219821663003679,0.8703747369142434,null,null,null
ackley,fixed_iso_gpc,classifier_gated_diversity,classifier_gated_diversity,1,25,36,37,1727,1.7312735916004502,False,False,False,1709,0.5004225034691924,0.9991549930616153,0.6931468235415399,null,0.1,25,397,0.5,23,0.9576579211557553,0.4398752370179045,0.9204365423761371,0.9390472317659462,null,null,null
ackley,fixed_iso_gpc,classifier_gated_diversity,classifier_gated_diversity,1,26,37,38,656,1.76738344850569,False,False,False,650,0.5013041105325549,0.9973917789348903,0.6931437791475266,null,0.1,25,397,0.5,48,0.863891407250473,0.413802226336156,0.8485646657699476,0.8562280365102103,null,null,null
ackley,fixed_iso_gpc,classifier_gated_diversity,classifier_gated_diversity,1,27,38,39,3091,1.3134719360193028,False,False,False,3056,0.4986765937711177,0.9973531875422355,0.6931436777477622,null,0.1,25,397,0.5,49,0.8684620334086313,0.4187559944655132,0.8642105152721643,0.8663362743403977,null,null,null
ackley,fixed_iso_gpc,classifier_gated_diversity,classifier_gated_diversity,1,28,39,40,3679,0.34488195108404085,False,True,True,3642,0.5002423395508804,0.9995153208982392,0.6931470631030249,null,0.1,25,397,0.5,6,0.9792893085306742,0.3734771681495144,0.736374802150667,0.8578320553406706,null,null,null
ackley,fixed_iso_gpc,classifier_gated_diversity,classifier_gated_diversity,1,29,40,41,1449,0.49602576648929997,False,False,True,1431,0.5000300921412391,0.9999398157175219,0.6931471787488713,null,0.1,25,396,0.5,0,1.0,0.36654651815470735,0.6993134939304715,0.8496567469652357,null,null,null
ackley,fixed_iso_gpc,classifier_gated_diversity,classifier_gated_diversity,1,30,41,42,3514,0.06284582695102614,True,True,True,3476,0.5000353719281458,0.9999292561437083,0.6931471780575987,null,0.1,25,396,0.5,2,0.9995215950577288,0.364952943586176,0.717090807036139,0.8583062010469339,null,null,null
ackley,fixed_iso_gpc,classifier_gated_diversity,classifier_gated_diversity,1,31,42,43,1059,0.16328162066839447,True,True,True,1044,0.5001925224794688,0.9996149550410625,0.6931471064301333,null,0.1,25,396,0.5,4,0.9852195590971063,0.37697502398491584,0.7522279839441659,0.8687237715206362,null,null,null
ackley,fixed_iso_gpc,classifier_gated_diversity,classifier_gated_diversity,1,32,43,44,3579,1.5151676021830909,False,False,False,3539,0.49688448852852485,0.9937689770570497,0.6931277676108664,null,0.1,25,396,0.5,122,0.7227606469219424,0.43830014072856754,0.9366751706101765,0.8297179087660594,null,null,null
ackley,fixed_iso_gpc,classifier_gated_diversity,classifier_gated_diversity,1,33,44,45,2305,2.893863652710426,False,False,False,2275,0.5009335483525126,0.9981329032949748,0.6931454375338797,null,0.1,25,396,0.5,39,0.9215670899336991,0.37598869630802373,0.7684034187669684,0.8449852543503338,null,null,null
ackley,fixed_iso_gpc,classifier_gated_diversity,classifier_gated_diversity,1,34,45,46,2377,4.5312818917162705,False,False,False,2346,0.49996860966891804,0.9999372193378361,0.6931471785892396,null,0.1,25,396,0.5,0,1.0,0.3622060426615345,0.7311834297952751,0.8655917148976375,null,null,null
ackley,fixed_iso_gpc,classifier_gated_diversity,classifier_gated_diversity,1,35,46,47,821,1.9384548023958317,False,False,False,811,0.4994419370224008,0.9988838740448016,0.693146557691242,null,0.1,25,396,0.5,25,0.9504071896421693,0.35634550955637645,0.6985826807114911,0.8244949351768303,null,null,null
ackley,fixed_iso_gpc,classifier_gated_diversity,classifier_gated_diversity,1,36,47,48,1426,0.7056645715421794,False,False,False,1406,0.4994040763989718,0.9988081527979435,0.6931464703099006,null,0.1,25,396,0.5,26,0.9508500953535146,0.3669844214034737,0.9505512456853165,0.9507006705194155,null,null,null
ackley,fixed_iso_gpc,classifier_gated_diversity,classifier_gated_diversity,1,37,48,49,3381,3.00875379790471,False,False,False,3338,0.5000400991642777,0.9999198016714446,0.6931471773440594,null,0.1,25,396,0.5,2,0.9973390770371224,0.3398145786308067,0.7208814041870906,0.8591102406121065,null,null,null
ackley,fixed_iso_gpc,classifier_gated_diversity,classifier_gated_diversity,1,38,49,50,516,0.24900359811701378,False,True,True,511,0.49993371769630063,0.9998674353926013,0.6931471717732577,null,0.1,25,396,0.5,2,0.994880403253747,0.3295671241602854,0.6884472050434682,0.8416638041486076,null,null,null
ackley,fixed_iso_gpc,classifier_gated_diversity,classifier_gated_diversity,1,39,50,51,3296,0.31302073998169,False,True,True,3253,0.4985070614750513,0.9970141229501026,0.6931427228224429,null,0.1,25,395,0.5,51,0.8638832612440617,0.37348960301905665,0.9604374683151303,0.912160364779596,null,null,null
ackley,fixed_iso_gpc,classifier_gated_diversity,classifier_gated_diversity,1,40,51,52,3797,0.11124972713675163,True,True,True,3748,0.49929375055710956,0.9985875011142191,0.6931461829830624,null,0.1,25,395,0.5,21,0.9326088017177467,0.33312818231146474,0.8485267971231332,0.89056779942044,null,null,null
ackley,fixed_iso_gpc,classifier_gated_diversity,classifier_gated_diversity,1,41,52,53,1363,0.4623484950346395,False,False,True,1342,0.4984046251464078,0.9968092502928156,0.6931420901094608,null,0.1,25,395,0.5,49,0.8478465939293499,0.3570429243602942,0.8543036323258199,0.8510751131275849,null,null,null
ackley,fixed_iso_gpc,classifier_gated_diversity,classifier_gated_diversity,1,42,53,54,2605,1.431194995819654,False,False,False,2569,0.5004845701591608,0.9990308596816784,0.6931467109433935,null,0.1,25,395,0.5,17,0.9585011674008995,0.32697344757851754,0.7559274804697468,0.8572143239353232,null,null,null
ackley,fixed_iso_gpc,classifier_gated_diversity,classifier_gated_diversity,1,43,54,55,1847,0.20479452247226781,True,True,True,1817,0.5005348311625107,0.9989303376749785,0.6931466084710914,null,0.1,25,395,0.5,23,0.9495522474319513,0.35609267222476637,0.8510930940720507,0.900322670752001,null,null,null
ackley,fixed_iso_gpc,classifier_gated_diversity,classifier_gated_diversity,1,44,55,56,1009,0.1908900829294904,True,True,True,993,0.4996973445146373,0.9993946890292746,0.6931469973592485,null,0.1,25,395,0.5,15,0.9714594966836666,0.3143000278627192,0.7799130716166579,0.8756862841501623,null,null,null
ackley,fixed_iso_gpc,classifier_gated_diversity,classifier_gated_diversity,1,45,56,57,3569,1.036763444706926,False,False,False,3518,0.49937024531448215,0.9987404906289643,0.6931463873778076,null,0.1,25,395,0.5,25,0.9426955893224241,0.3279170639893482,0.8306179829700355,0.8866567861462298,null,null,null
ackley,fixed_iso_gpc,classifier_gated_diversity,classifier_gated_diversity,1,46,57,58,1021,1.1942253422082665,False,False,False,1004,0.500067609363404,0.999864781273192,0.6931471714178932,null,0.1,25,395,0.5,1,0.9984428654726737,0.30443652092602763,0.7455929097186539,0.8720178875956638,null,null,null
ackley,fixed_iso_gpc,classifier_gated_diversity,classifier_gated_diversity,1,47,58,59,3931,0.6165679640133863,False,False,True,3873,0.5000625942869791,0.9998748114260418,0.6931471727238557,null,0.1,25,395,0.5,0,1.0,0.37203868913172067,0.9971939129350671,0.9985969564675335,null,null,null
ackley,fixed_iso_gpc,classifier_gated_diversity,classifier_gated_diversity,1,48,59,60,3158,1.2923509448818429,False,False,False,3110,0.5005041941865827,0.9989916116268347,0.6931466721363035,null,0.1,25,395,0.5,15,0.9553421233465564,0.3365305959868446,0.8668974699861643,0.9111197966663604,null,null,null
ackley,fixed_iso_gpc,classifier_gated_diversity,classifier_gated_diversity,1,49,60,61,2533,0.27500647529790534,False,True,True,2494,0.5004210011303758,0.9991579977392484,0.6931468260759999,null,0.1,25,394,0.5,15,0.9615397928218761,0.35679975466385255,0.8091603481212194,0.8853500704715478,null,null,null
ackley,fixed_iso_gpc,classifier_gated_diversity,classifier_gated_diversity,1,50,61,62,2971,1.9108922290487929,False,False,False,2926,0.5006499279991046,0.9987001440017909,0.6931463357468994,null,0.1,25,394,0.5,25,0.9419815559438806,0.40508459809837666,0.9641640697735713,0.9530728128587259,null,null,null
ackley,fixed_iso_gpc,classifier_gated_diversity,classifier_gated_diversity,1,51,62,63,591,0.5265696197267893,False,False,True,585,0.5033764288660576,0.9932471422678848,0.6931243798428788,null,0.1,25,394,0.5,127,0.6894340196770964,0.4163782351606967,1.0,0.8447170098385481,null,null,null
ackley,fixed_iso_gpc,classifier_gated_diversity,classifier_gated_diversity,1,52,63,64,3939,1.406182800976584,False,False,False,3876,0.5010186395742335,0.9979627208515329,0.6931451053053453,null,0.1,25,394,0.5,28,0.912273625666175,0.3436661561818905,0.8937643795603438,0.9030190026132594,null,null,null
ackley,fixed_iso_gpc,classifier_gated_diversity,classifier_gated_diversity,1,53,64,65,109,0.16598997874599952,True,True,True,108,0.49987907474741755,0.9997581494948351,0.6931471513141116,null,0.1,25,394,0.5,5,0.9892528736463941,0.31976199376327064,0.8066087877137494,0.8979308306800717,null,null,null
ackley,fixed_iso_gpc,classifier_gated_diversity,classifier_gated_diversity,1,54,65,66,3542,0.8258250525886357,False,False,False,3485,0.4987699364354352,0.9975398728708704,0.6931441544441471,null,0.1,25,394,0.5,41,0.8894964407036356,0.36927922254468204,0.9871507077973187,0.9383235742504772,null,null,null
ackley,fixed_iso_gpc,classifier_gated_diversity,classifier_gated_diversity,1,55,66,67,1765,1.73787241961195,False,False,False,1735,0.49988082451980054,0.9997616490396011,0.6931471521543549,null,0.1,25,394,0.5,5,0.9908032665161057,0.32947757443168113,0.8420322076378489,0.9164177370769773,null,null,null
ackley,fixed_iso_gpc,classifier_gated_diversity,classifier_gated_diversity,1,56,67,68,2245,1.0827248995511844,False,False,False,2207,0.5001894899728692,0.9996210200542617,0.693147108747044,null,0.1,25,394,0.5,7,0.9877555807107431,0.3112809271023953,0.7756864583146135,0.8817210195126783,null,null,null
ackley,fixed_iso_gpc,classifier_gated_diversity,classifier_gated_diversity,1,57,68,69,166,0.3785452423041846,False,True,True,164,0.49977955712670985,0.9995591142534197,0.6931470833698214,null,0.1,25,394,0.5,3,0.9910689094253864,0.3330603863731982,0.8550952922073686,0.9230821008163774,null,null,null
ackley,fixed_iso_gpc,classifier_gated_diversity,classifier_gated_diversity,1,58,69,70,2566,0.6113325289193572,False,False,True,2521,0.5004359946690147,0.9991280106619707,0.6931468003771943,null,0.1,25,394,0.5,16,0.962804743869332,0.32338220791998323,0.8198082423490616,0.8913064931091967,null,null,null
ackley,fixed_iso_gpc,classifier_gated_diversity,classifier_gated_diversity,1,59,70,71,2883,0.41510245672111523,False,True,True,2832,0.4996784977166234,0.9993569954332469,0.6931469738324947,null,0.1,25,393,0.5,13,0.9727859167383235,0.33616148576025945,0.8664020323357701,0.9195939745370467,null,null,null
ackley,fixed_iso_gpc,classifier_gated_diversity,classifier_gated_diversity,1,60,71,72,931,0.8326141490801771,False,False,False,915,0.50254037187349,0.99491925625302,0.6931342735259034,null,0.1,25,393,0.5,94,0.7847126057994979,0.34904305251481504,0.9133687720501134,0.8490406889248057,null,null,null
ackley,fixed_iso_gpc,classifier_gated_diversity,classifier_gated_diversity,1,61,72,73,3856,1.2920466325627515,False,False,False,3787,0.5001622629656519,0.9996754740686962,0.6931471279014043,null,0.1,25,393,0.5,7,0.9872728929197313,0.3364108111389424,0.7749573787593669,0.881115135839549,null,null,null
ackley,fixed_iso_gpc,classifier_gated_diversity,classifier_gated_diversity,1,62,73,74,1785,0.1330989505698117,True,True,True,1752,0.5009252140182301,0.9981495719635398,0.6931454685170092,null,0.1,25,393,0.5,27,0.9223749195321499,0.35255811015411354,0.9396371836755069,0.9310060516038283,null,null,null
ackley,fixed_iso_gpc,classifier_gated_diversity,classifier_gated_diversity,1,63,74,75,46,1.487212748500756,False,False,False,45,0.49995055208629613,0.9999011041725923,0.6931471756697529,null,0.1,25,393,0.5,3,0.9975181430833615,0.28718532488809795,0.7105093378281419,0.8540137404557517,null,null,null
ackley,fixed_iso_gpc,classifier_gated_diversity,classifier_gated_diversity,1,64,75,76,1232,0.33457679412318697,False,True,True,1206,0.500830979721945,0.99833804055611,0.693145799504713,null,0.1,25,393,0.5,21,0.9322306907201102,0.31660933607737957,0.8147794184532577,0.873505054586684,null,null,null
ackley,fixed_iso_gpc,classifier_gated_diversity,classifier_gated_diversity,1,65,76,77,1491,1.3361532610369355,False,False,False,1458,0.49993670371019483,0.9998734074203897,0.6931471725471047,null,0.1,25,393,0.5,0,1.0,0.29484896910237984,0.7376670490920794,0.8688335245460397,null,null,null
ackley,fixed_iso_gpc,classifier_gated_diversity,classifier_gated_diversity,1,66,77,78,1334,0.7117211289059568,False,False,False,1305,0.4991395692860465,0.998279138572093,0.6931456998771874,null,0.1,25,393,0.5,22,0.9366032206381172,0.28725996059357684,0.8198636673546801,0.8782334439963986,null,null,null
ackley,fixed_iso_gpc,classifier_gated_diversity,classifier_gated_diversity,1,67,78,79,3909,0.06085797557528494,True,True,True,3834,0.4997224799521919,0.9994449599043838,0.6931470265251836,null,0.1,25,393,0.5,9,0.9780965864656909,0.2836702031794456,0.8042690846574287,0.8911828355615599,null,null,null
ackley,fixed_iso_gpc,classifier_gated_diversity,classifier_gated_diversity,1,68,79,80,232,0.064835218824701,True,True,True,227,0.5022699904727341,0.9954600190545317,0.6931368748110498,null,0.1,25,393,0.5,79,0.8249416566146742,0.31829936857040075,0.9599488149294753,0.8924452357720747,null,null,null
ackley,fixed_iso_gpc,classifier_uncertainty_repulsion,classifier_uncertainty_repulsion,1,1,12,13,1753,1.7191052482738005,False,False,False,1749,0.500007476818568,0.9999850463628639,0.6931471804481397,null,0.1,25,399,null,0,1.0,null,null,0.9995446137620618,0.15,0.5884270626941199,0.9995446137620618
ackley,fixed_iso_gpc,classifier_uncertainty_repulsion,classifier_uncertainty_repulsion,1,2,13,14,1140,1.4728183374260606,False,False,False,1137,0.5000009282541642,0.9999981434916716,0.693147180558222,null,0.1,25,399,null,0,1.0,null,null,0.9999299535186452,0.15,0.6561141808185377,0.9999299535186452
ackley,fixed_iso_gpc,classifier_uncertainty_repulsion,classifier_uncertainty_repulsion,1,3,14,15,2143,1.137936847783246,False,False,False,2132,0.4999486509229911,0.9998973018459822,0.69314717528649,null,0.1,25,399,null,1,0.9997280479915479,null,null,0.9995637182409219,0.15,0.6261799716112986,0.9998356255474116
ackley,fixed_iso_gpc,classifier_uncertainty_repulsion,classifier_uncertainty_repulsion,1,4,15,16,3892,1.6492849577361888,False,False,False,3877,0.49995492800330427,0.9999098560066085,0.6931471764969754,null,0.1,25,399,null,2,0.9960218517480708,null,null,0.9954142323797782,0.15,0.5771385555549271,0.9993899537773934
ackley,fixed_iso_gpc,classifier_uncertainty_repulsion,classifier_uncertainty_repulsion,1,5,16,17,2025,1.41504325062761,False,False,False,2014,0.5000104929434527,0.9999790141130946,0.6931471803397415,null,0.1,25,399,null,0,1.0,null,null,0.9911378624222973,0.15,0.46115998058047075,0.9911378624222973
ackley,fixed_iso_gpc,classifier_uncertainty_repulsion,classifier_uncertainty_repulsion,1,6,17,18,249,3.399101958375393,False,False,False,249,0.49992955286479784,0.9998591057295957,0.6931471706343475,null,0.1,25,399,null,2,0.9953743199795646,null,null,0.9952212091936625,0.15,0.6285595101783014,0.9998461776812715
ackley,fixed_iso_gpc,classifier_uncertainty_repulsion,classifier_uncertainty_repulsion,1,7,18,19,839,0.971628431028698,False,False,False,837,0.5000366373684727,0.9999267252630546,0.6931471778753517,null,0.1,25,399,null,1,0.9977262078715783,null,null,0.9913472204870711,0.15,0.47682400198289754,0.9936064750688315
ackley,fixed_iso_gpc,classifier_uncertainty_repulsion,classifier_uncertainty_repulsion,1,8,19,20,791,0.6104843615432056,False,False,True,789,0.4998942260559299,0.9997884521118598,0.6931471581836907,null,0.1,25,399,null,5,0.9892377624567573,null,null,0.9882176450047696,0.15,0.5562964697949647,0.99896878436034
ackley,fixed_iso_gpc,classifier_uncertainty_repulsion,classifier_uncertainty_repulsion,1,9,20,21,38,0.5098818862308452,False,False,True,38,0.4999201195183898,0.9998402390367797,0.6931471677981625,null,0.1,25,398,null,2,0.9905491108069148,null,null,0.961628367283209,0.15,0.3987687491624372,0.9708033219068295
ackley,fixed_iso_gpc,classifier_uncertainty_repulsion,classifier_uncertainty_repulsion,1,10,21,22,2185,3.1826310505980775,False,False,False,2168,0.5003411188683314,0.9993177622633371,0.6931469478357626,null,0.1,25,398,null,7,0.9726311098144134,null,null,0.971813068936287,0.15,0.5644804278626153,0.9991589402499347
ackley,fixed_iso_gpc,classifier_uncertainty_repulsion,classifier_uncertainty_repulsion,1,11,22,23,2268,2.40848286851851,False,False,False,2249,0.5000472868941259,0.9999054262117482,0.6931471760878446,null,0.1,25,398,null,1,0.9988339098095904,null,null,0.9679251102815323,0.15,0.3954739455166754,0.9690551159462034
ackley,fixed_iso_gpc,classifier_uncertainty_repulsion,classifier_uncertainty_repulsion,1,12,23,24,1209,1.3723774944770426,False,False,False,1200,0.4999960226298645,0.999992045259729,0.6931471805283064,null,0.1,25,398,null,0,1.0,null,null,0.9851264056371343,0.15,0.435163822361809,0.9851264056371343
ackley,fixed_iso_gpc,classifier_uncertainty_repulsion,classifier_uncertainty_repulsion,1,13,24,25,3381,3.00875379790471,False,False,False,3358,0.4999304766730229,0.9998609533460459,0.6931471708929593,null,0.1,25,398,null,1,0.9933137344075958,null,null,0.9799955495985335,0.15,0.44049543482517306,0.9865921668575285
ackley,fixed_iso_gpc,classifier_uncertainty_repulsion,classifier_uncertainty_repulsion,1,14,25,26,2693,1.9731282362979243,False,False,False,2671,0.4999691355031935,0.999938271006387,0.693147178654711,null,0.1,25,398,null,3,0.9967911434773002,null,null,0.989781761179704,0.15,0.4723114711169758,0.9929680531940281
ackley,fixed_iso_gpc,classifier_uncertainty_repulsion,classifier_uncertainty_repulsion,1,15,26,27,3751,1.9187346105866485,False,False,False,3726,0.5001285864594084,0.9997428270811832,0.6931471474909898,null,0.1,25,398,null,5,0.9848201486910885,null,null,0.9755898603093806,0.15,0.458419669528632,0.9906274375133615
ackley,fixed_iso_gpc,classifier_uncertainty_repulsion,classifier_uncertainty_repulsion,1,16,27,28,3450,0.9574524946354401,False,False,False,3425,0.5000449857369739,0.9999100285260523,0.6931471765125122,null,0.1,25,398,null,6,0.9945068101129942,null,null,0.9839359989171821,0.15,0.45220213199906467,0.9893708005935011
ackley,fixed_iso_gpc,classifier_uncertainty_repulsion,classifier_uncertainty_repulsion,1,17,28,29,1517,0.12791582862822715,True,True,True,1507,0.5000814143236705,0.999837171352659,0.6931471673033611,null,0.1,25,398,null,6,0.9907863963721792,null,null,0.9736241020361439,0.15,0.42721222840534834,0.9826781086227303
ackley,fixed_iso_gpc,classifier_uncertainty_repulsion,classifier_uncertainty_repulsion,1,18,29,30,3709,0.8547080882095237,False,False,False,3682,0.49983164297950394,0.9996632859590079,0.6931471238717715,null,0.1,25,398,null,6,0.9786199701110718,null,null,0.9484688055159266,0.15,0.3957226208323398,0.969190119233186
ackley,fixed_iso_gpc,classifier_uncertainty_repulsion,classifier_uncertainty_repulsion,1,19,30,31,3099,0.5197448503892765,False,False,True,3074,0.5001236387981749,0.9997527224036502,0.6931471499868402,null,0.1,25,397,null,8,0.9864500657491385,null,null,0.971301189205809,0.15,0.43350707605139116,0.9846430376262127
ackley,fixed_iso_gpc,classifier_uncertainty_repulsion,classifier_uncertainty_repulsion,1,20,31,32,506,2.367144123530771,False,False,False,504,0.49993336747480777,0.9998667349496155,0.6931471716801585,null,0.1,25,397,null,1,0.9938537002104845,null,null,0.9621314397444782,0.15,0.3937076466176511,0.9680815592281964
ackley,fixed_iso_gpc,classifier_uncertainty_repulsion,classifier_uncertainty_repulsion,1,21,32,33,3620,0.7374155898798449,False,False,False,3591,0.5000154888911167,0.9999690222177666,0.6931471800801339,null,0.1,25,397,null,0,1.0,null,null,0.9882197854019945,0.15,0.4470570710484084,0.9882197854019945
ackley,fixed_iso_gpc,classifier_uncertainty_repulsion,classifier_uncertainty_repulsion,1,22,33,34,1410,0.7112428378455942,False,False,False,1399,0.500084340807393,0.9998313183852141,0.6931471663332016,null,0.1,25,397,null,3,0.9949123166038121,null,null,0.9777841444381504,0.15,0.42753578831273,0.9827842394954667
ackley,fixed_iso_gpc,classifier_uncertainty_repulsion,classifier_uncertainty_repulsion,1,23,34,35,3992,1.277648137123844,False,False,False,3958,0.49957919794063743,0.9991583958812749,0.6931468264111571,null,0.1,25,397,null,15,0.9536519484919342,null,null,0.9254092901383331,0.15,0.39796474125902015,0.9703847316641433
ackley,fixed_iso_gpc,classifier_uncertainty_repulsion,classifier_uncertainty_repulsion,1,24,35,36,1804,1.7429979329279632,False,False,False,1790,0.5004823920359813,0.9990352159280373,0.6931467151557203,null,0.1,25,397,null,14,0.9499504765933922,null,null,0.9140644702724552,0.15,0.38395678057428295,0.9622232872079528
ackley,fixed_iso_gpc,classifier_uncertainty_repulsion,classifier_uncertainty_repulsion,1,25,36,37,1230,1.5466064965967945,False,False,False,1219,0.5000908930011511,0.9998182139976979,0.6931471640368699,null,0.1,25,397,null,0,1.0,null,null,0.9337523378071818,0.15,0.34949389066254727,0.9337523378071818
ackley,fixed_iso_gpc,classifier_uncertainty_repulsion,classifier_uncertainty_repulsion,1,26,37,38,3741,0.18778952101637358,True,True,True,3707,0.4998375010008472,0.9996750020016943,0.6931471277480948,null,0.1,25,397,null,3,0.9858489330539544,null,null,0.9053274902757383,0.15,0.33574407298741177,0.9183227368023036
ackley,fixed_iso_gpc,classifier_uncertainty_repulsion,classifier_uncertainty_repulsion,1,27,38,39,1123,0.7966972255716769,False,False,False,1115,0.49956276692009083,0.9991255338401817,0.6931467982143643,null,0.1,25,397,null,18,0.955137135377495,null,null,0.9040782064547228,0.15,0.36304180499356153,0.9465428292633682
ackley,fixed_iso_gpc,classifier_uncertainty_repulsion,classifier_uncertainty_repulsion,1,28,39,40,3846,1.830570328770584,False,False,False,3809,0.499931959775173,0.999863919550346,0.6931471713010009,null,0.1,25,397,null,5,0.9932482762494013,null,null,0.9560502511305855,0.15,0.38446407432110563,0.9625491168640342
ackley,fixed_iso_gpc,classifier_uncertainty_repulsion,classifier_uncertainty_repulsion,1,29,40,41,3693,3.8148691692802483,False,False,False,3659,0.5000152586135939,0.9999694827728123,0.6931471800942947,null,0.1,25,396,null,0,1.0,null,null,0.933200376295198,0.15,0.3489593134241775,0.933200376295198
ackley,fixed_iso_gpc,classifier_uncertainty_repulsion,classifier_uncertainty_repulsion,1,30,41,42,3027,0.7982897004197103,False,False,False,2997,0.4999761292282886,0.9999522584565772,0.6931471794203179,null,0.1,25,396,null,1,0.9980610065725485,null,null,0.9537325464517102,0.15,0.37435068737251276,0.9555854203010424
ackley,fixed_iso_gpc,classifier_uncertainty_repulsion,classifier_uncertainty_repulsion,1,31,42,43,3068,1.7780901033218743,False,False,False,3037,0.5000744698140056,0.9998510603719888,0.6931471694684388,null,0.1,25,396,null,2,0.9923214821810443,null,null,0.9741650127006622,0.15,0.4243181688619655,0.9817030369629048
ackley,fixed_iso_gpc,classifier_uncertainty_repulsion,classifier_uncertainty_repulsion,1,32,43,44,3254,2.025367375137291,False,False,False,3221,0.5001747840622173,0.9996504318755655,0.6931471194610073,null,0.1,25,396,null,5,0.9834914166813391,null,null,0.9468567542173933,0.15,0.3847793296692908,0.9627503994009785
ackley,fixed_iso_gpc,classifier_uncertainty_repulsion,classifier_uncertainty_repulsion,1,33,44,45,229,0.08046918526420477,True,True,True,228,0.49961704113421057,0.9992340822684211,0.6931468872449309,null,0.1,25,396,null,9,0.9650921435754976,null,null,0.9107618060628049,0.15,0.3598212562258976,0.9437045075184135
ackley,fixed_iso_gpc,classifier_uncertainty_repulsion,classifier_uncertainty_repulsion,1,34,45,46,53,3.338318621232597,False,False,False,52,0.49983507191691684,0.9996701438338337,0.6931471261573992,null,0.1,25,396,null,6,0.9872045166285773,null,null,0.9227951893548468,0.15,0.35047516995457206,0.9347558421899282
ackley,fixed_iso_gpc,classifier_uncertainty_repulsion,classifier_uncertainty_repulsion,1,35,46,47,689,0.8923491365244001,False,False,False,684,0.500356997862969,0.9992860042740619,0.6931469256649754,null,0.1,25,396,null,15,0.9644781735589332,null,null,0.9086347098082825,0.15,0.35805943950095187,0.9420998159610106
ackley,fixed_iso_gpc,classifier_uncertainty_repulsion,classifier_uncertainty_repulsion,1,36,47,48,1445,1.1352594175298272,False,False,False,1428,0.5001147493049264,0.9997705013901472,0.6931471542251391,null,0.1,25,396,null,5,0.9880711360926975,null,null,0.9222885008312112,0.15,0.34917466361745564,0.9334231789002337
ackley,fixed_iso_gpc,classifier_uncertainty_repulsion,classifier_uncertainty_repulsion,1,37,48,49,18,0.11344924539408652,True,True,True,18,0.49993008971571373,0.9998601794314275,0.6931471707850496,null,0.1,25,396,null,1,0.9975533809395043,null,null,0.9442356372997983,0.15,0.363051844544204,0.9465514882125998
ackley,fixed_iso_gpc,classifier_uncertainty_repulsion,classifier_uncertainty_repulsion,1,38,49,50,409,1.036054190153461,False,False,False,404,0.5000230119542659,0.9999539760914682,0.6931471795008453,null,0.1,25,396,null,1,0.99859565200062,null,null,0.889443925754752,0.15,0.31561447536573545,0.8906947711747094
ackley,fixed_iso_gpc,classifier_uncertainty_repulsion,classifier_uncertainty_repulsion,1,39,50,51,3540,0.5347465285979514,False,False,True,3498,0.49963550685967917,0.9992710137193583,0.6931469148494231,null,0.1,25,395,null,7,0.9694825852892003,null,null,0.9011803645748672,0.15,0.34550963869764384,0.9295477590307016
ackley,fixed_iso_gpc,classifier_uncertainty_repulsion,classifier_uncertainty_repulsion,1,40,51,52,1985,1.6403451306200676,False,False,False,1959,0.5005423172912349,0.9989153654175302,0.6931465923437412,null,0.1,25,395,null,16,0.9500877057176786,null,null,0.9175313151776456,0.15,0.3896294753088659,0.9657332787866774
ackley,fixed_iso_gpc,classifier_uncertainty_repulsion,classifier_uncertainty_repulsion,1,41,52,53,744,2.6881880150667516,False,False,False,735,0.5004692486710061,0.9990615026579879,0.6931467401712502,null,0.1,25,395,null,17,0.9556677999931137,null,null,0.9469005316675013,0.15,0.45946961685651283,0.9908260293737263
ackley,fixed_iso_gpc,classifier_uncertainty_repulsion,classifier_uncertainty_repulsion,1,42,53,54,1384,1.339750589069535,False,False,False,1365,0.4999223734878698,0.9998447469757396,0.6931471685081945,null,0.1,25,395,null,0,1.0,null,null,0.9181953749746601,0.15,0.33563963910255123,0.9181953749746601
ackley,fixed_iso_gpc,classifier_uncertainty_repulsion,classifier_uncertainty_repulsion,1,43,54,55,3970,0.9854098942991243,False,False,False,3917,0.4996675607319645,0.999335121463929,0.6931469595281952,null,0.1,25,395,null,11,0.970197074255771,null,null,0.8910787284948971,0.15,0.3358495940908995,0.9184512632945582
ackley,fixed_iso_gpc,classifier_uncertainty_repulsion,classifier_uncertainty_repulsion,1,44,55,56,3529,0.21925652669161622,False,True,True,3484,0.4998759363657085,0.999751872731417,0.6931471497763744,null,0.1,25,395,null,8,0.9891573415120203,null,null,0.920935415128782,0.15,0.34689181718029216,0.9310302582610824
ackley,fixed_iso_gpc,classifier_uncertainty_repulsion,classifier_uncertainty_repulsion,1,45,56,57,3262,1.7658960070030236,False,False,False,3219,0.49982847888673726,0.9996569577734745,0.6931471217209596,null,0.1,25,395,null,7,0.985467348688269,null,null,0.8967871050170486,0.15,0.3291861916670894,0.910011991986076
ackley,fixed_iso_gpc,classifier_uncertainty_repulsion,classifier_uncertainty_repulsion,1,46,57,58,2236,1.2325417303810369,False,False,False,2202,0.5000958188366181,0.9998083623267637,0.6931471621974463,null,0.1,25,395,null,6,0.9927108858257355,null,null,0.8585687765879181,0.15,0.30011545638975096,0.8648729341511772
ackley,fixed_iso_gpc,classifier_uncertainty_repulsion,classifier_uncertainty_repulsion,1,47,58,59,2247,0.17620807977808006,True,True,True,2212,0.4999208951688301,0.9998417903376602,0.6931471680447966,null,0.1,25,395,null,6,0.9927696500332293,null,null,0.9402464028449143,0.15,0.3636838262431451,0.9470942255471277
ackley,fixed_iso_gpc,classifier_uncertainty_repulsion,classifier_uncertainty_repulsion,1,48,59,60,2696,0.4563017719380724,False,False,True,2656,0.49972663500619297,0.9994532700123859,0.6931470311030983,null,0.1,25,395,null,11,0.9810730561997086,null,null,0.8787081755644901,0.15,0.3189116580720009,0.8956602874899655
ackley,fixed_iso_gpc,classifier_uncertainty_repulsion,classifier_uncertainty_repulsion,1,49,60,61,3319,0.4038149078069342,False,True,True,3272,0.5004558839032053,0.9990882321935894,0.6931467648996212,null,0.1,25,394,null,17,0.9608546457952539,null,null,0.8591151756912574,0.15,0.3178731690559636,0.8941156494905724
ackley,fixed_iso_gpc,classifier_uncertainty_repulsion,classifier_uncertainty_repulsion,1,50,61,62,3666,0.9912242188920093,False,False,False,3613,0.500337877270197,0.9993242454596061,0.6931469522378286,null,0.1,25,394,null,11,0.9708152236390796,null,null,0.8789729965005407,0.15,0.32574971800130315,0.9053967996152035
ackley,fixed_iso_gpc,classifier_uncertainty_repulsion,classifier_uncertainty_repulsion,1,51,62,63,2235,0.7707173702667411,False,False,False,2201,0.49978103409293656,0.9995620681858731,0.6931470846678053,null,0.1,25,394,null,8,0.9818343226459687,null,null,0.8545943803402571,0.15,0.3032336697873292,0.8704058929587941
ackley,fixed_iso_gpc,classifier_uncertainty_repulsion,classifier_uncertainty_repulsion,1,52,63,64,3667,0.3449035125874378,False,True,True,3612,0.4999870892989745,0.999974178597949,0.693147180226573,null,0.1,25,394,null,0,1.0,null,null,0.8491634886654997,0.15,0.29175356567126465,0.8491634886654997
ackley,fixed_iso_gpc,classifier_uncertainty_repulsion,classifier_uncertainty_repulsion,1,53,64,65,1121,1.420378861769585,False,False,False,1107,0.4988353939778527,0.9976707879557054,0.6931444679431189,null,0.1,25,394,null,35,0.9044375397925842,null,null,0.8824976051092189,0.15,0.40909071688399384,0.975741901769804
ackley,fixed_iso_gpc,classifier_uncertainty_repulsion,classifier_uncertainty_repulsion,1,54,65,66,444,1.0212461423044186,False,False,False,438,0.5005409483207617,0.9989181033584766,0.6931465953096596,null,0.1,25,394,null,15,0.9587924278139913,null,null,0.8453478860947485,0.15,0.3099132504463676,0.881679768813056
ackley,fixed_iso_gpc,classifier_uncertainty_repulsion,classifier_uncertainty_repulsion,1,55,66,67,3971,0.465801224114756,False,False,True,3906,0.5006653638880676,0.9986692722238648,0.6931462951414769,null,0.1,25,394,null,16,0.9388644823111966,null,null,0.8576151715474887,0.15,0.3318458925740158,0.9134600229378185
ackley,fixed_iso_gpc,classifier_uncertainty_repulsion,classifier_uncertainty_repulsion,1,56,67,68,777,0.10754203907860926,True,True,True,766,0.5000017435702228,0.9999965128595545,0.6931471805538653,null,0.1,25,394,null,0,1.0,null,null,0.9561192656853421,0.15,0.3750767866889216,0.9561192656853421
ackley,fixed_iso_gpc,classifier_uncertainty_repulsion,classifier_uncertainty_repulsion,1,57,68,69,3682,0.20091749966635142,True,True,True,3623,0.5004170080121015,0.9991659839757969,0.6931468327685406,null,0.1,25,394,null,14,0.9630136050912472,null,null,0.9047466364251137,0.15,0.3552836165506193,0.9394951760202674
ackley,fixed_iso_gpc,classifier_uncertainty_repulsion,classifier_uncertainty_repulsion,1,58,69,70,2983,1.4082782515116374,False,False,False,2937,0.499306943414743,0.998613886829486,0.693146219904777,null,0.1,25,394,null,23,0.9427056249944228,null,null,0.8536087196398287,0.15,0.325816399016319,0.90548809406423
ackley,fixed_iso_gpc,classifier_uncertainty_repulsion,classifier_uncertainty_repulsion,1,59,70,71,3834,0.36543828239307174,False,True,True,3769,0.49896936334548303,0.9979387266909661,0.6931450561346136,null,0.1,25,393,null,30,0.9098340285719303,null,null,0.8481751291178804,0.15,0.34802874599422273,0.9322306074319628
ackley,fixed_iso_gpc,classifier_uncertainty_repulsion,classifier_uncertainty_repulsion,1,60,71,72,1323,1.5665169252875693,False,False,False,1301,0.4998436072419501,0.9996872144839002,0.693147131642555,null,0.1,25,393,null,4,0.9874577712613685,null,null,0.8271780845950775,0.15,0.2860412611489123,0.837684515398009
ackley,fixed_iso_gpc,classifier_uncertainty_repulsion,classifier_uncertainty_repulsion,1,61,72,73,1756,0.5328269635290201,False,False,True,1728,0.5011512652488288,0.9976974695023424,0.6931445297342567,null,0.1,25,393,null,29,0.9113822624353586,null,null,0.8356150483466103,0.15,0.3345569513987945,0.9168656038068085
ackley,fixed_iso_gpc,classifier_uncertainty_repulsion,classifier_uncertainty_repulsion,1,62,73,74,3797,0.11124972713675163,True,True,True,3730,0.5004881784524863,0.9990236430950274,0.6931467039234667,null,0.1,25,393,null,9,0.9694622307883588,null,null,0.8178911653070173,0.15,0.2889738941713622,0.8436544914616373
ackley,fixed_iso_gpc,classifier_uncertainty_repulsion,classifier_uncertainty_repulsion,1,63,74,75,3913,1.7199813198833542,False,False,False,3842,0.500171160738535,0.9996576785229301,0.6931471219679473,null,0.1,25,393,null,1,0.9883165368225618,null,null,0.8203506618518728,0.15,0.28240201618007527,0.8300485029718319
ackley,fixed_iso_gpc,classifier_uncertainty_repulsion,classifier_uncertainty_repulsion,1,64,75,76,1161,0.8747842738677107,False,False,False,1142,0.4989813931990734,0.9979627863981468,0.6931451054388802,null,0.1,25,393,null,24,0.9201047199650708,null,null,0.8155927560088382,0.15,0.3128631764423907,0.8864129683410382
ackley,fixed_iso_gpc,classifier_uncertainty_repulsion,classifier_uncertainty_repulsion,1,65,76,77,2725,1.6498485858053957,False,False,False,2676,0.4997711131605348,0.9995422263210696,0.6931470757815711,null,0.1,25,393,null,8,0.9831973135466187,null,null,0.8058990747443773,0.15,0.2776399549505316,0.8196717623620371
ackley,fixed_iso_gpc,classifier_uncertainty_repulsion,classifier_uncertainty_repulsion,1,66,77,78,754,1.223006930445095,False,False,False,743,0.4989233247508533,0.9978466495017067,0.6931448620989693,null,0.1,25,393,null,22,0.9176612098288653,null,null,0.7769921060810437,0.15,0.2905061210774235,0.8467091098096486
ackley,fixed_iso_gpc,classifier_uncertainty_repulsion,classifier_uncertainty_repulsion,1,67,78,79,165,1.2069798318463345,False,False,False,162,0.500344022181367,0.999311955637266,0.693146943857404,null,0.1,25,393,null,16,0.9732786366097145,null,null,0.9058643624384893,0.15,0.346614502597867,0.9307348670406927
ackley,fixed_iso_gpc,classifier_uncertainty_repulsion,classifier_uncertainty_repulsion,1,68,79,80,1412,1.408208153714817,False,False,False,1384,0.4996185320272031,0.9992370640544062,0.6931468895242885,null,0.1,25,393,null,11,0.9701642629774384,null,null,0.8225142300626695,0.15,0.291063439169836,0.8478092437030919
ackley,optimized_iso_gpc,random,random,1,1,12,13,2452,1.061097403346821,False,False,False,2441,0.45248165886934544,0.9049633177386909,0.688624372351293,null,null,null,null,null,null,null,null,null,null,null,null,null
ackley,optimized_iso_gpc,random,random,1,2,13,14,1807,2.6116957929929274,False,False,False,1803,0.7763018054034774,0.44739638919304525,0.5315489504468257,null,null,null,null,null,null,null,null,null,null,null,null,null
ackley,optimized_iso_gpc,random,random,1,3,14,15,107,1.5582355606404246,False,False,False,107,0.694502416641285,0.61099516671743,0.6154506803102562,null,null,null,null,null,null,null,null,null,null,null,null,null
ackley,optimized_iso_gpc,random,random,1,4,15,16,1622,2.209115605085687,False,False,False,1617,0.7011185509899747,0.5977628980200507,0.6099135751299001,null,null,null,null,null,null,null,null,null,null,null,null,null
ackley,optimized_iso_gpc,random,random,1,5,16,17,1959,0.16492409566695265,True,True,True,1949,0.4830756705267589,0.9661513410535179,0.6925742052617804,null,null,null,null,null,null,null,null,null,null,null,null,null
ackley,optimized_iso_gpc,random,random,1,6,17,18,2963,0.27675808904569443,False,True,True,2946,0.6241387412696611,0.7517225174606779,0.6620016092342422,null,null,null,null,null,null,null,null,null,null,null,null,null
ackley,optimized_iso_gpc,random,random,1,7,18,19,2812,1.377424849584914,False,False,False,2795,0.549320902080396,0.9013581958392081,0.6882741571856974,null,null,null,null,null,null,null,null,null,null,null,null,null
ackley,optimized_iso_gpc,random,random,1,8,19,20,2001,1.3123786292499258,False,False,False,1989,0.770351508258841,0.45929698348231796,0.5388512611672098,null,null,null,null,null,null,null,null,null,null,null,null,null
ackley,optimized_iso_gpc,random,random,1,9,20,21,3605,0.9730461270448636,False,False,False,3585,0.4523004028189632,0.9046008056379264,0.6885897498072875,null,null,null,null,null,null,null,null,null,null,null,null,null
ackley,optimized_iso_gpc,random,random,1,10,21,22,2795,2.3129459534436663,False,False,False,2777,0.5149979587402811,0.9700040825194378,0.6926972355396382,null,null,null,null,null,null,null,null,null,null,null,null,null
ackley,optimized_iso_gpc,random,random,1,11,22,23,767,1.1908130071701368,False,False,False,765,0.38325533133982503,0.7665106626796501,0.6656353031196034,null,null,null,null,null,null,null,null,null,null,null,null,null
ackley,optimized_iso_gpc,random,random,1,12,23,24,1304,0.8336279068363392,False,False,False,1298,0.5059125384350285,0.988174923129943,0.6930772627089368,null,null,null,null,null,null,null,null,null,null,null,null,null
ackley,optimized_iso_gpc,random,random,1,13,24,25,938,1.4797102274849188,False,False,False,934,0.370909340397759,0.741818680795518,0.6594378738283091,null,null,null,null,null,null,null,null,null,null,null,null,null
ackley,optimized_iso_gpc,random,random,1,14,25,26,3115,2.999049004134866,False,False,False,3091,0.5674053175353606,0.8651893649292788,0.6840325005939717,null,null,null,null,null,null,null,null,null,null,null,null,null
ackley,optimized_iso_gpc,random,random,1,15,26,27,1297,1.8881090025047929,False,False,False,1290,0.5090696850716832,0.9818606298566337,0.6929826531620601,null,null,null,null,null,null,null,null,null,null,null,null,null
ackley,optimized_iso_gpc,random,random,1,16,27,28,2173,0.2054475909612492,True,True,True,2155,0.556367373394977,0.887265253210046,0.6867790899458626,null,null,null,null,null,null,null,null,null,null,null,null,null
ackley,optimized_iso_gpc,random,random,1,17,28,29,853,1.2296108494285836,False,False,False,850,0.4999278331349398,0.9998556662698797,0.6931471701438324,null,null,null,null,null,null,null,null,null,null,null,null,null
ackley,optimized_iso_gpc,random,random,1,18,29,30,1397,1.8014787286056855,False,False,False,1387,0.49975149691332754,0.9995029938266551,0.6931470570523721,null,null,null,null,null,null,null,null,null,null,null,null,null
ackley,optimized_iso_gpc,random,random,1,19,30,31,381,1.178657983738244,False,False,False,380,0.5047862792645397,0.9904274414709207,0.6931013629217928,null,null,null,null,null,null,null,null,null,null,null,null,null
ackley,optimized_iso_gpc,random,random,1,20,31,32,2210,0.22888590802515907,False,True,True,2188,0.49866953856623253,0.9973390771324651,0.693143640300514,null,null,null,null,null,null,null,null,null,null,null,null,null
ackley,optimized_iso_gpc,random,random,1,21,32,33,953,0.6714799667456166,False,False,False,946,0.4927254196279591,0.9854508392559183,0.6930413377864831,null,null,null,null,null,null,null,null,null,null,null,null,null
ackley,optimized_iso_gpc,random,random,1,22,33,34,892,0.7357970000483736,False,False,False,886,0.5122418789020813,0.9755162421958374,0.6928474234091918,null,null,null,null,null,null,null,null,null,null,null,null,null
ackley,optimized_iso_gpc,random,random,1,23,34,35,2866,0.7547699078104184,False,False,False,2835,0.4847142033305545,0.969428406661109,0.6926797965798388,null,null,null,null,null,null,null,null,null,null,null,null,null
ackley,optimized_iso_gpc,random,random,1,24,35,36,705,0.7702388600694583,False,False,False,703,0.4732678869885305,0.946535773977061,0.691717287166077,null,null,null,null,null,null,null,null,null,null,null,null,null
ackley,optimized_iso_gpc,random,random,1,25,36,37,711,0.34857568832540053,False,True,True,708,0.499352769841634,0.998705539683268,0.6931463427459555,null,null,null,null,null,null,null,null,null,null,null,null,null
ackley,optimized_iso_gpc,random,random,1,26,37,38,1087,0.8965153644904582,False,False,False,1075,0.48343152160663294,0.9668630432132659,0.6925980510856473,null,null,null,null,null,null,null,null,null,null,null,null,null
ackley,optimized_iso_gpc,random,random,1,27,38,39,1948,0.6641576731174172,False,False,False,1926,0.5481887474147413,0.9036225051705173,0.6884956530837036,null,null,null,null,null,null,null,null,null,null,null,null,null
ackley,optimized_iso_gpc,random,random,1,28,39,40,1349,0.9019669646668369,False,False,False,1333,0.5558748364083357,0.8882503271833286,0.6868901246950336,null,null,null,null,null,null,null,null,null,null,null,null,null
ackley,optimized_iso_gpc,random,random,1,29,40,41,524,0.8512695843068965,False,False,False,522,0.5449101616794678,0.9101796766410644,0.6891078937670486,null,null,null,null,null,null,null,null,null,null,null,null,null
ackley,optimized_iso_gpc,random,random,1,30,41,42,1076,0.8987185016892152,False,False,False,1063,0.5522321872676059,0.8955356254647882,0.6876808101010776,null,null,null,null,null,null,null,null,null,null,null,null,null
ackley,optimized_iso_gpc,random,random,1,31,42,43,615,0.8107854287650174,False,False,False,612,0.5455419904250363,0.9089160191499275,0.6889932799526506,null,null,null,null,null,null,null,null,null,null,null,null,null
ackley,optimized_iso_gpc,random,random,1,32,43,44,691,0.7078965140824725,False,False,False,687,0.5505150898672895,0.898969820265421,0.6880349142393174,null,null,null,null,null,null,null,null,null,null,null,null,null
ackley,optimized_iso_gpc,random,random,1,33,44,45,2437,0.4783927910005126,False,False,True,2401,0.5571172772664994,0.8857654454670012,0.6866081483792782,null,null,null,null,null,null,null,null,null,null,null,null,null
ackley,optimized_iso_gpc,random,random,1,34,45,46,829,3.4707950635110407,False,False,False,820,0.5472253596823151,0.9055492806353698,0.6886800556582802,null,null,null,null,null,null,null,null,null,null,null,null,null
ackley,optimized_iso_gpc,random,random,1,35,46,47,2106,5.100540792360695,False,False,False,2073,0.5554590146798262,0.8890819706403477,0.6869831001981688,null,null,null,null,null,null,null,null,null,null,null,null,null
ackley,optimized_iso_gpc,random,random,1,36,47,48,142,1.3309641113658532,False,False,False,141,0.5485732656545679,0.9028534686908642,0.6884210060068192,null,null,null,null,null,null,null,null,null,null,null,null,null
ackley,optimized_iso_gpc,random,random,1,37,48,49,3226,2.065041775038708,False,False,False,3179,0.49967489126716425,0.9993497825343285,0.6931469691685541,null,null,null,null,null,null,null,null,null,null,null,null,null
ackley,optimized_iso_gpc,random,random,1,38,49,50,1115,2.612520592974212,False,False,False,1096,0.5208033981650075,0.9583932036699849,0.6922813679034752,null,null,null,null,null,null,null,null,null,null,null,null,null
ackley,optimized_iso_gpc,random,random,1,39,50,51,259,0.0019683173735831616,True,True,True,257,0.5536039646535897,0.8927920706928205,0.6873893511271139,null,null,null,null,null,null,null,null,null,null,null,null,null
ackley,optimized_iso_gpc,random,random,1,40,51,52,2854,1.3920407151125236,False,False,False,2808,0.46476314672145236,0.9295262934429047,0.6906618492614731,null,null,null,null,null,null,null,null,null,null,null,null,null
ackley,optimized_iso_gpc,random,random,1,41,52,53,3865,1.391690564613583,False,False,False,3813,0.4535689241666603,0.9071378483333206,0.688829272590247,null,null,null,null,null,null,null,null,null,null,null,null,null
ackley,optimized_iso_gpc,random,random,1,42,53,54,2322,0.6793424974698681,False,False,False,2281,0.4610522924534166,0.9221045849068332,0.6901102571653308,null,null,null,null,null,null,null,null,null,null,null,null,null
ackley,optimized_iso_gpc,random,random,1,43,54,55,338,0.8697047099596666,False,False,False,335,0.5952237730208196,0.8095524539583607,0.6749007968599783,null,null,null,null,null,null,null,null,null,null,null,null,null
ackley,optimized_iso_gpc,random,random,1,44,55,56,1889,3.6933070449258256,False,False,False,1857,0.10726847499006453,0.21453694998012907,0.34076603896459395,null,null,null,null,null,null,null,null,null,null,null,null,null
ackley,optimized_iso_gpc,random,random,1,45,56,57,1715,1.8139421334561732,False,False,False,1687,0.6973388374892693,0.6053223250214614,0.6131022662846435,null,null,null,null,null,null,null,null,null,null,null,null,null
ackley,optimized_iso_gpc,random,random,1,46,57,58,2714,0.14659706902818392,True,True,True,2667,0.5626037482592068,0.8747925034815864,0.6852881119725189,null,null,null,null,null,null,null,null,null,null,null,null,null
ackley,optimized_iso_gpc,random,random,1,47,58,59,3625,0.9863823959983691,False,False,False,3568,0.4016229618912064,0.8032459237824128,0.6736642363790895,null,null,null,null,null,null,null,null,null,null,null,null,null
ackley,optimized_iso_gpc,random,random,1,48,59,60,2888,0.40813045841580653,False,True,True,2835,0.3873463570879778,0.7746927141759556,0.6675462678011254,null,null,null,null,null,null,null,null,null,null,null,null,null
ackley,optimized_iso_gpc,random,random,1,49,60,61,2837,2.3802159881419573,False,False,False,2786,0.14017903944056798,0.28035807888113595,0.40528836049223715,null,null,null,null,null,null,null,null,null,null,null,null,null
ackley,optimized_iso_gpc,random,random,1,50,61,62,2914,0.5422227067488485,False,False,True,2859,0.3959411402706223,0.7918822805412447,0.671331580307776,null,null,null,null,null,null,null,null,null,null,null,null,null
ackley,optimized_iso_gpc,random,random,1,51,62,63,114,2.0082493258731926,False,False,False,113,0.6137338788817033,0.7725322422365934,0.6670485412199807,null,null,null,null,null,null,null,null,null,null,null,null,null
ackley,optimized_iso_gpc,random,random,1,52,63,64,670,1.2177563260999964,False,False,False,662,0.4224337025201237,0.8448674050402474,0.6810653839975921,null,null,null,null,null,null,null,null,null,null,null,null,null
ackley,optimized_iso_gpc,random,random,1,53,64,65,3177,1.365401737754972,False,False,False,3117,0.7451807785932374,0.5096384428135252,0.5675679297798211,null,null,null,null,null,null,null,null,null,null,null,null,null
ackley,optimized_iso_gpc,random,random,1,54,65,66,2175,0.6346497070536063,False,False,False,2132,0.644602025012432,0.710795949975136,0.6507243073987327,null,null,null,null,null,null,null,null,null,null,null,null,null
ackley,optimized_iso_gpc,random,random,1,55,66,67,2728,0.017658226362007312,True,True,True,2676,0.6176101196621175,0.7647797606757649,0.6652219767784413,null,null,null,null,null,null,null,null,null,null,null,null,null
ackley,optimized_iso_gpc,random,random,1,56,67,68,3107,1.1251169422824603,False,False,False,3046,0.5703804017683467,0.8592391964633066,0.6832074016791998,null,null,null,null,null,null,null,null,null,null,null,null,null
ackley,optimized_iso_gpc,random,random,1,57,68,69,2288,1.8329030059025317,False,False,False,2242,0.7414054772625605,0.5171890454748791,0.5715816926019962,null,null,null,null,null,null,null,null,null,null,null,null,null
ackley,optimized_iso_gpc,random,random,1,58,69,70,2456,0.24349556788543758,False,True,True,2405,0.5620073338835994,0.8759853322328013,0.6854375282756857,null,null,null,null,null,null,null,null,null,null,null,null,null
ackley,optimized_iso_gpc,random,random,1,59,70,71,975,1.198248499214051,False,False,False,954,0.6782561379003482,0.6434877241993036,0.6281769506261468,null,null,null,null,null,null,null,null,null,null,null,null,null
ackley,optimized_iso_gpc,random,random,1,60,71,72,1123,0.7966972255716769,False,False,False,1098,0.4417511947569466,0.8835023895138931,0.6863459007602712,null,null,null,null,null,null,null,null,null,null,null,null,null
ackley,optimized_iso_gpc,random,random,1,61,72,73,2983,1.4082782515116374,False,False,False,2918,0.7103925681043393,0.5792148637913215,0.6017998090403162,null,null,null,null,null,null,null,null,null,null,null,null,null
ackley,optimized_iso_gpc,random,random,1,62,73,74,3863,0.2762205914971929,False,True,True,3791,0.5549411105554185,0.890117778889163,0.6870979215831176,null,null,null,null,null,null,null,null,null,null,null,null,null
ackley,optimized_iso_gpc,random,random,1,63,74,75,3479,0.3786904734813543,False,True,True,3409,0.3085410097991712,0.6170820195983424,0.6179283180822903,null,null,null,null,null,null,null,null,null,null,null,null,null
ackley,optimized_iso_gpc,random,random,1,64,75,76,1376,0.8780123986659572,False,False,False,1346,0.7037990124204043,0.5924019751591914,0.6076109602908129,null,null,null,null,null,null,null,null,null,null,null,null,null
ackley,optimized_iso_gpc,random,random,1,65,76,77,2997,0.8098962258475808,False,False,False,2930,0.7328532101730616,0.5342935796538768,0.5804002752763536,null,null,null,null,null,null,null,null,null,null,null,null,null
ackley,optimized_iso_gpc,random,random,1,66,77,78,3621,0.8349810847341228,False,False,False,3547,0.5120759107878285,0.9758481784243429,0.6928554969563561,null,null,null,null,null,null,null,null,null,null,null,null,null
ackley,optimized_iso_gpc,random,random,1,67,78,79,2876,0.4599770355841244,False,False,True,2813,0.494034522957314,0.988069045914628,0.693076005038584,null,null,null,null,null,null,null,null,null,null,null,null,null
ackley,optimized_iso_gpc,random,random,1,68,79,80,1,2.530810939310898,False,False,False,1,0.2575924869972255,0.515184973994451,0.5705236412314723,null,null,null,null,null,null,null,null,null,null,null,null,null
ackley,optimized_iso_gpc,classifier_margin,classifier_margin,1,1,12,13,2580,0.772765392602329,False,False,False,2569,0.500137999942774,0.9997240001144521,0.6931471424719764,null,null,null,null,null,null,null,null,null,null,null,null,null
ackley,optimized_iso_gpc,classifier_margin,classifier_margin,1,2,13,14,1377,3.174611470508907,False,False,False,1373,0.4999462584618568,0.9998925169237136,0.6931471747836394,null,null,null,null,null,null,null,null,null,null,null,null,null
ackley,optimized_iso_gpc,classifier_margin,classifier_margin,1,3,14,15,632,3.039799458990842,False,False,False,632,0.7535756113649086,0.49284877727018284,0.5583727314384134,null,null,null,null,null,null,null,null,null,null,null,null,null
ackley,optimized_iso_gpc,classifier_margin,classifier_margin,1,4,15,16,3173,2.0724088863576977,False,False,False,3158,0.7778129144792274,0.4443741710415452,0.5296621775276228,null,null,null,null,null,null,null,null,null,null,null,null,null
ackley,optimized_iso_gpc,classifier_margin,classifier_margin,1,5,16,17,893,3.6750442705502433,False,False,False,890,0.7932196691498348,0.41356066170033046,0.5096594883912541,null,null,null,null,null,null,null,null,null,null,null,null,null
ackley,optimized_iso_gpc,classifier_margin,classifier_margin,1,6,17,18,1900,3.5611599234481623,False,False,False,1890,0.8014666700622683,0.3970666598754633,0.4983624524745669,null,null,null,null,null,null,null,null,null,null,null,null,null
ackley,optimized_iso_gpc,classifier_margin,classifier_margin,1,7,18,19,176,3.5655912159342265,False,False,False,176,0.8156255055816928,0.36874898883661444,0.4779623205588697,null,null,null,null,null,null,null,null,null,null,null,null,null
ackley,optimized_iso_gpc,classifier_margin,classifier_margin,1,8,19,20,3168,2.082937420388282,False,False,False,3150,0.8265043095253759,0.3469913809492482,0.4613860065421772,null,null,null,null,null,null,null,null,null,null,null,null,null
ackley,optimized_iso_gpc,classifier_margin,classifier_margin,1,9,20,21,2185,3.1826310505980775,False,False,False,2171,0.8349181519140529,0.3301636961718941,0.448001476775558,null,null,null,null,null,null,null,null,null,null,null,null,null
ackley,optimized_iso_gpc,classifier_margin,classifier_margin,1,10,21,22,134,3.2420885197254155,False,False,False,134,0.8425852929628945,0.31482941407421094,0.43535789958216076,null,null,null,null,null,null,null,null,null,null,null,null,null
ackley,optimized_iso_gpc,classifier_margin,classifier_margin,1,11,22,23,1055,2.607969906275562,False,False,False,1048,0.8504835378212192,0.29903292435756157,0.4218694248809052,null,null,null,null,null,null,null,null,null,null,null,null,null
ackley,optimized_iso_gpc,classifier_margin,classifier_margin,1,12,23,24,2512,2.4962445965911364,False,False,False,2493,0.8576271273964267,0.2847457452071467,0.40924766395874973,null,null,null,null,null,null,null,null,null,null,null,null,null
ackley,optimized_iso_gpc,classifier_margin,classifier_margin,1,13,24,25,494,3.1329462351184016,False,False,False,492,0.862919604716808,0.2741607905663841,0.3996279486031507,null,null,null,null,null,null,null,null,null,null,null,null,null
ackley,optimized_iso_gpc,classifier_margin,classifier_margin,1,14,25,26,947,3.0476879781415036,False,False,False,940,0.8671259728002951,0.26574805439940974,0.391813823301403,null,null,null,null,null,null,null,null,null,null,null,null,null
ackley,optimized_iso_gpc,classifier_margin,classifier_margin,1,15,26,27,3758,2.9540813008725575,False,False,False,3732,0.8716799297682201,0.2566401404635599,0.3831807066498406,null,null,null,null,null,null,null,null,null,null,null,null,null
ackley,optimized_iso_gpc,classifier_margin,classifier_margin,1,16,27,28,1958,2.9880663943006347,False,False,False,1942,0.8784285629111537,0.24314287417769265,0.37004432141265514,null,null,null,null,null,null,null,null,null,null,null,null,null
ackley,optimized_iso_gpc,classifier_margin,classifier_margin,1,17,28,29,2521,2.7231113103976874,False,False,False,2498,0.8814371727735306,0.23712565445293876,0.36405171129455915,null,null,null,null,null,null,null,null,null,null,null,null,null
ackley,optimized_iso_gpc,classifier_margin,classifier_margin,1,18,29,30,3499,2.9677986404634,False,False,False,3471,0.8844275773515164,0.2311448452969671,0.3580095283766837,null,null,null,null,null,null,null,null,null,null,null,null,null
ackley,optimized_iso_gpc,classifier_margin,classifier_margin,1,19,30,31,1054,2.339434716750791,False,False,False,1045,0.8878400321635809,0.22431993567283826,0.3510075780907835,null,null,null,null,null,null,null,null,null,null,null,null,null
ackley,optimized_iso_gpc,classifier_margin,classifier_margin,1,20,31,32,2670,2.8371834217243332,False,False,False,2644,0.8921414230541131,0.2157171538917737,0.34201462091506946,null,null,null,null,null,null,null,null,null,null,null,null,null
ackley,optimized_iso_gpc,classifier_margin,classifier_margin,1,21,32,33,66,2.7463839812264634,False,False,False,66,0.8956669285296357,0.2086661429407286,0.3345007066541122,null,null,null,null,null,null,null,null,null,null,null,null,null
ackley,optimized_iso_gpc,classifier_margin,classifier_margin,1,22,33,34,829,3.4707950635110407,False,False,False,823,0.8984477544045149,0.2031044911909703,0.3284802807246917,null,null,null,null,null,null,null,null,null,null,null,null,null
ackley,optimized_iso_gpc,classifier_margin,classifier_margin,1,23,34,35,249,3.399101958375393,False,False,False,246,0.9008162727947138,0.19836745441057246,0.3232857280812942,null,null,null,null,null,null,null,null,null,null,null,null,null
ackley,optimized_iso_gpc,classifier_margin,classifier_margin,1,24,35,36,2783,2.9100819124182884,False,False,False,2752,0.9040321074515987,0.19193578509680265,0.3161321045111208,null,null,null,null,null,null,null,null,null,null,null,null,null
ackley,optimized_iso_gpc,classifier_margin,classifier_margin,1,25,36,37,660,2.3664328012039757,False,False,False,654,0.9061125179345026,0.1877749641309947,0.3114409469244383,null,null,null,null,null,null,null,null,null,null,null,null,null
ackley,optimized_iso_gpc,classifier_margin,classifier_margin,1,26,37,38,2251,3.2072083243669898,False,False,False,2226,0.9084426143367637,0.1831147713264727,0.30612631387548606,null,null,null,null,null,null,null,null,null,null,null,null,null
ackley,optimized_iso_gpc,classifier_margin,classifier_margin,1,27,38,39,2125,2.778761432473237,False,False,False,2101,0.910604676316666,0.17879064736666805,0.30113658613594363,null,null,null,null,null,null,null,null,null,null,null,null,null
ackley,optimized_iso_gpc,classifier_margin,classifier_margin,1,28,39,40,2080,3.444448874715972,False,False,False,2056,0.9123816409077108,0.17523671818457842,0.29699266761860366,null,null,null,null,null,null,null,null,null,null,null,null,null
ackley,optimized_iso_gpc,classifier_margin,classifier_margin,1,29,40,41,1762,2.8526325861750443,False,False,False,1745,0.913288617257308,0.17342276548538393,0.29486239933548664,null,null,null,null,null,null,null,null,null,null,null,null,null
ackley,optimized_iso_gpc,classifier_margin,classifier_margin,1,30,41,42,2507,2.8489839794275404,False,False,False,2476,0.9172669526248001,0.16546609475039986,0.285394196417278,null,null,null,null,null,null,null,null,null,null,null,null,null
ackley,optimized_iso_gpc,classifier_margin,classifier_margin,1,31,42,43,857,3.048699929586931,False,False,False,848,0.9180336034837637,0.16393279303247255,0.28354592013499347,null,null,null,null,null,null,null,null,null,null,null,null,null
ackley,optimized_iso_gpc,classifier_margin,classifier_margin,1,32,43,44,3830,1.7901809565207838,False,False,False,3787,0.9194745048445156,0.1610509903109687,0.2800509410555922,null,null,null,null,null,null,null,null,null,null,null,null,null
ackley,optimized_iso_gpc,classifier_margin,classifier_margin,1,33,44,45,748,2.771005325300477,False,False,False,740,0.9220121145930307,0.15597577081393865,0.2738273722979402,null,null,null,null,null,null,null,null,null,null,null,null,null
ackley,optimized_iso_gpc,classifier_margin,classifier_margin,1,34,45,46,416,2.8002598586957195,False,False,False,412,0.9238954837315987,0.15220903253680262,0.26915059259451807,null,null,null,null,null,null,null,null,null,null,null,null,null
ackley,optimized_iso_gpc,classifier_margin,classifier_margin,1,35,46,47,3930,2.82487445346219,False,False,False,3884,0.9246416834808997,0.1507166330382006,0.2672837398863276,null,null,null,null,null,null,null,null,null,null,null,null,null
ackley,optimized_iso_gpc,classifier_margin,classifier_margin,1,36,47,48,3585,3.0497335171440554,False,False,False,3541,0.9266204889130449,0.14675902217391013,0.26229424720782923,null,null,null,null,null,null,null,null,null,null,null,null,null
ackley,optimized_iso_gpc,classifier_margin,classifier_margin,1,37,48,49,1543,1.9244822729773343,False,False,False,1523,0.9282454368689059,0.14350912626218815,0.2581539927574079,null,null,null,null,null,null,null,null,null,null,null,null,null
ackley,optimized_iso_gpc,classifier_margin,classifier_margin,1,38,49,50,2404,3.0574334519197865,False,False,False,2369,0.9292638082318945,0.14147238353621105,0.2555390970871507,null,null,null,null,null,null,null,null,null,null,null,null,null
ackley,optimized_iso_gpc,classifier_margin,classifier_margin,1,39,50,51,2822,3.039259859941735,False,False,False,2779,0.9308027764736835,0.13839444705263304,0.2515574462793605,null,null,null,null,null,null,null,null,null,null,null,null,null
ackley,optimized_iso_gpc,classifier_margin,classifier_margin,1,40,51,52,3079,2.7802775729543487,False,False,False,3035,0.9322374265735789,0.13552514685284223,0.2478125852789413,null,null,null,null,null,null,null,null,null,null,null,null,null
ackley,optimized_iso_gpc,classifier_margin,classifier_margin,1,41,52,53,193,1.9750453846887783,False,False,False,190,0.9333492298721922,0.1333015402556157,0.24488807288647002,null,null,null,null,null,null,null,null,null,null,null,null,null
ackley,optimized_iso_gpc,classifier_margin,classifier_margin,1,42,53,54,2644,2.7857145957714344,False,False,False,2603,0.9343638133948389,0.13127237321032226,0.24220195665197441,null,null,null,null,null,null,null,null,null,null,null,null,null
ackley,optimized_iso_gpc,classifier_margin,classifier_margin,1,43,54,55,882,3.2004540074762744,False,False,False,868,0.935197089987696,0.12960582002460797,0.23998330838135978,null,null,null,null,null,null,null,null,null,null,null,null,null
ackley,optimized_iso_gpc,classifier_margin,classifier_margin,1,44,55,56,3045,2.7481810812170604,False,False,False,2998,0.9365418915257351,0.12691621694852984,0.23637846826725756,null,null,null,null,null,null,null,null,null,null,null,null,null
ackley,optimized_iso_gpc,classifier_margin,classifier_margin,1,45,56,57,1830,2.458287307178315,False,False,False,1805,0.9377757399612392,0.12444852007752161,0.23304429134556426,null,null,null,null,null,null,null,null,null,null,null,null,null
ackley,optimized_iso_gpc,classifier_margin,classifier_margin,1,46,57,58,3565,2.4244371221992242,False,False,False,3512,0.9387037359401802,0.12259252811963961,0.23051944190717344,null,null,null,null,null,null,null,null,null,null,null,null,null
ackley,optimized_iso_gpc,classifier_margin,classifier_margin,1,47,58,59,3426,3.0340176533378695,False,False,False,3374,0.9397702071729555,0.1204595856540891,0.2275993380101477,null,null,null,null,null,null,null,null,null,null,null,null,null
ackley,optimized_iso_gpc,classifier_margin,classifier_margin,1,48,59,60,1291,2.5352154879489195,False,False,False,1270,0.9405333071778159,0.11893338564436817,0.22549758051980578,null,null,null,null,null,null,null,null,null,null,null,null,null
ackley,optimized_iso_gpc,classifier_margin,classifier_margin,1,49,60,61,3382,2.507621196247742,False,False,False,3329,0.941813285759622,0.11637342848075605,0.22194877457027276,null,null,null,null,null,null,null,null,null,null,null,null,null
ackley,optimized_iso_gpc,classifier_margin,classifier_margin,1,50,61,62,546,3.4842786015998133,False,False,False,539,0.9421733692440739,0.11565326151185218,0.2209450628344793,null,null,null,null,null,null,null,null,null,null,null,null,null
ackley,optimized_iso_gpc,classifier_margin,classifier_margin,1,51,62,63,560,3.131337058756607,False,False,False,552,0.9434908660770134,0.11301826784597324,0.21725222718951684,null,null,null,null,null,null,null,null,null,null,null,null,null
ackley,optimized_iso_gpc,classifier_margin,classifier_margin,1,52,63,64,922,2.4944575587676443,False,False,False,904,0.9442846489147314,0.11143070217053719,0.2150116468929414,null,null,null,null,null,null,null,null,null,null,null,null,null
ackley,optimized_iso_gpc,classifier_margin,classifier_margin,1,53,64,65,1524,2.5749184543844414,False,False,False,1498,0.9454903748766128,0.10901925024677439,0.21158532406165137,null,null,null,null,null,null,null,null,null,null,null,null,null
ackley,optimized_iso_gpc,classifier_margin,classifier_margin,1,54,65,66,3390,2.9148971754719586,False,False,False,3332,0.9459859464448073,0.10802810711038546,0.2101689071733101,null,null,null,null,null,null,null,null,null,null,null,null,null
ackley,optimized_iso_gpc,classifier_margin,classifier_margin,1,55,66,67,1730,2.6415755566359387,False,False,False,1702,0.9465436282808923,0.10691274343821533,0.20856922003163988,null,null,null,null,null,null,null,null,null,null,null,null,null
ackley,optimized_iso_gpc,classifier_margin,classifier_margin,1,56,67,68,1212,1.4531510016108147,False,False,False,1188,0.9470665607093451,0.10586687858130972,0.2070636271615965,null,null,null,null,null,null,null,null,null,null,null,null,null
ackley,optimized_iso_gpc,classifier_margin,classifier_margin,1,57,68,69,364,2.230046536743414,False,False,False,359,0.9482070282117547,0.10358594357649054,0.2037610763699261,null,null,null,null,null,null,null,null,null,null,null,null,null
ackley,optimized_iso_gpc,classifier_margin,classifier_margin,1,58,69,70,2325,2.80682963574632,False,False,False,2279,0.9485756302572099,0.10284873948558015,0.202688046462214,null,null,null,null,null,null,null,null,null,null,null,null,null
ackley,optimized_iso_gpc,classifier_margin,classifier_margin,1,59,70,71,140,2.467852181524446,False,False,False,138,0.9494816955345868,0.10103660893082633,0.20003854064143828,null,null,null,null,null,null,null,null,null,null,null,null,null
ackley,optimized_iso_gpc,classifier_margin,classifier_margin,1,60,71,72,1523,2.599459148535262,False,False,False,1494,0.950241368491902,0.09951726301619601,0.19780393436285756,null,null,null,null,null,null,null,null,null,null,null,null,null
ackley,optimized_iso_gpc,classifier_margin,classifier_margin,1,61,72,73,2472,2.8283316872887223,False,False,False,2422,0.9510292563196572,0.09794148736068564,0.195473436423519,null,null,null,null,null,null,null,null,null,null,null,null,null
ackley,optimized_iso_gpc,classifier_margin,classifier_margin,1,62,73,74,1199,2.499468039748029,False,False,False,1173,0.9517501362288385,0.09649972754232294,0.19332946937845474,null,null,null,null,null,null,null,null,null,null,null,null,null
ackley,optimized_iso_gpc,classifier_margin,classifier_margin,1,63,74,75,1115,2.612520592974212,False,False,False,1090,0.9518487549725023,0.09630249005499536,0.19303529124428792,null,null,null,null,null,null,null,null,null,null,null,null,null
ackley,optimized_iso_gpc,classifier_margin,classifier_margin,1,64,75,76,1285,2.885401446596621,False,False,False,1256,0.9528386942234874,0.09432261155302513,0.19007049283954017,null,null,null,null,null,null,null,null,null,null,null,null,null
ackley,optimized_iso_gpc,classifier_margin,classifier_margin,1,65,76,77,800,2.1791239055595675,False,False,False,785,0.9535153432341303,0.09296931353173932,0.1880314549057878,null,null,null,null,null,null,null,null,null,null,null,null,null
ackley,optimized_iso_gpc,classifier_margin,classifier_margin,1,66,77,78,3187,2.629603895223582,False,False,False,3119,0.9536914266514032,0.09261714669719368,0.1874991508721981,null,null,null,null,null,null,null,null,null,null,null,null,null
ackley,optimized_iso_gpc,classifier_margin,classifier_margin,1,67,78,79,2693,1.9731282362979243,False,False,False,2632,0.9547149454523378,0.09057010909532437,0.18439104885976404,null,null,null,null,null,null,null,null,null,null,null,null,null
ackley,optimized_iso_gpc,classifier_margin,classifier_margin,1,68,79,80,2353,1.5773703325377753,False,False,False,2300,0.9551565453064086,0.08968690938718282,0.1830425977850552,null,null,null,null,null,null,null,null,null,null,null,null,null
ackley,optimized_iso_gpc,classifier_entropy,classifier_entropy,1,1,12,13,2580,0.772765392602329,False,False,False,2569,0.500137999942774,0.9997240001144521,0.6931471424719764,Binary entropy is monotone-equivalent to classifier margin.,null,null,null,null,null,null,null,null,null,null,null,null
ackley,optimized_iso_gpc,classifier_entropy,classifier_entropy,1,2,13,14,1377,3.174611470508907,False,False,False,1373,0.4999462584618568,0.9998925169237136,0.6931471747836394,Binary entropy is monotone-equivalent to classifier margin.,null,null,null,null,null,null,null,null,null,null,null,null
ackley,optimized_iso_gpc,classifier_entropy,classifier_entropy,1,3,14,15,632,3.039799458990842,False,False,False,632,0.7535756113649086,0.49284877727018284,0.5583727314384134,Binary entropy is monotone-equivalent to classifier margin.,null,null,null,null,null,null,null,null,null,null,null,null
ackley,optimized_iso_gpc,classifier_entropy,classifier_entropy,1,4,15,16,3173,2.0724088863576977,False,False,False,3158,0.7778129144792274,0.4443741710415452,0.5296621775276228,Binary entropy is monotone-equivalent to classifier margin.,null,null,null,null,null,null,null,null,null,null,null,null
ackley,optimized_iso_gpc,classifier_entropy,classifier_entropy,1,5,16,17,893,3.6750442705502433,False,False,False,890,0.7932196691498348,0.41356066170033046,0.5096594883912541,Binary entropy is monotone-equivalent to classifier margin.,null,null,null,null,null,null,null,null,null,null,null,null
ackley,optimized_iso_gpc,classifier_entropy,classifier_entropy,1,6,17,18,1900,3.5611599234481623,False,False,False,1890,0.8014666700622683,0.3970666598754633,0.4983624524745669,Binary entropy is monotone-equivalent to classifier margin.,null,null,null,null,null,null,null,null,null,null,null,null
ackley,optimized_iso_gpc,classifier_entropy,classifier_entropy,1,7,18,19,176,3.5655912159342265,False,False,False,176,0.8156255055816928,0.36874898883661444,0.4779623205588697,Binary entropy is monotone-equivalent to classifier margin.,null,null,null,null,null,null,null,null,null,null,null,null
ackley,optimized_iso_gpc,classifier_entropy,classifier_entropy,1,8,19,20,3168,2.082937420388282,False,False,False,3150,0.8265043095253759,0.3469913809492482,0.4613860065421772,Binary entropy is monotone-equivalent to classifier margin.,null,null,null,null,null,null,null,null,null,null,null,null
ackley,optimized_iso_gpc,classifier_entropy,classifier_entropy,1,9,20,21,2185,3.1826310505980775,False,False,False,2171,0.8349181519140529,0.3301636961718941,0.448001476775558,Binary entropy is monotone-equivalent to classifier margin.,null,null,null,null,null,null,null,null,null,null,null,null
ackley,optimized_iso_gpc,classifier_entropy,classifier_entropy,1,10,21,22,134,3.2420885197254155,False,False,False,134,0.8425852929628945,0.31482941407421094,0.43535789958216076,Binary entropy is monotone-equivalent to classifier margin.,null,null,null,null,null,null,null,null,null,null,null,null
ackley,optimized_iso_gpc,classifier_entropy,classifier_entropy,1,11,22,23,1055,2.607969906275562,False,False,False,1048,0.8504835378212192,0.29903292435756157,0.4218694248809052,Binary entropy is monotone-equivalent to classifier margin.,null,null,null,null,null,null,null,null,null,null,null,null
ackley,optimized_iso_gpc,classifier_entropy,classifier_entropy,1,12,23,24,2512,2.4962445965911364,False,False,False,2493,0.8576271273964267,0.2847457452071467,0.40924766395874973,Binary entropy is monotone-equivalent to classifier margin.,null,null,null,null,null,null,null,null,null,null,null,null
ackley,optimized_iso_gpc,classifier_entropy,classifier_entropy,1,13,24,25,494,3.1329462351184016,False,False,False,492,0.862919604716808,0.2741607905663841,0.3996279486031507,Binary entropy is monotone-equivalent to classifier margin.,null,null,null,null,null,null,null,null,null,null,null,null
ackley,optimized_iso_gpc,classifier_entropy,classifier_entropy,1,14,25,26,947,3.0476879781415036,False,False,False,940,0.8671259728002951,0.26574805439940974,0.391813823301403,Binary entropy is monotone-equivalent to classifier margin.,null,null,null,null,null,null,null,null,null,null,null,null
ackley,optimized_iso_gpc,classifier_entropy,classifier_entropy,1,15,26,27,3758,2.9540813008725575,False,False,False,3732,0.8716799297682201,0.2566401404635599,0.3831807066498406,Binary entropy is monotone-equivalent to classifier margin.,null,null,null,null,null,null,null,null,null,null,null,null
ackley,optimized_iso_gpc,classifier_entropy,classifier_entropy,1,16,27,28,1958,2.9880663943006347,False,False,False,1942,0.8784285629111537,0.24314287417769265,0.37004432141265514,Binary entropy is monotone-equivalent to classifier margin.,null,null,null,null,null,null,null,null,null,null,null,null
ackley,optimized_iso_gpc,classifier_entropy,classifier_entropy,1,17,28,29,2521,2.7231113103976874,False,False,False,2498,0.8814371727735306,0.23712565445293876,0.36405171129455915,Binary entropy is monotone-equivalent to classifier margin.,null,null,null,null,null,null,null,null,null,null,null,null
ackley,optimized_iso_gpc,classifier_entropy,classifier_entropy,1,18,29,30,3499,2.9677986404634,False,False,False,3471,0.8844275773515164,0.2311448452969671,0.3580095283766837,Binary entropy is monotone-equivalent to classifier margin.,null,null,null,null,null,null,null,null,null,null,null,null
ackley,optimized_iso_gpc,classifier_entropy,classifier_entropy,1,19,30,31,1054,2.339434716750791,False,False,False,1045,0.8878400321635809,0.22431993567283826,0.3510075780907835,Binary entropy is monotone-equivalent to classifier margin.,null,null,null,null,null,null,null,null,null,null,null,null
ackley,optimized_iso_gpc,classifier_entropy,classifier_entropy,1,20,31,32,2670,2.8371834217243332,False,False,False,2644,0.8921414230541131,0.2157171538917737,0.34201462091506946,Binary entropy is monotone-equivalent to classifier margin.,null,null,null,null,null,null,null,null,null,null,null,null
ackley,optimized_iso_gpc,classifier_entropy,classifier_entropy,1,21,32,33,66,2.7463839812264634,False,False,False,66,0.8956669285296357,0.2086661429407286,0.3345007066541122,Binary entropy is monotone-equivalent to classifier margin.,null,null,null,null,null,null,null,null,null,null,null,null
ackley,optimized_iso_gpc,classifier_entropy,classifier_entropy,1,22,33,34,829,3.4707950635110407,False,False,False,823,0.8984477544045149,0.2031044911909703,0.3284802807246917,Binary entropy is monotone-equivalent to classifier margin.,null,null,null,null,null,null,null,null,null,null,null,null
ackley,optimized_iso_gpc,classifier_entropy,classifier_entropy,1,23,34,35,249,3.399101958375393,False,False,False,246,0.9008162727947138,0.19836745441057246,0.3232857280812942,Binary entropy is monotone-equivalent to classifier margin.,null,null,null,null,null,null,null,null,null,null,null,null
ackley,optimized_iso_gpc,classifier_entropy,classifier_entropy,1,24,35,36,2783,2.9100819124182884,False,False,False,2752,0.9040321074515987,0.19193578509680265,0.3161321045111208,Binary entropy is monotone-equivalent to classifier margin.,null,null,null,null,null,null,null,null,null,null,null,null
ackley,optimized_iso_gpc,classifier_entropy,classifier_entropy,1,25,36,37,660,2.3664328012039757,False,False,False,654,0.9061125179345026,0.1877749641309947,0.3114409469244383,Binary entropy is monotone-equivalent to classifier margin.,null,null,null,null,null,null,null,null,null,null,null,null
ackley,optimized_iso_gpc,classifier_entropy,classifier_entropy,1,26,37,38,2251,3.2072083243669898,False,False,False,2226,0.9084426143367637,0.1831147713264727,0.30612631387548606,Binary entropy is monotone-equivalent to classifier margin.,null,null,null,null,null,null,null,null,null,null,null,null
ackley,optimized_iso_gpc,classifier_entropy,classifier_entropy,1,27,38,39,2125,2.778761432473237,False,False,False,2101,0.910604676316666,0.17879064736666805,0.30113658613594363,Binary entropy is monotone-equivalent to classifier margin.,null,null,null,null,null,null,null,null,null,null,null,null
ackley,optimized_iso_gpc,classifier_entropy,classifier_entropy,1,28,39,40,2080,3.444448874715972,False,False,False,2056,0.9123816409077108,0.17523671818457842,0.29699266761860366,Binary entropy is monotone-equivalent to classifier margin.,null,null,null,null,null,null,null,null,null,null,null,null
ackley,optimized_iso_gpc,classifier_entropy,classifier_entropy,1,29,40,41,1762,2.8526325861750443,False,False,False,1745,0.913288617257308,0.17342276548538393,0.29486239933548664,Binary entropy is monotone-equivalent to classifier margin.,null,null,null,null,null,null,null,null,null,null,null,null
ackley,optimized_iso_gpc,classifier_entropy,classifier_entropy,1,30,41,42,2507,2.8489839794275404,False,False,False,2476,0.9172669526248001,0.16546609475039986,0.285394196417278,Binary entropy is monotone-equivalent to classifier margin.,null,null,null,null,null,null,null,null,null,null,null,null
ackley,optimized_iso_gpc,classifier_entropy,classifier_entropy,1,31,42,43,857,3.048699929586931,False,False,False,848,0.9180336034837637,0.16393279303247255,0.28354592013499347,Binary entropy is monotone-equivalent to classifier margin.,null,null,null,null,null,null,null,null,null,null,null,null
ackley,optimized_iso_gpc,classifier_entropy,classifier_entropy,1,32,43,44,3830,1.7901809565207838,False,False,False,3787,0.9194745048445156,0.1610509903109687,0.2800509410555922,Binary entropy is monotone-equivalent to classifier margin.,null,null,null,null,null,null,null,null,null,null,null,null
ackley,optimized_iso_gpc,classifier_entropy,classifier_entropy,1,33,44,45,748,2.771005325300477,False,False,False,740,0.9220121145930307,0.15597577081393865,0.2738273722979402,Binary entropy is monotone-equivalent to classifier margin.,null,null,null,null,null,null,null,null,null,null,null,null
ackley,optimized_iso_gpc,classifier_entropy,classifier_entropy,1,34,45,46,416,2.8002598586957195,False,False,False,412,0.9238954837315987,0.15220903253680262,0.26915059259451807,Binary entropy is monotone-equivalent to classifier margin.,null,null,null,null,null,null,null,null,null,null,null,null
ackley,optimized_iso_gpc,classifier_entropy,classifier_entropy,1,35,46,47,3930,2.82487445346219,False,False,False,3884,0.9246416834808997,0.1507166330382006,0.2672837398863276,Binary entropy is monotone-equivalent to classifier margin.,null,null,null,null,null,null,null,null,null,null,null,null
ackley,optimized_iso_gpc,classifier_entropy,classifier_entropy,1,36,47,48,3585,3.0497335171440554,False,False,False,3541,0.9266204889130449,0.14675902217391013,0.26229424720782923,Binary entropy is monotone-equivalent to classifier margin.,null,null,null,null,null,null,null,null,null,null,null,null
ackley,optimized_iso_gpc,classifier_entropy,classifier_entropy,1,37,48,49,1543,1.9244822729773343,False,False,False,1523,0.9282454368689059,0.14350912626218815,0.2581539927574079,Binary entropy is monotone-equivalent to classifier margin.,null,null,null,null,null,null,null,null,null,null,null,null
ackley,optimized_iso_gpc,classifier_entropy,classifier_entropy,1,38,49,50,2404,3.0574334519197865,False,False,False,2369,0.9292638082318945,0.14147238353621105,0.2555390970871507,Binary entropy is monotone-equivalent to classifier margin.,null,null,null,null,null,null,null,null,null,null,null,null
ackley,optimized_iso_gpc,classifier_entropy,classifier_entropy,1,39,50,51,2822,3.039259859941735,False,False,False,2779,0.9308027764736835,0.13839444705263304,0.2515574462793605,Binary entropy is monotone-equivalent to classifier margin.,null,null,null,null,null,null,null,null,null,null,null,null
ackley,optimized_iso_gpc,classifier_entropy,classifier_entropy,1,40,51,52,3079,2.7802775729543487,False,False,False,3035,0.9322374265735789,0.13552514685284223,0.2478125852789413,Binary entropy is monotone-equivalent to classifier margin.,null,null,null,null,null,null,null,null,null,null,null,null
ackley,optimized_iso_gpc,classifier_entropy,classifier_entropy,1,41,52,53,193,1.9750453846887783,False,False,False,190,0.9333492298721922,0.1333015402556157,0.24488807288647002,Binary entropy is monotone-equivalent to classifier margin.,null,null,null,null,null,null,null,null,null,null,null,null
ackley,optimized_iso_gpc,classifier_entropy,classifier_entropy,1,42,53,54,2644,2.7857145957714344,False,False,False,2603,0.9343638133948389,0.13127237321032226,0.24220195665197441,Binary entropy is monotone-equivalent to classifier margin.,null,null,null,null,null,null,null,null,null,null,null,null
ackley,optimized_iso_gpc,classifier_entropy,classifier_entropy,1,43,54,55,882,3.2004540074762744,False,False,False,868,0.935197089987696,0.12960582002460797,0.23998330838135978,Binary entropy is monotone-equivalent to classifier margin.,null,null,null,null,null,null,null,null,null,null,null,null
ackley,optimized_iso_gpc,classifier_entropy,classifier_entropy,1,44,55,56,3045,2.7481810812170604,False,False,False,2998,0.9365418915257351,0.12691621694852984,0.23637846826725756,Binary entropy is monotone-equivalent to classifier margin.,null,null,null,null,null,null,null,null,null,null,null,null
ackley,optimized_iso_gpc,classifier_entropy,classifier_entropy,1,45,56,57,1830,2.458287307178315,False,False,False,1805,0.9377757399612392,0.12444852007752161,0.23304429134556426,Binary entropy is monotone-equivalent to classifier margin.,null,null,null,null,null,null,null,null,null,null,null,null
ackley,optimized_iso_gpc,classifier_entropy,classifier_entropy,1,46,57,58,3565,2.4244371221992242,False,False,False,3512,0.9387037359401802,0.12259252811963961,0.23051944190717344,Binary entropy is monotone-equivalent to classifier margin.,null,null,null,null,null,null,null,null,null,null,null,null
ackley,optimized_iso_gpc,classifier_entropy,classifier_entropy,1,47,58,59,3426,3.0340176533378695,False,False,False,3374,0.9397702071729555,0.1204595856540891,0.2275993380101477,Binary entropy is monotone-equivalent to classifier margin.,null,null,null,null,null,null,null,null,null,null,null,null
ackley,optimized_iso_gpc,classifier_entropy,classifier_entropy,1,48,59,60,1291,2.5352154879489195,False,False,False,1270,0.9405333071778159,0.11893338564436817,0.22549758051980578,Binary entropy is monotone-equivalent to classifier margin.,null,null,null,null,null,null,null,null,null,null,null,null
ackley,optimized_iso_gpc,classifier_entropy,classifier_entropy,1,49,60,61,3382,2.507621196247742,False,False,False,3329,0.941813285759622,0.11637342848075605,0.22194877457027276,Binary entropy is monotone-equivalent to classifier margin.,null,null,null,null,null,null,null,null,null,null,null,null
ackley,optimized_iso_gpc,classifier_entropy,classifier_entropy,1,50,61,62,546,3.4842786015998133,False,False,False,539,0.9421733692440739,0.11565326151185218,0.2209450628344793,Binary entropy is monotone-equivalent to classifier margin.,null,null,null,null,null,null,null,null,null,null,null,null
ackley,optimized_iso_gpc,classifier_entropy,classifier_entropy,1,51,62,63,560,3.131337058756607,False,False,False,552,0.9434908660770134,0.11301826784597324,0.21725222718951684,Binary entropy is monotone-equivalent to classifier margin.,null,null,null,null,null,null,null,null,null,null,null,null
ackley,optimized_iso_gpc,classifier_entropy,classifier_entropy,1,52,63,64,922,2.4944575587676443,False,False,False,904,0.9442846489147314,0.11143070217053719,0.2150116468929414,Binary entropy is monotone-equivalent to classifier margin.,null,null,null,null,null,null,null,null,null,null,null,null
ackley,optimized_iso_gpc,classifier_entropy,classifier_entropy,1,53,64,65,1524,2.5749184543844414,False,False,False,1498,0.9454903748766128,0.10901925024677439,0.21158532406165137,Binary entropy is monotone-equivalent to classifier margin.,null,null,null,null,null,null,null,null,null,null,null,null
ackley,optimized_iso_gpc,classifier_entropy,classifier_entropy,1,54,65,66,3390,2.9148971754719586,False,False,False,3332,0.9459859464448073,0.10802810711038546,0.2101689071733101,Binary entropy is monotone-equivalent to classifier margin.,null,null,null,null,null,null,null,null,null,null,null,null
ackley,optimized_iso_gpc,classifier_entropy,classifier_entropy,1,55,66,67,1730,2.6415755566359387,False,False,False,1702,0.9465436282808923,0.10691274343821533,0.20856922003163988,Binary entropy is monotone-equivalent to classifier margin.,null,null,null,null,null,null,null,null,null,null,null,null
ackley,optimized_iso_gpc,classifier_entropy,classifier_entropy,1,56,67,68,1212,1.4531510016108147,False,False,False,1188,0.9470665607093451,0.10586687858130972,0.2070636271615965,Binary entropy is monotone-equivalent to classifier margin.,null,null,null,null,null,null,null,null,null,null,null,null
ackley,optimized_iso_gpc,classifier_entropy,classifier_entropy,1,57,68,69,364,2.230046536743414,False,False,False,359,0.9482070282117547,0.10358594357649054,0.2037610763699261,Binary entropy is monotone-equivalent to classifier margin.,null,null,null,null,null,null,null,null,null,null,null,null
ackley,optimized_iso_gpc,classifier_entropy,classifier_entropy,1,58,69,70,2325,2.80682963574632,False,False,False,2279,0.9485756302572099,0.10284873948558015,0.202688046462214,Binary entropy is monotone-equivalent to classifier margin.,null,null,null,null,null,null,null,null,null,null,null,null
ackley,optimized_iso_gpc,classifier_entropy,classifier_entropy,1,59,70,71,140,2.467852181524446,False,False,False,138,0.9494816955345868,0.10103660893082633,0.20003854064143828,Binary entropy is monotone-equivalent to classifier margin.,null,null,null,null,null,null,null,null,null,null,null,null
ackley,optimized_iso_gpc,classifier_entropy,classifier_entropy,1,60,71,72,1523,2.599459148535262,False,False,False,1494,0.950241368491902,0.09951726301619601,0.19780393436285756,Binary entropy is monotone-equivalent to classifier margin.,null,null,null,null,null,null,null,null,null,null,null,null
ackley,optimized_iso_gpc,classifier_entropy,classifier_entropy,1,61,72,73,2472,2.8283316872887223,False,False,False,2422,0.9510292563196572,0.09794148736068564,0.195473436423519,Binary entropy is monotone-equivalent to classifier margin.,null,null,null,null,null,null,null,null,null,null,null,null
ackley,optimized_iso_gpc,classifier_entropy,classifier_entropy,1,62,73,74,1199,2.499468039748029,False,False,False,1173,0.9517501362288385,0.09649972754232294,0.19332946937845474,Binary entropy is monotone-equivalent to classifier margin.,null,null,null,null,null,null,null,null,null,null,null,null
ackley,optimized_iso_gpc,classifier_entropy,classifier_entropy,1,63,74,75,1115,2.612520592974212,False,False,False,1090,0.9518487549725023,0.09630249005499536,0.19303529124428792,Binary entropy is monotone-equivalent to classifier margin.,null,null,null,null,null,null,null,null,null,null,null,null
ackley,optimized_iso_gpc,classifier_entropy,classifier_entropy,1,64,75,76,1285,2.885401446596621,False,False,False,1256,0.9528386942234874,0.09432261155302513,0.19007049283954017,Binary entropy is monotone-equivalent to classifier margin.,null,null,null,null,null,null,null,null,null,null,null,null
ackley,optimized_iso_gpc,classifier_entropy,classifier_entropy,1,65,76,77,800,2.1791239055595675,False,False,False,785,0.9535153432341303,0.09296931353173932,0.1880314549057878,Binary entropy is monotone-equivalent to classifier margin.,null,null,null,null,null,null,null,null,null,null,null,null
ackley,optimized_iso_gpc,classifier_entropy,classifier_entropy,1,66,77,78,3187,2.629603895223582,False,False,False,3119,0.9536914266514032,0.09261714669719368,0.1874991508721981,Binary entropy is monotone-equivalent to classifier margin.,null,null,null,null,null,null,null,null,null,null,null,null
ackley,optimized_iso_gpc,classifier_entropy,classifier_entropy,1,67,78,79,2693,1.9731282362979243,False,False,False,2632,0.9547149454523378,0.09057010909532437,0.18439104885976404,Binary entropy is monotone-equivalent to classifier margin.,null,null,null,null,null,null,null,null,null,null,null,null
ackley,optimized_iso_gpc,classifier_entropy,classifier_entropy,1,68,79,80,2353,1.5773703325377753,False,False,False,2300,0.9551565453064086,0.08968690938718282,0.1830425977850552,Binary entropy is monotone-equivalent to classifier margin.,null,null,null,null,null,null,null,null,null,null,null,null
ackley,optimized_iso_gpc,classifier_gated_diversity,classifier_gated_diversity,1,1,12,13,2214,0.6669336879097063,False,False,False,2205,0.49706152958942695,0.9941230591788539,0.6931299112438276,null,0.1,25,399,0.5,35,0.920174684101028,0.8572133506431355,1.0,0.960087342050514,null,null,null
ackley,optimized_iso_gpc,classifier_gated_diversity,classifier_gated_diversity,1,2,13,14,632,3.039799458990842,False,False,False,632,0.5258676254649615,0.9482647490700771,0.691808314838329,null,0.1,25,399,0.5,1,0.9550334391631026,0.5931243743647725,0.789703775803201,0.8723686074831518,null,null,null
ackley,optimized_iso_gpc,classifier_gated_diversity,classifier_gated_diversity,1,3,14,15,193,1.9750453846887783,False,False,False,193,0.7567677041773209,0.48646459164535827,0.5547771769205795,null,0.1,25,399,0.5,5,0.9199255786053807,0.4953238143569283,0.6207140224932828,0.7703198005493317,null,null,null
ackley,optimized_iso_gpc,classifier_gated_diversity,classifier_gated_diversity,1,4,15,16,2185,3.1826310505980775,False,False,False,2174,0.7794158082023159,0.44116838359536814,0.527646359570525,null,0.1,25,399,0.5,6,0.8149837852705765,0.6321819621624322,0.8521049104812712,0.8335443478759239,null,null,null
ackley,optimized_iso_gpc,classifier_gated_diversity,classifier_gated_diversity,1,5,16,17,134,3.2420885197254155,False,False,False,134,0.7935308874975817,0.41293822500483657,0.5092407776451678,null,0.1,25,399,0.5,9,0.8204438099896191,0.7251724286891946,1.0,0.9102219049948095,null,null,null
ackley,optimized_iso_gpc,classifier_gated_diversity,classifier_gated_diversity,1,6,17,18,3173,2.0724088863576977,False,False,False,3156,0.8028048753194525,0.3943902493610949,0.4964893684478514,null,0.1,25,399,0.5,0,1.0,0.3749334547234611,0.4966714619650695,0.7483357309825347,null,null,null
ackley,optimized_iso_gpc,classifier_gated_diversity,classifier_gated_diversity,1,7,18,19,1830,2.458287307178315,False,False,False,1822,0.8198157163094493,0.36036856738110146,0.47167280990994587,null,0.1,25,399,0.5,27,0.6856917538234375,0.6646236668238937,0.9820016365454569,0.8338466951844472,null,null,null
ackley,optimized_iso_gpc,classifier_gated_diversity,classifier_gated_diversity,1,8,19,20,893,3.6750442705502433,False,False,False,888,0.8224897780662559,0.3550204438674882,0.46759704265781465,null,0.1,25,399,0.5,0,1.0,0.4406062157922479,0.7016299845050467,0.8508149922525233,null,null,null
ackley,optimized_iso_gpc,classifier_gated_diversity,classifier_gated_diversity,1,9,20,21,1900,3.5611599234481623,False,False,False,1888,0.8330900875439511,0.33381982491209783,0.45095248493796314,null,0.1,25,398,0.5,0,1.0,0.43575487097602533,0.6924354337397233,0.8462177168698617,null,null,null
ackley,optimized_iso_gpc,classifier_gated_diversity,classifier_gated_diversity,1,10,21,22,176,3.5655912159342265,False,False,False,175,0.8422424064382312,0.31551518712353754,0.4359326800224258,null,0.1,25,398,0.5,4,0.8949758771076252,0.44254928069351995,0.7625338865230377,0.8287548818153314,null,null,null
ackley,optimized_iso_gpc,classifier_gated_diversity,classifier_gated_diversity,1,11,22,23,3499,2.9677986404634,False,False,False,3477,0.8551489982404519,0.28970200351909625,0.4136726631594788,null,0.1,25,398,0.5,111,0.31329649202554016,0.7051965876430918,1.0,0.65664824601277,null,null,null
ackley,optimized_iso_gpc,classifier_gated_diversity,classifier_gated_diversity,1,12,23,24,494,3.1329462351184016,False,False,False,491,0.8521881013369921,0.29562379732601585,0.4188947535217715,null,0.1,25,398,0.5,1,0.9988742915018142,0.24309966897175905,0.37168443774350884,0.6852793646226615,null,null,null
ackley,optimized_iso_gpc,classifier_gated_diversity,classifier_gated_diversity,1,13,24,25,2693,1.9731282362979243,False,False,False,2672,0.8630152828111477,0.2739694343777046,0.39945188574924484,null,0.1,25,398,0.5,23,0.7167754045825127,0.46218993918153806,0.7694465278152954,0.743110966198904,null,null,null
ackley,optimized_iso_gpc,classifier_gated_diversity,classifier_gated_diversity,1,14,25,26,2644,2.7857145957714344,False,False,False,2623,0.8704390155241981,0.2591219689516038,0.3855513030102727,null,0.1,25,398,0.5,77,0.46945978489569484,0.5637277146863284,0.8019551142881719,0.6357074495919334,null,null,null
ackley,optimized_iso_gpc,classifier_gated_diversity,classifier_gated_diversity,1,15,26,27,249,3.399101958375393,False,False,False,246,0.8758528841065072,0.24829423178698562,0.3751071936035645,null,0.1,25,398,0.5,116,0.35529557625280167,0.6897470723839919,1.0,0.6776477881264008,null,null,null
ackley,optimized_iso_gpc,classifier_gated_diversity,classifier_gated_diversity,1,16,27,28,2349,1.584526776881825,False,False,False,2327,0.8782047330747673,0.24359053385046536,0.3704867401363359,null,0.1,25,398,0.5,58,0.5149873072746042,0.43025429413771465,0.7892233878032688,0.6521053475389365,null,null,null
ackley,optimized_iso_gpc,classifier_gated_diversity,classifier_gated_diversity,1,17,28,29,2472,2.8283316872887223,False,False,False,2449,0.8822449831337735,0.23551003373245294,0.36242802599869,null,0.1,25,398,0.5,34,0.6426357214863839,0.42223983893822614,0.8362822293810426,0.7394589754337133,null,null,null
ackley,optimized_iso_gpc,classifier_gated_diversity,classifier_gated_diversity,1,18,29,30,2353,1.5773703325377753,False,False,False,2330,0.8853005546386612,0.2293988907226776,0.3562292457818685,null,0.1,25,398,0.5,22,0.6709680956333988,0.36655134704614206,0.7026127154320474,0.6867904055327231,null,null,null
ackley,optimized_iso_gpc,classifier_gated_diversity,classifier_gated_diversity,1,19,30,31,2512,2.4962445965911364,False,False,False,2487,0.8865153032206763,0.22696939355864743,0.3537394826215129,null,0.1,25,397,0.5,3,0.9427232654676826,0.20978200558078822,0.32257113031094464,0.6326471978893136,null,null,null
ackley,optimized_iso_gpc,classifier_gated_diversity,classifier_gated_diversity,1,20,31,32,3930,2.82487445346219,False,False,False,3899,0.8952052874511764,0.2095894250976471,0.33549208704723255,null,0.1,25,397,0.5,77,0.4197198305815922,0.4983294009235655,0.9443985724182098,0.682059201499901,null,null,null
ackley,optimized_iso_gpc,classifier_gated_diversity,classifier_gated_diversity,1,21,32,33,660,2.3664328012039757,False,False,False,654,0.8921705513840834,0.21565889723183318,0.34195307406063025,null,0.1,25,397,0.5,1,0.97104888350393,0.19067510485798567,0.30683350640864027,0.6389411949562851,null,null,null
ackley,optimized_iso_gpc,classifier_gated_diversity,classifier_gated_diversity,1,22,33,34,2380,2.6331225269216922,False,False,False,2355,0.9008056235838922,0.1983887528322157,0.3233092230918872,null,0.1,25,397,0.5,80,0.45925297198000836,0.4208347635993942,0.8244191950497796,0.641836083514894,null,null,null
ackley,optimized_iso_gpc,classifier_gated_diversity,classifier_gated_diversity,1,23,34,35,2979,2.8616153118355214,False,False,False,2948,0.9030423727460857,0.19391525450782865,0.31834630399440766,null,0.1,25,397,0.5,63,0.48667569392720633,0.4682256993879294,0.9273421405342763,0.7070089172307413,null,null,null
ackley,optimized_iso_gpc,classifier_gated_diversity,classifier_gated_diversity,1,24,35,36,1762,2.8526325861750443,False,False,False,1750,0.9042828853881701,0.1914342292236597,0.31556928419183156,null,0.1,25,397,0.5,32,0.6770891844239857,0.33763360628790595,0.706384411124417,0.6917367977742013,null,null,null
ackley,optimized_iso_gpc,classifier_gated_diversity,classifier_gated_diversity,1,25,36,37,2670,2.8371834217243332,False,False,False,2640,0.9025549296691224,0.19489014066175514,0.3194326761785327,null,0.1,25,397,0.5,0,1.0,0.17445695167459044,0.2496917534043729,0.6248458767021865,null,null,null
ackley,optimized_iso_gpc,classifier_gated_diversity,classifier_gated_diversity,1,26,37,38,3079,2.7802775729543487,False,False,False,3045,0.911564233361787,0.1768715332764259,0.29890374159137717,null,0.1,25,397,0.5,113,0.3833821470268084,0.44132852232884795,0.9641167199147952,0.6737494334708019,null,null,null
ackley,optimized_iso_gpc,classifier_gated_diversity,classifier_gated_diversity,1,27,38,39,3512,1.7602916874802812,False,False,False,3475,0.9132876839533992,0.17342463209320158,0.2948645967630419,null,0.1,25,397,0.5,119,0.3413914228742912,0.4511605642397987,1.0,0.6706957114371456,null,null,null
ackley,optimized_iso_gpc,classifier_gated_diversity,classifier_gated_diversity,1,28,39,40,1291,2.5352154879489195,False,False,False,1279,0.9115398462560051,0.1769203074879897,0.2989606302302317,null,0.1,25,397,0.5,8,0.862699394538538,0.2300951453561306,0.46787074380591914,0.6652850691722285,null,null,null
ackley,optimized_iso_gpc,classifier_gated_diversity,classifier_gated_diversity,1,29,40,41,3382,2.507621196247742,False,False,False,3345,0.9146836338418325,0.17063273231633502,0.29156553203248575,null,0.1,25,396,0.5,19,0.7265346609117097,0.3096626739070392,0.6659777115965857,0.6962561862541476,null,null,null
ackley,optimized_iso_gpc,classifier_gated_diversity,classifier_gated_diversity,1,30,41,42,376,2.417400237243019,False,False,False,372,0.9162129495749696,0.16757410085006086,0.2879226039005281,null,0.1,25,396,0.5,10,0.7813662109103795,0.2555106730519903,0.52523057808594,0.6532983944981597,null,null,null
ackley,optimized_iso_gpc,classifier_gated_diversity,classifier_gated_diversity,1,31,42,43,2521,2.7231113103976874,False,False,False,2490,0.9181800411348604,0.1636399177302792,0.28319199524062943,null,0.1,25,396,0.5,7,0.8112735095466711,0.24827510425963661,0.47077603038802773,0.6410247699673495,null,null,null
ackley,optimized_iso_gpc,classifier_gated_diversity,classifier_gated_diversity,1,32,43,44,2080,3.444448874715972,False,False,False,2058,0.9203202942130702,0.1593594115738597,0.2779864043639632,null,0.1,25,396,0.5,16,0.7359142422419812,0.2910531337960077,0.5741343505914467,0.6550242964167139,null,null,null
ackley,optimized_iso_gpc,classifier_gated_diversity,classifier_gated_diversity,1,33,44,45,922,2.4944575587676443,False,False,False,911,0.9211915140053861,0.15761697198922775,0.2758495922804367,null,0.1,25,396,0.5,13,0.7821693164096502,0.2587033205584062,0.4737667318602551,0.6279680241349526,null,null,null
ackley,optimized_iso_gpc,classifier_gated_diversity,classifier_gated_diversity,1,34,45,46,1730,2.6415755566359387,False,False,False,1715,0.9258723747086606,0.14825525058267885,0.2641872867678739,null,0.1,25,396,0.5,87,0.38739895601653035,0.4131190462788906,0.8690644304727884,0.6282316932446593,null,null,null
ackley,optimized_iso_gpc,classifier_gated_diversity,classifier_gated_diversity,1,35,46,47,3187,2.629603895223582,False,False,False,3145,0.9254811174358792,0.14903776512824152,0.26517407765830414,null,0.1,25,396,0.5,29,0.6003177939547977,0.29421310070531687,0.6258225352823098,0.6130701646185537,null,null,null
ackley,optimized_iso_gpc,classifier_gated_diversity,classifier_gated_diversity,1,36,47,48,2251,3.2072083243669898,False,False,False,2224,0.9291682061131041,0.14166358777379173,0.25578524466718033,null,0.1,25,396,0.5,117,0.2851012927585461,0.4331303237956003,0.9341885955864381,0.609644944172492,null,null,null
ackley,optimized_iso_gpc,classifier_gated_diversity,classifier_gated_diversity,1,37,48,49,708,1.9676886194494063,False,False,False,700,0.9298846022213638,0.14023079555727236,0.25393734289955494,null,0.1,25,396,0.5,101,0.341821777038972,0.38571657645078833,0.8636503479961818,0.6027360625175768,null,null,null
ackley,optimized_iso_gpc,classifier_gated_diversity,classifier_gated_diversity,1,38,49,50,1929,1.6982726848973666,False,False,False,1906,0.9310227607301158,0.1379544785397684,0.2509853120903727,null,0.1,25,396,0.5,78,0.36600676512772384,0.39302616325610584,0.8865349814293395,0.6262708732785317,null,null,null
ackley,optimized_iso_gpc,classifier_gated_diversity,classifier_gated_diversity,1,39,50,51,1377,3.174611470508907,False,False,False,1361,0.928066763048605,0.14386647390278995,0.2586111662610788,null,0.1,25,395,0.5,1,0.9479101359433908,0.1432630030386791,0.2588700992930148,0.6033901176182028,null,null,null
ackley,optimized_iso_gpc,classifier_gated_diversity,classifier_gated_diversity,1,40,51,52,2279,2.0550821219445012,False,False,False,2247,0.9329870790583072,0.1340258418833855,0.24584284980377982,null,0.1,25,395,0.5,51,0.5438959254439487,0.31563929684954517,0.644846134487226,0.5943710299655873,null,null,null
ackley,optimized_iso_gpc,classifier_gated_diversity,classifier_gated_diversity,1,41,52,53,2783,2.9100819124182884,False,False,False,2739,0.9313534244729453,0.13729315105410933,0.2501239047870675,null,0.1,25,395,0.5,3,0.8901249400839809,0.16536482663041963,0.28246568431685465,0.5862953122004178,null,null,null
ackley,optimized_iso_gpc,classifier_gated_diversity,classifier_gated_diversity,1,42,53,54,3673,2.5839685207912133,False,False,False,3621,0.9369957257082433,0.1260085485835134,0.2351550942654657,null,0.1,25,395,0.5,157,0.2834421771044313,0.4381766606296104,0.8983909669474913,0.5909165720259613,null,null,null
ackley,optimized_iso_gpc,classifier_gated_diversity,classifier_gated_diversity,1,43,54,55,3830,1.7901809565207838,False,False,False,3777,0.9332639777622944,0.13347204447541117,0.24511302148182088,null,0.1,25,395,0.5,2,0.9715071950442822,0.1680430258818081,0.2647436491912395,0.6181254221177608,null,null,null
ackley,optimized_iso_gpc,classifier_gated_diversity,classifier_gated_diversity,1,44,55,56,749,2.0281218369515113,False,False,False,739,0.9370473471689138,0.1259053056621724,0.23501572078822364,null,0.1,25,395,0.5,36,0.5927440086577889,0.27988522650828684,0.6909558816749797,0.6418499451663843,null,null,null
ackley,optimized_iso_gpc,classifier_gated_diversity,classifier_gated_diversity,1,45,56,57,1688,2.3936136357155835,False,False,False,1670,0.9374359275137749,0.12512814497245017,0.23396513519508105,null,0.1,25,395,0.5,19,0.6939854141707582,0.24536604648853946,0.4249334838240378,0.559459448997398,null,null,null
ackley,optimized_iso_gpc,classifier_gated_diversity,classifier_gated_diversity,1,46,57,58,3168,2.082937420388282,False,False,False,3119,0.9378520558186665,0.12429588836266703,0.23283721436768492,null,0.1,25,395,0.5,5,0.8324264200429989,0.17146791018298324,0.2939042224631473,0.5631653212530732,null,null,null
ackley,optimized_iso_gpc,classifier_gated_diversity,classifier_gated_diversity,1,47,58,59,66,2.7463839812264634,False,False,False,66,0.9387592837155125,0.12248143256897492,0.23036783737166822,null,0.1,25,395,0.5,7,0.8856884474529497,0.16421224317318145,0.2587212806245445,0.5722048640387472,null,null,null
ackley,optimized_iso_gpc,classifier_gated_diversity,classifier_gated_diversity,1,48,59,60,1540,2.6792589552961843,False,False,False,1521,0.9425229794868528,0.11495404102629436,0.2199682677475809,null,0.1,25,395,0.5,93,0.34868142587662126,0.38706595252688075,0.7238472377798449,0.5362643318282331,null,null,null
ackley,optimized_iso_gpc,classifier_gated_diversity,classifier_gated_diversity,1,49,60,61,1281,2.6899512479366745,False,False,False,1264,0.9451461678612532,0.10970766427749368,0.2125663118822454,null,0.1,25,394,0.5,300,0.07420911455750595,0.46731077123700726,1.0,0.537104557278753,null,null,null
ackley,optimized_iso_gpc,classifier_gated_diversity,classifier_gated_diversity,1,50,61,62,560,3.131337058756607,False,False,False,553,0.9410533686242388,0.11789326275152234,0.22405925041189853,null,0.1,25,394,0.5,7,0.7201277798814243,0.1926743986489949,0.45344136207217434,0.5867845709767994,null,null,null
ackley,optimized_iso_gpc,classifier_gated_diversity,classifier_gated_diversity,1,51,62,63,3390,2.9148971754719586,False,False,False,3333,0.9441128235628184,0.1117743528743631,0.21549766186768793,null,0.1,25,394,0.5,41,0.507129341715932,0.2861904148203248,0.7317288891514467,0.6194291154336894,null,null,null
ackley,optimized_iso_gpc,classifier_gated_diversity,classifier_gated_diversity,1,52,63,64,1121,1.420378861769585,False,False,False,1104,0.9463272920186228,0.10734541596275449,0.20919049800966993,null,0.1,25,394,0.5,154,0.24518810732352914,0.3347392327826984,0.8129364527080478,0.5290622800157885,null,null,null
ackley,optimized_iso_gpc,classifier_gated_diversity,classifier_gated_diversity,1,53,64,65,1055,2.607969906275562,False,False,False,1038,0.9424487079623987,0.11510258407520269,0.2201759673122263,null,0.1,25,394,0.5,0,1.0,0.08419501948255377,0.1273501787031384,0.5636750893515692,null,null,null
ackley,optimized_iso_gpc,classifier_gated_diversity,classifier_gated_diversity,1,54,65,66,3758,2.9540813008725575,False,False,False,3695,0.9444687096344069,0.11106258073118624,0.21449040110472609,null,0.1,25,394,0.5,6,0.8398565067018722,0.15235295416989528,0.28683849109420806,0.5633474988980401,null,null,null
ackley,optimized_iso_gpc,classifier_gated_diversity,classifier_gated_diversity,1,55,66,67,3791,0.883244832611247,False,False,False,3727,0.9488471798857745,0.10230564022845101,0.20189576310823787,null,0.1,25,394,0.5,174,0.2357562512359791,0.3557496682384632,0.9386854679822455,0.5872208596091123,null,null,null
ackley,optimized_iso_gpc,classifier_gated_diversity,classifier_gated_diversity,1,56,67,68,3338,2.0313835002707936,False,False,False,3280,0.9493525681707524,0.10129486365849516,0.20041717249161703,null,0.1,25,394,0.5,161,0.2565452810893951,0.35261903566430575,0.9052681214962216,0.5809067012928084,null,null,null
ackley,optimized_iso_gpc,classifier_gated_diversity,classifier_gated_diversity,1,57,68,69,3565,2.4244371221992242,False,False,False,3502,0.9471413947035217,0.10571721059295669,0.20684772504000404,null,0.1,25,394,0.5,12,0.7706788862822201,0.1870724527760136,0.38887749884654593,0.579778192564383,null,null,null
ackley,optimized_iso_gpc,classifier_gated_diversity,classifier_gated_diversity,1,58,69,70,2933,1.8207582203305108,False,False,False,2880,0.9501764239054182,0.09964715218916353,0.1979954459204543,null,0.1,25,394,0.5,106,0.34336061198844275,0.2970532940181901,0.7640487345288588,0.5537046732586508,null,null,null
ackley,optimized_iso_gpc,classifier_gated_diversity,classifier_gated_diversity,1,59,70,71,947,3.0476879781415036,False,False,False,931,0.9469108018159886,0.10617839636802273,0.2075126461031287,null,0.1,25,393,0.5,0,1.0,0.05342992011462161,0.03371839408866203,0.516859197044331,null,null,null
ackley,optimized_iso_gpc,classifier_gated_diversity,classifier_gated_diversity,1,60,71,72,364,2.230046536743414,False,False,False,359,0.9489354884477734,0.10212902310445315,0.2016377837435388,null,0.1,25,393,0.5,5,0.8107243042342874,0.13880514453347897,0.25217292586835505,0.5314486150513212,null,null,null
ackley,optimized_iso_gpc,classifier_gated_diversity,classifier_gated_diversity,1,61,72,73,1054,2.339434716750791,False,False,False,1035,0.949242406927965,0.10151518614406996,0.20073991705731745,null,0.1,25,393,0.5,0,1.0,0.09845445412770028,0.14892527715547205,0.574462638577736,null,null,null
ackley,optimized_iso_gpc,classifier_gated_diversity,classifier_gated_diversity,1,62,73,74,1911,2.557805794727839,False,False,False,1876,0.9536573671676933,0.09268526566461333,0.18760216812468844,null,0.1,25,393,0.5,195,0.22711626373577185,0.4310668969464432,1.0,0.6135581318678859,null,null,null
ackley,optimized_iso_gpc,classifier_gated_diversity,classifier_gated_diversity,1,63,74,75,2507,2.8489839794275404,False,False,False,2457,0.951157411446502,0.09768517710699598,0.1950931106102688,null,0.1,25,393,0.5,8,0.8124951579068282,0.13391716221384795,0.24808692569079396,0.5302910417988111,null,null,null
ackley,optimized_iso_gpc,classifier_gated_diversity,classifier_gated_diversity,1,64,75,76,1524,2.5749184543844414,False,False,False,1498,0.9514147827169381,0.09717043456612373,0.19432824140251923,null,0.1,25,393,0.5,5,0.9249417065633021,0.11884178709413139,0.2081573028593543,0.5665495047113283,null,null,null
ackley,optimized_iso_gpc,classifier_gated_diversity,classifier_gated_diversity,1,65,76,77,1115,2.612520592974212,False,False,False,1094,0.9549020637027752,0.09019587259444961,0.1838202254385494,null,0.1,25,393,0.5,139,0.31651407848249263,0.3315088808153501,0.7714412525794956,0.5439776655309941,null,null,null
ackley,optimized_iso_gpc,classifier_gated_diversity,classifier_gated_diversity,1,66,77,78,2125,2.778761432473237,False,False,False,2083,0.9518731559379603,0.09625368812407942,0.1929624708234121,null,0.1,25,393,0.5,1,0.9522473557000076,0.07847370691303265,0.10123577001122892,0.5267415628556182,null,null,null
ackley,optimized_iso_gpc,classifier_gated_diversity,classifier_gated_diversity,1,67,78,79,3045,2.7481810812170604,False,False,False,2982,0.9530377476850163,0.09392450462996749,0.18947172218551914,null,0.1,25,393,0.5,2,0.9515933289020109,0.09878969458311901,0.15504602140946933,0.5533196751557401,null,null,null
ackley,optimized_iso_gpc,classifier_gated_diversity,classifier_gated_diversity,1,68,79,80,800,2.1791239055595675,False,False,False,786,0.9546378921486394,0.09072421570272127,0.18462587227953897,null,0.1,25,393,0.5,11,0.752502838709154,0.171824700009499,0.34849130532505335,0.5504970720171036,null,null,null
ackley,optimized_iso_gpc,classifier_uncertainty_repulsion,classifier_uncertainty_repulsion,1,1,12,13,2473,2.294707115076882,False,False,False,2462,0.4995873447104293,0.9991746894208586,0.6931468399911307,null,0.1,25,399,null,4,0.9921711547850671,null,null,0.9921315471728384,0.15,0.6751209751221854,0.9999600798591677
ackley,optimized_iso_gpc,classifier_uncertainty_repulsion,classifier_uncertainty_repulsion,1,2,13,14,3173,2.0724088863576977,False,False,False,3160,0.5590693533656008,0.8818612932687984,0.6861524796588032,null,0.1,25,399,null,0,1.0,null,null,0.9560143137458162,0.15,0.3749334547234611,0.9560143137458162
ackley,optimized_iso_gpc,classifier_uncertainty_repulsion,classifier_uncertainty_repulsion,1,3,14,15,632,3.039799458990842,False,False,False,632,0.7567819182297626,0.4864361635404748,0.5547610428621212,null,0.1,25,399,null,0,1.0,null,null,0.999597453734063,0.15,0.5931243743647725,0.999597453734063
ackley,optimized_iso_gpc,classifier_uncertainty_repulsion,classifier_uncertainty_repulsion,1,4,15,16,2185,3.1826310505980775,False,False,False,2175,0.7755724817338887,0.4488550365322226,0.5324548764147714,null,0.1,25,399,null,0,1.0,null,null,0.9998610228100581,0.15,0.6321819621624322,0.9998610228100581
ackley,optimized_iso_gpc,classifier_uncertainty_repulsion,classifier_uncertainty_repulsion,1,5,16,17,1900,3.5611599234481623,False,False,False,1892,0.7944189978345548,0.41116200433089034,0.5080426681094274,null,0.1,25,399,null,0,1.0,null,null,0.9999999736417693,0.15,0.8861810403113672,0.9999999736417693
ackley,optimized_iso_gpc,classifier_uncertainty_repulsion,classifier_uncertainty_repulsion,1,6,17,18,893,3.6750442705502433,False,False,False,890,0.8027442653760772,0.3945114692478455,0.49657444823495245,null,0.1,25,399,null,0,1.0,null,null,0.9866212182077397,0.15,0.4406062157922479,0.9866212182077397
ackley,optimized_iso_gpc,classifier_uncertainty_repulsion,classifier_uncertainty_repulsion,1,7,18,19,2125,2.778761432473237,False,False,False,2113,0.8176923911886433,0.3646152176227133,0.4748746445802603,null,0.1,25,399,null,8,0.8990711178957934,null,null,0.8701796029543055,0.15,0.39332129163375895,0.9678651506355734
ackley,optimized_iso_gpc,classifier_uncertainty_repulsion,classifier_uncertainty_repulsion,1,8,19,20,2693,1.9731282362979243,False,False,False,2676,0.8270429361995184,0.3459141276009632,0.4605441696597081,null,0.1,25,399,null,6,0.8673280360961443,null,null,0.8598023921835336,0.15,0.46218993918153806,0.9913231861540143
ackley,optimized_iso_gpc,classifier_uncertainty_repulsion,classifier_uncertainty_repulsion,1,9,20,21,176,3.5655912159342265,False,False,False,176,0.8382730382022601,0.32345392359547986,0.4425225128486366,null,0.1,25,398,null,9,0.8820177510643576,null,null,0.8706589491677492,0.15,0.44254928069351995,0.9871217989854496
ackley,optimized_iso_gpc,classifier_uncertainty_repulsion,classifier_uncertainty_repulsion,1,10,21,22,2472,2.8283316872887223,False,False,False,2455,0.844021701872748,0.3119565962545039,0.4329403954280897,null,0.1,25,398,null,8,0.7854334366660133,null,null,0.7704893765971391,0.15,0.42223983893822614,0.9809734862672662
ackley,optimized_iso_gpc,classifier_uncertainty_repulsion,classifier_uncertainty_repulsion,1,11,22,23,494,3.1329462351184016,False,False,False,493,0.8496711707693976,0.30065765846120485,0.42327905155734896,null,0.1,25,398,null,0,1.0,null,null,0.731062601452865,0.15,0.24309966897175905,0.731062601452865
ackley,optimized_iso_gpc,classifier_uncertainty_repulsion,classifier_uncertainty_repulsion,1,12,23,24,134,3.2420885197254155,False,False,False,134,0.857491086906748,0.28501782618650395,0.4094918788145828,null,0.1,25,398,null,0,1.0,null,null,0.8743181710939131,0.15,0.30549971847705937,0.8743181710939131
ackley,optimized_iso_gpc,classifier_uncertainty_repulsion,classifier_uncertainty_repulsion,1,13,24,25,3499,2.9677986404634,False,False,False,3475,0.8662273115010066,0.26754537699798675,0.39349601871925455,null,0.1,25,398,null,33,0.632110793836315,null,null,0.6321007630463434,0.15,0.7051965876430918,0.9999841312787736
ackley,optimized_iso_gpc,classifier_uncertainty_repulsion,classifier_uncertainty_repulsion,1,14,25,26,2521,2.7231113103976874,False,False,False,2500,0.8691448894625182,0.26171022107496356,0.38800900956541906,null,0.1,25,398,null,26,0.6313847006054847,null,null,0.631067269425435,0.15,0.5846310215207144,0.9994972460058894
ackley,optimized_iso_gpc,classifier_uncertainty_repulsion,classifier_uncertainty_repulsion,1,15,26,27,1702,2.3374961336475852,False,False,False,1693,0.8724709395120271,0.2550581209759457,0.38166241349415053,null,0.1,25,398,null,17,0.7040126480442235,null,null,0.6025294056047259,0.15,0.2952297726052149,0.8558502567795874
ackley,optimized_iso_gpc,classifier_uncertainty_repulsion,classifier_uncertainty_repulsion,1,16,27,28,2512,2.4962445965911364,False,False,False,2490,0.8757436771069251,0.24851264578614973,0.37532049986135324,null,0.1,25,398,null,0,1.0,null,null,0.6239249074988991,0.15,0.20978200558078822,0.6239249074988991
ackley,optimized_iso_gpc,classifier_uncertainty_repulsion,classifier_uncertainty_repulsion,1,17,28,29,3187,2.629603895223582,False,False,False,3160,0.8824422131599476,0.23511557368010472,0.3620306443515106,null,0.1,25,398,null,16,0.7166700344298002,null,null,0.6260433361624276,0.15,0.3050475382028533,0.873544736191632
ackley,optimized_iso_gpc,classifier_uncertainty_repulsion,classifier_uncertainty_repulsion,1,18,29,30,1830,2.458287307178315,False,False,False,1819,0.8866087538686998,0.2267824922626005,0.35354733921692466,null,0.1,25,398,null,15,0.695658237436622,null,null,0.6896534522456901,0.15,0.46244305793451457,0.9913681965255546
ackley,optimized_iso_gpc,classifier_uncertainty_repulsion,classifier_uncertainty_repulsion,1,19,30,31,249,3.399101958375393,False,False,False,247,0.8904230526698029,0.21915389466039414,0.3456299282236164,null,0.1,25,397,null,24,0.6852718100104919,null,null,0.6852542552376982,0.15,0.6897470723839919,0.9999743827594582
ackley,optimized_iso_gpc,classifier_uncertainty_repulsion,classifier_uncertainty_repulsion,1,20,31,32,1291,2.5352154879489195,False,False,False,1281,0.8918604434857116,0.21627911302857683,0.3426078656856825,null,0.1,25,397,null,10,0.8229995159370151,null,null,0.5692297915688852,0.15,0.2300951453561306,0.6916526444378235
ackley,optimized_iso_gpc,classifier_uncertainty_repulsion,classifier_uncertainty_repulsion,1,21,32,33,2353,1.5773703325377753,False,False,False,2330,0.8961684166969235,0.20766316660615303,0.33342116948294154,null,0.1,25,397,null,18,0.7543635709535238,null,null,0.7162679588488419,0.15,0.36655134704614206,0.9494996662464379
ackley,optimized_iso_gpc,classifier_uncertainty_repulsion,classifier_uncertainty_repulsion,1,22,33,34,3930,2.82487445346219,False,False,False,3897,0.8993341259611043,0.20133174807779142,0.32654358977073344,null,0.1,25,397,null,20,0.65445500487736,null,null,0.6544541368361898,0.15,0.7803770506765999,0.9999986736427048
ackley,optimized_iso_gpc,classifier_uncertainty_repulsion,classifier_uncertainty_repulsion,1,23,34,35,922,2.4944575587676443,False,False,False,914,0.9011394663743886,0.19772106725122285,0.32257207213130085,null,0.1,25,397,null,16,0.7468077202001577,null,null,0.578038534806541,0.15,0.2587033205584062,0.774012532505176
ackley,optimized_iso_gpc,classifier_uncertainty_repulsion,classifier_uncertainty_repulsion,1,24,35,36,376,2.417400237243019,False,False,False,373,0.904456643842309,0.1910867123153821,0.3151788924884393,null,0.1,25,397,null,20,0.6722605370021426,null,null,0.5146932563016514,0.15,0.2555106730519903,0.7656157515906827
ackley,optimized_iso_gpc,classifier_uncertainty_repulsion,classifier_uncertainty_repulsion,1,25,36,37,2644,2.7857145957714344,False,False,False,2614,0.9066195456074411,0.18676090878511786,0.31028996813910387,null,0.1,25,397,null,14,0.6876254248688035,null,null,0.5128582338096838,0.15,0.24827510425963661,0.7458395447020234
ackley,optimized_iso_gpc,classifier_uncertainty_repulsion,classifier_uncertainty_repulsion,1,26,37,38,2080,3.444448874715972,False,False,False,2059,0.9085169772921518,0.1829660454156965,0.30595563505972695,null,0.1,25,397,null,9,0.8009860995754388,null,null,0.6790671674253635,0.15,0.2910531337960077,0.8477889538723604
ackley,optimized_iso_gpc,classifier_uncertainty_repulsion,classifier_uncertainty_repulsion,1,27,38,39,3382,2.507621196247742,False,False,False,3346,0.9116219791909543,0.17675604161809133,0.29876900649333354,null,0.1,25,397,null,26,0.663055315511568,null,null,0.5885412981993701,0.15,0.3136306779822885,0.8876202097034572
ackley,optimized_iso_gpc,classifier_uncertainty_repulsion,classifier_uncertainty_repulsion,1,28,39,40,749,2.0281218369515113,False,False,False,742,0.9138151619680457,0.17236967606390863,0.2936209136091118,null,0.1,25,397,null,25,0.6007699605454755,null,null,0.4954062918360487,0.15,0.27988522650828684,0.8246189463039052
ackley,optimized_iso_gpc,classifier_uncertainty_repulsion,classifier_uncertainty_repulsion,1,29,40,41,3079,2.7802775729543487,False,False,False,3044,0.9163864017597234,0.16722719648055318,0.28750751533964203,null,0.1,25,396,null,35,0.5342155936920784,null,null,0.5271689033254005,0.15,0.44132852232884795,0.9868092761613775
ackley,optimized_iso_gpc,classifier_uncertainty_repulsion,classifier_uncertainty_repulsion,1,30,41,42,560,3.131337058756607,False,False,False,555,0.9160075406501846,0.16798491869963073,0.28841366135013946,null,0.1,25,396,null,12,0.7157551857170941,null,null,0.428219197442042,0.15,0.20258222331934078,0.5982760669949206
ackley,optimized_iso_gpc,classifier_uncertainty_repulsion,classifier_uncertainty_repulsion,1,31,42,43,3390,2.9148971754719586,False,False,False,3350,0.9203527652355206,0.15929446952895887,0.277906950101407,null,0.1,25,396,null,45,0.5209835952701689,null,null,0.49969152656810034,0.15,0.3793181725887352,0.9591310189123574
ackley,optimized_iso_gpc,classifier_uncertainty_repulsion,classifier_uncertainty_repulsion,1,32,43,44,3168,2.082937420388282,False,False,False,3131,0.9191711792747128,0.16165764145057437,0.2807889875105229,null,0.1,25,396,null,3,0.8715736448144614,null,null,0.4180989890227204,0.15,0.17146791018298324,0.47970586480012756
ackley,optimized_iso_gpc,classifier_uncertainty_repulsion,classifier_uncertainty_repulsion,1,33,44,45,1688,2.3936136357155835,False,False,False,1673,0.9223614573214718,0.15527708535705642,0.2729636442841338,null,0.1,25,396,null,21,0.706316608351787,null,null,0.5209777373269154,0.15,0.24536604648853946,0.7375980278060205
ackley,optimized_iso_gpc,classifier_uncertainty_repulsion,classifier_uncertainty_repulsion,1,34,45,46,2251,3.2072083243669898,False,False,False,2224,0.925155678283204,0.149688643433592,0.2659931770584104,null,0.1,25,396,null,45,0.5349768730693488,null,null,0.526701426305031,0.15,0.4331303237956003,0.9845312065233051
ackley,optimized_iso_gpc,classifier_uncertainty_repulsion,classifier_uncertainty_repulsion,1,35,46,47,656,1.76738344850569,False,False,False,649,0.9266516022544238,0.14669679549115244,0.2622153397869231,null,0.1,25,396,null,62,0.489290574633839,null,null,0.41590867037208507,0.15,0.2921943915716872,0.8500238752469954
ackley,optimized_iso_gpc,classifier_uncertainty_repulsion,classifier_uncertainty_repulsion,1,36,47,48,1730,2.6415755566359387,False,False,False,1712,0.9279279371344273,0.14414412573114532,0.2589660505700435,null,0.1,25,396,null,59,0.5350636659800375,null,null,0.5230050666352395,0.15,0.4131190462788906,0.9774632438876013
ackley,optimized_iso_gpc,classifier_uncertainty_repulsion,classifier_uncertainty_repulsion,1,37,48,49,1212,1.4531510016108147,False,False,False,1197,0.9277168356294396,0.14456632874112074,0.25950514275005876,null,0.1,25,396,null,17,0.7337481148229866,null,null,0.4110345235442955,0.15,0.1922577082632382,0.5601847762749697
ackley,optimized_iso_gpc,classifier_uncertainty_repulsion,classifier_uncertainty_repulsion,1,38,49,50,2279,2.0550821219445012,False,False,False,2247,0.9301316347630291,0.13973673047394186,0.2532983155202984,null,0.1,25,396,null,38,0.5788665540915409,null,null,0.5156154403252099,0.15,0.31563929684954517,0.8907328237928761
ackley,optimized_iso_gpc,classifier_uncertainty_repulsion,classifier_uncertainty_repulsion,1,39,50,51,660,2.3664328012039757,False,False,False,652,0.9290798820975397,0.14184023580492067,0.25601252983414,null,0.1,25,395,null,4,0.9384871397655122,null,null,0.3973478297474926,0.15,0.15740602948476204,0.42339187497739483
ackley,optimized_iso_gpc,classifier_uncertainty_repulsion,classifier_uncertainty_repulsion,1,40,51,52,2783,2.9100819124182884,False,False,False,2740,0.9305199233173198,0.13896015336536038,0.2522919858533639,null,0.1,25,395,null,3,0.8570249008408976,null,null,0.3902773099379689,0.15,0.16536482663041963,0.45538619654462287
ackley,optimized_iso_gpc,classifier_uncertainty_repulsion,classifier_uncertainty_repulsion,1,41,52,53,3830,1.7901809565207838,False,False,False,3779,0.932185414740843,0.1356291705183139,0.24794891692260904,null,0.1,25,395,null,0,1.0,null,null,0.46608642678991663,0.15,0.1680430258818081,0.46608642678991663
ackley,optimized_iso_gpc,classifier_uncertainty_repulsion,classifier_uncertainty_repulsion,1,42,53,54,978,1.5781481473742343,False,False,False,963,0.9356952511068357,0.12860949778632857,0.238651461362392,null,0.1,25,395,null,40,0.5481350211633162,null,null,0.5135937732601151,0.15,0.3526989296783122,0.9369840521594595
ackley,optimized_iso_gpc,classifier_uncertainty_repulsion,classifier_uncertainty_repulsion,1,43,54,55,2380,2.6331225269216922,False,False,False,2343,0.9370360448629071,0.1259279102741857,0.23504623989784426,null,0.1,25,395,null,60,0.46157469979423005,null,null,0.38827827926179515,0.15,0.2877602227907389,0.8412035569429814
ackley,optimized_iso_gpc,classifier_uncertainty_repulsion,classifier_uncertainty_repulsion,1,44,55,56,1047,3.0004528033745235,False,False,False,1031,0.9379695959642049,0.12406080807159015,0.23251808307192812,null,0.1,25,395,null,47,0.4962101090557442,null,null,0.4124475276541772,0.15,0.2829409614239803,0.8311953346517632
ackley,optimized_iso_gpc,classifier_uncertainty_repulsion,classifier_uncertainty_repulsion,1,45,56,57,843,2.473912957903611,False,False,False,832,0.938760729628143,0.12247854074371389,0.23036389037807237,null,0.1,25,395,null,48,0.4802699562025492,null,null,0.3603090237430694,0.15,0.24984635327461008,0.7502218681176729
ackley,optimized_iso_gpc,classifier_uncertainty_repulsion,classifier_uncertainty_repulsion,1,46,57,58,66,2.7463839812264634,False,False,False,66,0.9381091129441756,0.1237817741116487,0.23213897460352856,null,0.1,25,395,null,10,0.7668721473470758,null,null,0.3456825051480601,0.15,0.16421224317318145,0.4507694096648538
ackley,optimized_iso_gpc,classifier_uncertainty_repulsion,classifier_uncertainty_repulsion,1,47,58,59,3207,2.6874269819693275,False,False,False,3154,0.9409974031570982,0.11800519368580353,0.22421426709264886,null,0.1,25,395,null,46,0.41227995623910846,null,null,0.32249559059304894,0.15,0.2619029008297395,0.7822247618703355
ackley,optimized_iso_gpc,classifier_uncertainty_repulsion,classifier_uncertainty_repulsion,1,48,59,60,1543,1.9244822729773343,False,False,False,1521,0.9408972110513787,0.11820557789724262,0.22449164464064802,null,0.1,25,395,null,24,0.5635543247873637,null,null,0.304944163645727,0.15,0.18722283231009665,0.5411087276471286
ackley,optimized_iso_gpc,classifier_uncertainty_repulsion,classifier_uncertainty_repulsion,1,49,60,61,1377,3.174611470508907,False,False,False,1355,0.9391084017527191,0.12178319649456171,0.22941377159490223,null,0.1,25,394,null,1,0.9147218126983723,null,null,0.2995997509041469,0.15,0.13362622122554166,0.327531000950274
ackley,optimized_iso_gpc,classifier_uncertainty_repulsion,classifier_uncertainty_repulsion,1,50,61,62,3565,2.4244371221992242,False,False,False,3506,0.9428247000298597,0.11435059994028052,0.21912346095954455,null,0.1,25,394,null,24,0.633482510472757,null,null,0.3424190784126245,0.15,0.1870724527760136,0.5405343837465743
ackley,optimized_iso_gpc,classifier_uncertainty_repulsion,classifier_uncertainty_repulsion,1,51,62,63,2933,1.8207582203305108,False,False,False,2882,0.944940164850891,0.1101196702982179,0.21315232517557078,null,0.1,25,394,null,69,0.3645921439914102,null,null,0.31427914417372227,0.15,0.2985351104279284,0.8620019639839708
ackley,optimized_iso_gpc,classifier_uncertainty_repulsion,classifier_uncertainty_repulsion,1,52,63,64,3426,3.0340176533378695,False,False,False,3367,0.9451787088245283,0.10964258235094348,0.21247366836412207,null,0.1,25,394,null,39,0.45298317476252553,null,null,0.3188723696385723,0.15,0.23403736440644074,0.703938661310632
ackley,optimized_iso_gpc,classifier_uncertainty_repulsion,classifier_uncertainty_repulsion,1,53,64,65,1102,2.261644721952665,False,False,False,1083,0.9455436070348924,0.10891278593021525,0.21143340783907683,null,0.1,25,394,null,35,0.5089930171722257,null,null,0.3073389079797224,0.15,0.20411912685013175,0.603817533071833
ackley,optimized_iso_gpc,classifier_uncertainty_repulsion,classifier_uncertainty_repulsion,1,54,65,66,1121,1.420378861769585,False,False,False,1101,0.9472747650214615,0.10545046995707708,0.20646266347173975,null,0.1,25,394,null,73,0.36909928621654553,null,null,0.33849751744206363,0.15,0.3347392327826984,0.9170906855763242
ackley,optimized_iso_gpc,classifier_uncertainty_repulsion,classifier_uncertainty_repulsion,1,55,66,67,2490,1.6721468797270127,False,False,False,2443,0.9469075679793377,0.10618486404132454,0.20752196343086635,null,0.1,25,394,null,27,0.5759209688623642,null,null,0.33161675484284686,0.15,0.1964434518236627,0.5758025367576048
ackley,optimized_iso_gpc,classifier_uncertainty_repulsion,classifier_uncertainty_repulsion,1,56,67,68,1707,3.025696805105463,False,False,False,1679,0.9478699827221817,0.1042600345556366,0.20473982071526525,null,0.1,25,394,null,30,0.5105475439439552,null,null,0.282784010004352,0.15,0.1905857058955628,0.5538837927215536
ackley,optimized_iso_gpc,classifier_uncertainty_repulsion,classifier_uncertainty_repulsion,1,57,68,69,3512,1.7602916874802812,False,False,False,3447,0.9499356520201445,0.10012869595971097,0.19870466847777074,null,0.1,25,394,null,114,0.31918610136588665,null,null,0.3157217233680423,0.15,0.4511605642397987,0.989146212873871
ackley,optimized_iso_gpc,classifier_uncertainty_repulsion,classifier_uncertainty_repulsion,1,58,69,70,1540,2.6792589552961843,False,False,False,1515,0.9503657107718482,0.09926857845630366,0.19743701919495185,null,0.1,25,394,null,108,0.3596437669534766,null,null,0.34676242988121597,0.15,0.38706595252688075,0.964183065978377
ackley,optimized_iso_gpc,classifier_uncertainty_repulsion,classifier_uncertainty_repulsion,1,59,70,71,1899,2.068232624556135,False,False,False,1864,0.9501276603513134,0.0997446792973733,0.19813918354376978,null,0.1,25,393,null,40,0.4993698630943358,null,null,0.3130616750411531,0.15,0.21063598007556233,0.626913432663462
ackley,optimized_iso_gpc,classifier_uncertainty_repulsion,classifier_uncertainty_repulsion,1,60,71,72,2670,2.8371834217243332,False,False,False,2616,0.9482872450092827,0.10342550998143452,0.20352779505342675,null,0.1,25,393,null,2,0.8660064743928516,null,null,0.28603076877200256,0.15,0.13431596183077607,0.3302871020364321
ackley,optimized_iso_gpc,classifier_uncertainty_repulsion,classifier_uncertainty_repulsion,1,61,72,73,1115,2.612520592974212,False,False,False,1095,0.9522358032878628,0.09552839342427433,0.19187867772666675,null,0.1,25,393,null,85,0.3370605136799402,null,null,0.30774603243591137,0.15,0.3315088808153501,0.9130290257853675
ackley,optimized_iso_gpc,classifier_uncertainty_repulsion,classifier_uncertainty_repulsion,1,62,73,74,2476,2.088946327638425,False,False,False,2425,0.9520871966650475,0.09582560666990503,0.19232314591521654,null,0.1,25,393,null,42,0.43922925540846325,null,null,0.28566953146335783,0.15,0.21746709332912437,0.6503882151422226
ackley,optimized_iso_gpc,classifier_uncertainty_repulsion,classifier_uncertainty_repulsion,1,63,74,75,3530,2.7460623076755617,False,False,False,3459,0.9537055985708776,0.09258880285824489,0.18745627835674356,null,0.1,25,393,null,117,0.2727712426252087,null,null,0.24095072690896122,0.15,0.31093970856967923,0.8833435833997747
ackley,optimized_iso_gpc,classifier_uncertainty_repulsion,classifier_uncertainty_repulsion,1,64,75,76,3563,1.914621424896957,False,False,False,3491,0.9531213625695045,0.09375727486099095,0.18921993728221526,null,0.1,25,393,null,43,0.5080584694813485,null,null,0.29505343895224306,0.15,0.19778178377907826,0.5807470137314085
ackley,optimized_iso_gpc,classifier_uncertainty_repulsion,classifier_uncertainty_repulsion,1,65,76,77,2507,2.8489839794275404,False,False,False,2454,0.9521153624212957,0.09576927515740863,0.19223894205934178,null,0.1,25,393,null,6,0.7466388884883622,null,null,0.24541513110409785,0.15,0.13391716221384795,0.3286932075035134
ackley,optimized_iso_gpc,classifier_uncertainty_repulsion,classifier_uncertainty_repulsion,1,66,77,78,694,2.154584114514739,False,False,False,684,0.9546965393145683,0.09060692137086335,0.18444715487070226,null,0.1,25,393,null,68,0.42207930128142684,null,null,0.28570312559924277,0.15,0.22547710905560378,0.6768944241801294
ackley,optimized_iso_gpc,classifier_uncertainty_repulsion,classifier_uncertainty_repulsion,1,67,78,79,364,2.230046536743414,False,False,False,360,0.953495971527218,0.09300805694556402,0.18808997324326587,null,0.1,25,393,null,11,0.6943473346707414,null,null,0.24183288662237193,0.15,0.13880514453347897,0.34828806066786266
ackley,optimized_iso_gpc,classifier_uncertainty_repulsion,classifier_uncertainty_repulsion,1,68,79,80,3968,1.919338265843031,False,False,False,3889,0.9552186159576195,0.08956276808476105,0.18285269743806226,null,0.1,25,393,null,33,0.4816762105080239,null,null,0.22609185637179444,0.15,0.16887090569611332,0.46938555701834506
ackley,optimized_ard_gpc,random,random,1,1,12,13,2452,1.061097403346821,False,False,False,2441,0.34837868660366667,0.6967573732073333,0.6464372010719527,null,null,null,null,null,null,null,null,null,null,null,null,null
ackley,optimized_ard_gpc,random,random,1,2,13,14,1807,2.6116957929929274,False,False,False,1803,0.8052118730628308,0.38957625387433836,0.4930917860363703,null,null,null,null,null,null,null,null,null,null,null,null,null
ackley,optimized_ard_gpc,random,random,1,3,14,15,107,1.5582355606404246,False,False,False,107,0.27169510165697375,0.5433902033139475,0.5849375469630886,null,null,null,null,null,null,null,null,null,null,null,null,null
ackley,optimized_ard_gpc,random,random,1,4,15,16,1622,2.209115605085687,False,False,False,1617,0.7875187829747574,0.42496243405048517,0.5172255967542043,null,null,null,null,null,null,null,null,null,null,null,null,null
ackley,optimized_ard_gpc,random,random,1,5,16,17,1959,0.16492409566695265,True,True,True,1949,0.25689764266917336,0.5137952853383467,0.5697868719171476,null,null,null,null,null,null,null,null,null,null,null,null,null
ackley,optimized_ard_gpc,random,random,1,6,17,18,2963,0.27675808904569443,False,True,True,2946,0.1706011230387503,0.3412022460775006,0.4568380908333956,null,null,null,null,null,null,null,null,null,null,null,null,null
ackley,optimized_ard_gpc,random,random,1,7,18,19,2812,1.377424849584914,False,False,False,2795,0.43149845326306036,0.8629969065261207,0.6837326751498691,null,null,null,null,null,null,null,null,null,null,null,null,null
ackley,optimized_ard_gpc,random,random,1,8,19,20,2001,1.3123786292499258,False,False,False,1989,0.8685733193465239,0.26285336130695214,0.3890897969083198,null,null,null,null,null,null,null,null,null,null,null,null,null
ackley,optimized_ard_gpc,random,random,1,9,20,21,3605,0.9730461270448636,False,False,False,3585,0.550857730553119,0.8982845388937619,0.687965205888452,null,null,null,null,null,null,null,null,null,null,null,null,null
ackley,optimized_ard_gpc,random,random,1,10,21,22,2795,2.3129459534436663,False,False,False,2777,0.671584193337992,0.656831613324016,0.6330510536212821,null,null,null,null,null,null,null,null,null,null,null,null,null
ackley,optimized_ard_gpc,random,random,1,11,22,23,767,1.1908130071701368,False,False,False,765,0.4319901228602845,0.863980245720569,0.6838677554963173,null,null,null,null,null,null,null,null,null,null,null,null,null
ackley,optimized_ard_gpc,random,random,1,12,23,24,1304,0.8336279068363392,False,False,False,1298,0.15014876728503168,0.30029753457006336,0.42296705292823067,null,null,null,null,null,null,null,null,null,null,null,null,null
ackley,optimized_ard_gpc,random,random,1,13,24,25,938,1.4797102274849188,False,False,False,934,0.3337851887770853,0.6675703775541706,0.636826911335334,null,null,null,null,null,null,null,null,null,null,null,null,null
ackley,optimized_ard_gpc,random,random,1,14,25,26,3115,2.999049004134866,False,False,False,3091,0.7655300578193192,0.4689398843613617,0.5446212663355706,null,null,null,null,null,null,null,null,null,null,null,null,null
ackley,optimized_ard_gpc,random,random,1,15,26,27,1297,1.8881090025047929,False,False,False,1290,0.8478026994749825,0.3043946010500349,0.4265016693372302,null,null,null,null,null,null,null,null,null,null,null,null,null
ackley,optimized_ard_gpc,random,random,1,16,27,28,2173,0.2054475909612492,True,True,True,2155,0.8455762823456325,0.30884743530873493,0.4303063427898107,null,null,null,null,null,null,null,null,null,null,null,null,null
ackley,optimized_ard_gpc,random,random,1,17,28,29,853,1.2296108494285836,False,False,False,850,0.44334400406002317,0.8866880081200463,0.6867135678027457,null,null,null,null,null,null,null,null,null,null,null,null,null
ackley,optimized_ard_gpc,random,random,1,18,29,30,1397,1.8014787286056855,False,False,False,1387,0.5014641301005867,0.9970717397988267,0.6931428931999153,null,null,null,null,null,null,null,null,null,null,null,null,null
ackley,optimized_ard_gpc,random,random,1,19,30,31,381,1.178657983738244,False,False,False,380,0.7893064314483809,0.4213871371032383,0.5148741486068118,null,null,null,null,null,null,null,null,null,null,null,null,null
ackley,optimized_ard_gpc,random,random,1,20,31,32,2210,0.22888590802515907,False,True,True,2188,0.5302816220141651,0.9394367559716699,0.6913121045200199,null,null,null,null,null,null,null,null,null,null,null,null,null
ackley,optimized_ard_gpc,random,random,1,21,32,33,953,0.6714799667456166,False,False,False,946,0.2955115210589838,0.5910230421179676,0.6070131176678063,null,null,null,null,null,null,null,null,null,null,null,null,null
ackley,optimized_ard_gpc,random,random,1,22,33,34,892,0.7357970000483736,False,False,False,886,0.6284661725771912,0.7430676548456177,0.6597669659047565,null,null,null,null,null,null,null,null,null,null,null,null,null
ackley,optimized_ard_gpc,random,random,1,23,34,35,2866,0.7547699078104184,False,False,False,2835,0.4250061914585501,0.8500123829171002,0.6818564802118392,null,null,null,null,null,null,null,null,null,null,null,null,null
ackley,optimized_ard_gpc,random,random,1,24,35,36,705,0.7702388600694583,False,False,False,703,0.6430937987586276,0.7138124024827448,0.6516173360089534,null,null,null,null,null,null,null,null,null,null,null,null,null
ackley,optimized_ard_gpc,random,random,1,25,36,37,711,0.34857568832540053,False,True,True,708,0.7909972755138597,0.41800544897228065,0.5126323539870243,null,null,null,null,null,null,null,null,null,null,null,null,null
ackley,optimized_ard_gpc,random,random,1,26,37,38,1087,0.8965153644904582,False,False,False,1075,0.28646049455659295,0.5729209891131859,0.598951969315219,null,null,null,null,null,null,null,null,null,null,null,null,null
ackley,optimized_ard_gpc,random,random,1,27,38,39,1948,0.6641576731174172,False,False,False,1926,0.5403396828407949,0.9193206343184102,0.6898890605477348,null,null,null,null,null,null,null,null,null,null,null,null,null
ackley,optimized_ard_gpc,random,random,1,28,39,40,1349,0.9019669646668369,False,False,False,1333,0.5489547908408952,0.9020904183182097,0.6883463498771216,null,null,null,null,null,null,null,null,null,null,null,null,null
ackley,optimized_ard_gpc,random,random,1,29,40,41,524,0.8512695843068965,False,False,False,522,0.25254704164944997,0.5050940832988999,0.5651160950208078,null,null,null,null,null,null,null,null,null,null,null,null,null
ackley,optimized_ard_gpc,random,random,1,30,41,42,1076,0.8987185016892152,False,False,False,1063,0.5702206553419558,0.8595586893160885,0.6832526222833168,null,null,null,null,null,null,null,null,null,null,null,null,null
ackley,optimized_ard_gpc,random,random,1,31,42,43,615,0.8107854287650174,False,False,False,612,0.5619050841939099,0.8761898316121801,0.6854629991890476,null,null,null,null,null,null,null,null,null,null,null,null,null
ackley,optimized_ard_gpc,random,random,1,32,43,44,691,0.7078965140824725,False,False,False,687,0.5163782266361245,0.9672435467277509,0.6926105919618135,null,null,null,null,null,null,null,null,null,null,null,null,null
ackley,optimized_ard_gpc,random,random,1,33,44,45,2437,0.4783927910005126,False,False,True,2401,0.4163184832313789,0.8326369664627578,0.679075862521494,null,null,null,null,null,null,null,null,null,null,null,null,null
ackley,optimized_ard_gpc,random,random,1,34,45,46,829,3.4707950635110407,False,False,False,820,0.6719375129816854,0.6561249740366293,0.6327980202281778,null,null,null,null,null,null,null,null,null,null,null,null,null
ackley,optimized_ard_gpc,random,random,1,35,46,47,2106,5.100540792360695,False,False,False,2073,0.2482183342516464,0.4964366685032928,0.5603693063839716,null,null,null,null,null,null,null,null,null,null,null,null,null
ackley,optimized_ard_gpc,random,random,1,36,47,48,142,1.3309641113658532,False,False,False,141,0.5437326845971313,0.9125346308057374,0.6893171930517058,null,null,null,null,null,null,null,null,null,null,null,null,null
ackley,optimized_ard_gpc,random,random,1,37,48,49,3226,2.065041775038708,False,False,False,3179,0.7229665920762613,0.5540668158474773,0.5901296106463614,null,null,null,null,null,null,null,null,null,null,null,null,null
ackley,optimized_ard_gpc,random,random,1,38,49,50,1115,2.612520592974212,False,False,False,1096,0.6605145916680044,0.6789708166639912,0.6406935620309058,null,null,null,null,null,null,null,null,null,null,null,null,null
ackley,optimized_ard_gpc,random,random,1,39,50,51,259,0.0019683173735831616,True,True,True,257,0.788893900149219,0.422212199701562,0.5154184878277117,null,null,null,null,null,null,null,null,null,null,null,null,null
ackley,optimized_ard_gpc,random,random,1,40,51,52,2854,1.3920407151125236,False,False,False,2808,0.30217650808532426,0.6043530161706485,0.6126971891931385,null,null,null,null,null,null,null,null,null,null,null,null,null
ackley,optimized_ard_gpc,random,random,1,41,52,53,3865,1.391690564613583,False,False,False,3813,0.6295738299910454,0.7408523400179092,0.6591821060118368,null,null,null,null,null,null,null,null,null,null,null,null,null
ackley,optimized_ard_gpc,random,random,1,42,53,54,2322,0.6793424974698681,False,False,False,2281,0.32677658153068023,0.6535531630613605,0.6318723226907748,null,null,null,null,null,null,null,null,null,null,null,null,null
ackley,optimized_ard_gpc,random,random,1,43,54,55,338,0.8697047099596666,False,False,False,335,0.6471716123587044,0.7056567752825913,0.6491799616698912,null,null,null,null,null,null,null,null,null,null,null,null,null
ackley,optimized_ard_gpc,random,random,1,44,55,56,1889,3.6933070449258256,False,False,False,1857,0.28110387177770235,0.5622077435554047,0.5939928622286643,null,null,null,null,null,null,null,null,null,null,null,null,null
ackley,optimized_ard_gpc,random,random,1,45,56,57,1715,1.8139421334561732,False,False,False,1687,0.596450195441065,0.8070996091178699,0.6744247622001308,null,null,null,null,null,null,null,null,null,null,null,null,null
ackley,optimized_ard_gpc,random,random,1,46,57,58,2714,0.14659706902818392,True,True,True,2667,0.6731828850000738,0.6536342299998523,0.631901616570526,null,null,null,null,null,null,null,null,null,null,null,null,null
ackley,optimized_ard_gpc,random,random,1,47,58,59,3625,0.9863823959983691,False,False,False,3568,0.3248205618053248,0.6496411236106496,0.6304498058580607,null,null,null,null,null,null,null,null,null,null,null,null,null
ackley,optimized_ard_gpc,random,random,1,48,59,60,2888,0.40813045841580653,False,True,True,2835,0.4909050189953845,0.981810037990769,0.6929817340766158,null,null,null,null,null,null,null,null,null,null,null,null,null
ackley,optimized_ard_gpc,random,random,1,49,60,61,2837,2.3802159881419573,False,False,False,2786,0.26137248854371364,0.5227449770874273,0.5744876072256176,null,null,null,null,null,null,null,null,null,null,null,null,null
ackley,optimized_ard_gpc,random,random,1,50,61,62,2914,0.5422227067488485,False,False,True,2859,0.1562659065571097,0.3125318131142194,0.4334256971324406,null,null,null,null,null,null,null,null,null,null,null,null,null
ackley,optimized_ard_gpc,random,random,1,51,62,63,114,2.0082493258731926,False,False,False,113,0.7605512029707597,0.47889759405848054,0.5504437344270975,null,null,null,null,null,null,null,null,null,null,null,null,null
ackley,optimized_ard_gpc,random,random,1,52,63,64,670,1.2177563260999964,False,False,False,662,0.2857989433529724,0.5715978867059448,0.5983471420370648,null,null,null,null,null,null,null,null,null,null,null,null,null
ackley,optimized_ard_gpc,random,random,1,53,64,65,3177,1.365401737754972,False,False,False,3117,0.5987905550825303,0.8024188898349394,0.6734990083332262,null,null,null,null,null,null,null,null,null,null,null,null,null
ackley,optimized_ard_gpc,random,random,1,54,65,66,2175,0.6346497070536063,False,False,False,2132,0.7243475268469979,0.5513049463060042,0.5888002180761771,null,null,null,null,null,null,null,null,null,null,null,null,null
ackley,optimized_ard_gpc,random,random,1,55,66,67,2728,0.017658226362007312,True,True,True,2676,0.708696636386037,0.5826067272279261,0.6033145720270032,null,null,null,null,null,null,null,null,null,null,null,null,null
ackley,optimized_ard_gpc,random,random,1,56,67,68,3107,1.1251169422824603,False,False,False,3046,0.7771781225960694,0.4456437548078611,0.5304563852985947,null,null,null,null,null,null,null,null,null,null,null,null,null
ackley,optimized_ard_gpc,random,random,1,57,68,69,2288,1.8329030059025317,False,False,False,2242,0.7503284005152295,0.49934319896954094,0.5619740721014275,null,null,null,null,null,null,null,null,null,null,null,null,null
ackley,optimized_ard_gpc,random,random,1,58,69,70,2456,0.24349556788543758,False,True,True,2405,0.6378347810874629,0.7243304378250741,0.6546538190130597,null,null,null,null,null,null,null,null,null,null,null,null,null
ackley,optimized_ard_gpc,random,random,1,59,70,71,975,1.198248499214051,False,False,False,954,0.5977875968071942,0.8044248063856116,0.6738985281857313,null,null,null,null,null,null,null,null,null,null,null,null,null
ackley,optimized_ard_gpc,random,random,1,60,71,72,1123,0.7966972255716769,False,False,False,1098,0.3632467379271134,0.7264934758542267,0.6552634051387232,null,null,null,null,null,null,null,null,null,null,null,null,null
ackley,optimized_ard_gpc,random,random,1,61,72,73,2983,1.4082782515116374,False,False,False,2918,0.6160139463203222,0.7679721073593555,0.6659818177481709,null,null,null,null,null,null,null,null,null,null,null,null,null
ackley,optimized_ard_gpc,random,random,1,62,73,74,3863,0.2762205914971929,False,True,True,3791,0.34697925140892494,0.6939585028178499,0.6455565956276477,null,null,null,null,null,null,null,null,null,null,null,null,null
ackley,optimized_ard_gpc,random,random,1,63,74,75,3479,0.3786904734813543,False,True,True,3409,0.46341059735155454,0.9268211947031091,0.6904672168622952,null,null,null,null,null,null,null,null,null,null,null,null,null
ackley,optimized_ard_gpc,random,random,1,64,75,76,1376,0.8780123986659572,False,False,False,1346,0.7122792389636743,0.5754415220726514,0.6000982535580065,null,null,null,null,null,null,null,null,null,null,null,null,null
ackley,optimized_ard_gpc,random,random,1,65,76,77,2997,0.8098962258475808,False,False,False,2930,0.8559350520711178,0.2881298958577645,0.41227447165288,null,null,null,null,null,null,null,null,null,null,null,null,null
ackley,optimized_ard_gpc,random,random,1,66,77,78,3621,0.8349810847341228,False,False,False,3547,0.6259283302653671,0.7481433394692658,0.6610871841624063,null,null,null,null,null,null,null,null,null,null,null,null,null
ackley,optimized_ard_gpc,random,random,1,67,78,79,2876,0.4599770355841244,False,False,True,2813,0.46226918445437093,0.9245383689087419,0.690297243265076,null,null,null,null,null,null,null,null,null,null,null,null,null
ackley,optimized_ard_gpc,random,random,1,68,79,80,1,2.530810939310898,False,False,False,1,0.5505589199742076,0.8988821600515848,0.6880260237119973,null,null,null,null,null,null,null,null,null,null,null,null,null
ackley,optimized_ard_gpc,classifier_margin,classifier_margin,1,1,12,13,553,1.195391001266973,False,False,False,553,0.500468709864963,0.9990625802700741,0.693146741182006,null,null,null,null,null,null,null,null,null,null,null,null,null
ackley,optimized_ard_gpc,classifier_margin,classifier_margin,1,2,13,14,2110,1.3193998295221494,False,False,False,2100,0.5001289987126265,0.999742002574747,0.6931471472786093,null,null,null,null,null,null,null,null,null,null,null,null,null
ackley,optimized_ard_gpc,classifier_margin,classifier_margin,1,3,14,15,3593,3.255226730126809,False,False,False,3579,0.4997396127445747,0.9994792254891494,0.6931470449568936,null,null,null,null,null,null,null,null,null,null,null,null,null
ackley,optimized_ard_gpc,classifier_margin,classifier_margin,1,4,15,16,2481,2.2099113349218698,False,False,False,2468,0.4998293695588186,0.9996587391176373,0.6931471223304493,null,null,null,null,null,null,null,null,null,null,null,null,null
ackley,optimized_ard_gpc,classifier_margin,classifier_margin,1,5,16,17,3425,2.273358683137692,False,False,False,3410,0.499847813274687,0.999695626549374,0.693147134238346,null,null,null,null,null,null,null,null,null,null,null,null,null
ackley,optimized_ard_gpc,classifier_margin,classifier_margin,1,6,17,18,1169,0.2651713321975411,False,True,True,1165,0.5000268271928203,0.9999463456143594,0.6931471791205488,null,null,null,null,null,null,null,null,null,null,null,null,null
ackley,optimized_ard_gpc,classifier_margin,classifier_margin,1,7,18,19,798,0.08731830794775597,True,True,True,796,0.5000393273538976,0.9999213452922049,0.6931471774666638,null,null,null,null,null,null,null,null,null,null,null,null,null
ackley,optimized_ard_gpc,classifier_margin,classifier_margin,1,8,19,20,3347,0.8824453430034165,False,False,False,3330,0.4997623971896331,0.9995247943792662,0.69314706764975,null,null,null,null,null,null,null,null,null,null,null,null,null
ackley,optimized_ard_gpc,classifier_margin,classifier_margin,1,9,20,21,614,0.42382592684195153,False,False,True,613,0.4998702729900766,0.9997405459801532,0.6931471469017507,null,null,null,null,null,null,null,null,null,null,null,null,null
ackley,optimized_ard_gpc,classifier_margin,classifier_margin,1,10,21,22,2472,2.8283316872887223,False,False,False,2456,0.5002483761558587,0.9995032476882826,0.6931470571785107,null,null,null,null,null,null,null,null,null,null,null,null,null
ackley,optimized_ard_gpc,classifier_margin,classifier_margin,1,11,22,23,3636,1.1193391408524143,False,False,False,3614,0.5000883463299224,0.9998233073401552,0.6931471649497972,null,null,null,null,null,null,null,null,null,null,null,null,null
ackley,optimized_ard_gpc,classifier_margin,classifier_margin,1,12,23,24,3522,1.2406379446231401,False,False,False,3501,0.5000318532212823,0.9999362935574354,0.69314717853069,null,null,null,null,null,null,null,null,null,null,null,null,null
ackley,optimized_ard_gpc,classifier_margin,classifier_margin,1,13,24,25,3377,0.6288748808191524,False,False,False,3357,0.49996383895440266,0.9999276779088053,0.6931471779447029,null,null,null,null,null,null,null,null,null,null,null,null,null
ackley,optimized_ard_gpc,classifier_margin,classifier_margin,1,14,25,26,1732,0.08726272196683027,True,True,True,1724,0.4997328647909234,0.9994657295818468,0.6931470378374986,null,null,null,null,null,null,null,null,null,null,null,null,null
ackley,optimized_ard_gpc,classifier_margin,classifier_margin,1,15,26,27,1979,1.8480460560704195,False,False,False,1967,0.4995459309276876,0.9990918618553752,0.6931467682024437,null,null,null,null,null,null,null,null,null,null,null,null,null
ackley,optimized_ard_gpc,classifier_margin,classifier_margin,1,16,27,28,3385,1.7088682148605905,False,False,False,3362,0.5002234694657146,0.9995530610685708,0.6931470806827378,null,null,null,null,null,null,null,null,null,null,null,null,null
ackley,optimized_ard_gpc,classifier_margin,classifier_margin,1,17,28,29,3461,1.3513873201607929,False,False,False,3436,0.4994018710557935,0.998803742111587,0.6931464650433068,null,null,null,null,null,null,null,null,null,null,null,null,null
ackley,optimized_ard_gpc,classifier_margin,classifier_margin,1,18,29,30,2026,2.8123119309480007,False,False,False,2011,0.4994749104730174,0.9989498209460348,0.6931466291218212,null,null,null,null,null,null,null,null,null,null,null,null,null
ackley,optimized_ard_gpc,classifier_margin,classifier_margin,1,19,30,31,2416,1.8532876189362586,False,False,False,2397,0.5001478036395348,0.9997043927209304,0.693147136868113,null,null,null,null,null,null,null,null,null,null,null,null,null
ackley,optimized_ard_gpc,classifier_margin,classifier_margin,1,20,31,32,3902,4.037395208117692,False,False,False,3871,0.5007678342483994,0.9984643315032011,0.6931460014206159,null,null,null,null,null,null,null,null,null,null,null,null,null
ackley,optimized_ard_gpc,classifier_margin,classifier_margin,1,21,32,33,1793,3.719991495484548,False,False,False,1784,0.5000233005990212,0.9999533988019575,0.6931471794741095,null,null,null,null,null,null,null,null,null,null,null,null,null
ackley,optimized_ard_gpc,classifier_margin,classifier_margin,1,22,33,34,3710,1.003424976248441,False,False,False,3678,0.5003357120974927,0.9993285758050146,0.6931469551547036,null,null,null,null,null,null,null,null,null,null,null,null,null
ackley,optimized_ard_gpc,classifier_margin,classifier_margin,1,23,34,35,3634,0.40393566592065433,False,True,True,3603,0.5000218101126731,0.9999563797746538,0.6931471796085833,null,null,null,null,null,null,null,null,null,null,null,null,null
ackley,optimized_ard_gpc,classifier_margin,classifier_margin,1,24,35,36,3806,1.3920708203939185,False,False,False,3772,0.5003803602584922,0.9992392794830156,0.693146891212065,null,null,null,null,null,null,null,null,null,null,null,null,null
ackley,optimized_ard_gpc,classifier_margin,classifier_margin,1,25,36,37,907,0.35722113663445754,False,True,True,902,0.5000839120698473,0.9998321758603055,0.6931471664774742,null,null,null,null,null,null,null,null,null,null,null,null,null
ackley,optimized_ard_gpc,classifier_margin,classifier_margin,1,26,37,38,2271,0.08777078057013377,True,True,True,2251,0.5001542284110045,0.9996915431779909,0.693147132987139,null,null,null,null,null,null,null,null,null,null,null,null,null
ackley,optimized_ard_gpc,classifier_margin,classifier_margin,1,27,38,39,565,1.1539554095227924,False,False,False,564,0.49979961838456294,0.9995992367691259,0.6931471002543597,null,null,null,null,null,null,null,null,null,null,null,null,null
ackley,optimized_ard_gpc,classifier_margin,classifier_margin,1,28,39,40,1072,1.9770846592850795,False,False,False,1064,0.4999009415712603,0.9998018831425206,0.6931471609348006,null,null,null,null,null,null,null,null,null,null,null,null,null
ackley,optimized_ard_gpc,classifier_margin,classifier_margin,1,29,40,41,1219,0.8033805510084964,False,False,False,1208,0.49963378275072645,0.9992675655014529,0.693146912329774,null,null,null,null,null,null,null,null,null,null,null,null,null
ackley,optimized_ard_gpc,classifier_margin,classifier_margin,1,30,41,42,1719,0.9119842682027954,False,False,False,1707,0.5001583350527221,0.9996833298945558,0.6931471304199666,null,null,null,null,null,null,null,null,null,null,null,null,null
ackley,optimized_ard_gpc,classifier_margin,classifier_margin,1,31,42,43,1066,1.4273685984089806,False,False,False,1058,0.5004237646851892,0.9991524706296215,0.6931468214068854,null,null,null,null,null,null,null,null,null,null,null,null,null
ackley,optimized_ard_gpc,classifier_margin,classifier_margin,1,32,43,44,1301,3.345934255675175,False,False,False,1288,0.500268707831513,0.999462584336974,0.6931470361521409,null,null,null,null,null,null,null,null,null,null,null,null,null
ackley,optimized_ard_gpc,classifier_margin,classifier_margin,1,33,44,45,1705,1.5957300387836,False,False,False,1691,0.49970340332196395,0.9994068066439279,0.6931470046207562,null,null,null,null,null,null,null,null,null,null,null,null,null
ackley,optimized_ard_gpc,classifier_margin,classifier_margin,1,34,45,46,977,0.14190912085797258,True,True,True,969,0.5001795090296238,0.9996409819407523,0.6931471161129605,null,null,null,null,null,null,null,null,null,null,null,null,null
ackley,optimized_ard_gpc,classifier_margin,classifier_margin,1,35,46,47,5,0.17049252501382384,True,True,True,5,0.49995053224635555,0.9999010644927111,0.6931471756658281,null,null,null,null,null,null,null,null,null,null,null,null,null
ackley,optimized_ard_gpc,classifier_margin,classifier_margin,1,36,47,48,836,0.6326752516744687,False,False,False,830,0.4998037803192945,0.999607560638589,0.6931471035556172,null,null,null,null,null,null,null,null,null,null,null,null,null
ackley,optimized_ard_gpc,classifier_margin,classifier_margin,1,37,48,49,3755,2.0548066071264532,False,False,False,3709,0.5000051253015678,0.9999897493968644,0.6931471805074079,null,null,null,null,null,null,null,null,null,null,null,null,null
ackley,optimized_ard_gpc,classifier_margin,classifier_margin,1,38,49,50,1335,0.2983690275381434,False,True,True,1318,0.5003136528451921,0.9993726943096157,0.6931469838037179,null,null,null,null,null,null,null,null,null,null,null,null,null
ackley,optimized_ard_gpc,classifier_margin,classifier_margin,1,39,50,51,2995,0.414596711632532,False,True,True,2958,0.5002567470594919,0.9994865058810163,0.6931470487218343,null,null,null,null,null,null,null,null,null,null,null,null,null
ackley,optimized_ard_gpc,classifier_margin,classifier_margin,1,40,51,52,3779,1.1722088472975134,False,False,False,3730,0.5002506876777969,0.9994986246444062,0.6931470548713164,null,null,null,null,null,null,null,null,null,null,null,null,null
ackley,optimized_ard_gpc,classifier_margin,classifier_margin,1,41,52,53,3280,1.0382087200919496,False,False,False,3242,0.4999941644509609,0.9999883289019218,0.6931471804918381,null,null,null,null,null,null,null,null,null,null,null,null,null
ackley,optimized_ard_gpc,classifier_margin,classifier_margin,1,42,53,54,2896,1.7117150065741615,False,False,False,2859,0.49951069722649066,0.9990213944529813,0.6931467017254607,null,null,null,null,null,null,null,null,null,null,null,null,null
ackley,optimized_ard_gpc,classifier_margin,classifier_margin,1,43,54,55,1619,1.4625480345655841,False,False,False,1601,0.49997488819280805,0.9999497763856161,0.6931471792987396,null,null,null,null,null,null,null,null,null,null,null,null,null
ackley,optimized_ard_gpc,classifier_margin,classifier_margin,1,44,55,56,1650,1.7893180760288896,False,False,False,1631,0.4999054299633524,0.9998108599267048,0.6931471626729615,null,null,null,null,null,null,null,null,null,null,null,null,null
ackley,optimized_ard_gpc,classifier_margin,classifier_margin,1,45,56,57,1758,0.588475116878028,False,False,True,1735,0.49957653292084914,0.9991530658416983,0.6931468219111682,null,null,null,null,null,null,null,null,null,null,null,null,null
ackley,optimized_ard_gpc,classifier_margin,classifier_margin,1,46,57,58,1713,0.1106443268782229,True,True,True,1692,0.5000133190656028,0.9999733618687945,0.6931471802051503,null,null,null,null,null,null,null,null,null,null,null,null,null
ackley,optimized_ard_gpc,classifier_margin,classifier_margin,1,47,58,59,3534,0.45991112028430337,False,False,True,3484,0.5002138727486451,0.9995722545027097,0.6931470890768373,null,null,null,null,null,null,null,null,null,null,null,null,null
ackley,optimized_ard_gpc,classifier_margin,classifier_margin,1,48,59,60,2055,0.608670562872847,False,False,True,2022,0.5001144023847615,0.9997711952304771,0.6931471543841339,null,null,null,null,null,null,null,null,null,null,null,null,null
ackley,optimized_ard_gpc,classifier_margin,classifier_margin,1,49,60,61,732,1.4491380331370696,False,False,False,728,0.5000452232557794,0.9999095534884412,0.6931471764696595,null,null,null,null,null,null,null,null,null,null,null,null,null
ackley,optimized_ard_gpc,classifier_margin,classifier_margin,1,50,61,62,814,0.12233001200267424,True,True,True,807,0.5002244122960674,0.9995511754078652,0.6931470798381847,null,null,null,null,null,null,null,null,null,null,null,null,null
ackley,optimized_ard_gpc,classifier_margin,classifier_margin,1,51,62,63,2752,0.06552950490119436,True,True,True,2708,0.5000875150266866,0.9998249699466268,0.6931471652421854,null,null,null,null,null,null,null,null,null,null,null,null,null
ackley,optimized_ard_gpc,classifier_margin,classifier_margin,1,52,63,64,3494,0.09328308548162134,True,True,True,3441,0.4998259893051815,0.999651978610363,0.6931471200005003,null,null,null,null,null,null,null,null,null,null,null,null,null
ackley,optimized_ard_gpc,classifier_margin,classifier_margin,1,53,64,65,3352,0.09727075022566112,True,True,True,3303,0.5006294074679671,0.9987411850640657,0.6931463882522146,null,null,null,null,null,null,null,null,null,null,null,null,null
ackley,optimized_ard_gpc,classifier_margin,classifier_margin,1,54,65,66,1407,0.025212368411130726,True,True,True,1387,0.5001382275612951,0.9997235448774098,0.6931471423462274,null,null,null,null,null,null,null,null,null,null,null,null,null
ackley,optimized_ard_gpc,classifier_margin,classifier_margin,1,55,66,67,496,0.6344290128874484,False,False,False,495,0.49970363178474875,0.9994072635694975,0.693147004891697,null,null,null,null,null,null,null,null,null,null,null,null,null
ackley,optimized_ard_gpc,classifier_margin,classifier_margin,1,56,67,68,1224,0.9940347160928713,False,False,False,1205,0.5011644387539316,0.9976711224921369,0.6931444687222706,null,null,null,null,null,null,null,null,null,null,null,null,null
ackley,optimized_ard_gpc,classifier_margin,classifier_margin,1,57,68,69,2767,0.14404416923476226,True,True,True,2719,0.49947922785680987,0.9989584557136197,0.693146638152597,null,null,null,null,null,null,null,null,null,null,null,null,null
ackley,optimized_ard_gpc,classifier_margin,classifier_margin,1,58,69,70,527,1.306274755761189,False,False,False,525,0.501116265396627,0.997767469206746,0.6931446884610037,null,null,null,null,null,null,null,null,null,null,null,null,null
ackley,optimized_ard_gpc,classifier_margin,classifier_margin,1,59,70,71,3508,2.5050089089016456,False,False,False,3448,0.5000138233872568,0.9999723532254865,0.6931471801777733,null,null,null,null,null,null,null,null,null,null,null,null,null
ackley,optimized_ard_gpc,classifier_margin,classifier_margin,1,60,71,72,1849,0.36877014436430144,False,True,True,1814,0.5000191052952975,0.999961789409405,0.6931471798299207,null,null,null,null,null,null,null,null,null,null,null,null,null
ackley,optimized_ard_gpc,classifier_margin,classifier_margin,1,61,72,73,2925,0.1376140027962034,True,True,True,2873,0.5001507477584295,0.999698504483141,0.6931471351101712,null,null,null,null,null,null,null,null,null,null,null,null,null
ackley,optimized_ard_gpc,classifier_margin,classifier_margin,1,62,73,74,2985,1.447448025059801,False,False,False,2932,0.49927133631161413,0.9985426726232283,0.6931461186580279,null,null,null,null,null,null,null,null,null,null,null,null,null
ackley,optimized_ard_gpc,classifier_margin,classifier_margin,1,63,74,75,1744,1.147330202198475,False,False,False,1714,0.4999319395047779,0.9998638790095558,0.6931471712954833,null,null,null,null,null,null,null,null,null,null,null,null,null
ackley,optimized_ard_gpc,classifier_margin,classifier_margin,1,64,75,76,1321,0.05422066348235788,True,True,True,1299,0.5006374197792016,0.9987251604415968,0.6931463679517753,null,null,null,null,null,null,null,null,null,null,null,null,null
ackley,optimized_ard_gpc,classifier_margin,classifier_margin,1,65,76,77,3157,1.0572678715174462,False,False,False,3100,0.500175755602674,0.999648488794652,0.6931471187798803,null,null,null,null,null,null,null,null,null,null,null,null,null
ackley,optimized_ard_gpc,classifier_margin,classifier_margin,1,66,77,78,3307,1.6002780946570052,False,False,False,3248,0.49946002069786033,0.9989200413957207,0.6931465974045384,null,null,null,null,null,null,null,null,null,null,null,null,null
ackley,optimized_ard_gpc,classifier_margin,classifier_margin,1,67,78,79,491,0.1783983239942213,True,True,True,490,0.5010472703455768,0.9979054593088463,0.693144987007988,null,null,null,null,null,null,null,null,null,null,null,null,null
ackley,optimized_ard_gpc,classifier_margin,classifier_margin,1,68,79,80,309,2.588985465712142,False,False,False,308,0.4992814495068405,0.998562899013681,0.6931461479299674,null,null,null,null,null,null,null,null,null,null,null,null,null
ackley,optimized_ard_gpc,classifier_entropy,classifier_entropy,1,1,12,13,553,1.195391001266973,False,False,False,553,0.500468709864963,0.9990625802700741,0.693146741182006,Binary entropy is monotone-equivalent to classifier margin.,null,null,null,null,null,null,null,null,null,null,null,null
ackley,optimized_ard_gpc,classifier_entropy,classifier_entropy,1,2,13,14,2110,1.3193998295221494,False,False,False,2100,0.5001289987126265,0.999742002574747,0.6931471472786093,Binary entropy is monotone-equivalent to classifier margin.,null,null,null,null,null,null,null,null,null,null,null,null
ackley,optimized_ard_gpc,classifier_entropy,classifier_entropy,1,3,14,15,3593,3.255226730126809,False,False,False,3579,0.4997396127445747,0.9994792254891494,0.6931470449568936,Binary entropy is monotone-equivalent to classifier margin.,null,null,null,null,null,null,null,null,null,null,null,null
ackley,optimized_ard_gpc,classifier_entropy,classifier_entropy,1,4,15,16,2481,2.2099113349218698,False,False,False,2468,0.4998293695588186,0.9996587391176373,0.6931471223304493,Binary entropy is monotone-equivalent to classifier margin.,null,null,null,null,null,null,null,null,null,null,null,null
ackley,optimized_ard_gpc,classifier_entropy,classifier_entropy,1,5,16,17,3425,2.273358683137692,False,False,False,3410,0.499847813274687,0.999695626549374,0.693147134238346,Binary entropy is monotone-equivalent to classifier margin.,null,null,null,null,null,null,null,null,null,null,null,null
ackley,optimized_ard_gpc,classifier_entropy,classifier_entropy,1,6,17,18,1169,0.2651713321975411,False,True,True,1165,0.5000268271928203,0.9999463456143594,0.6931471791205488,Binary entropy is monotone-equivalent to classifier margin.,null,null,null,null,null,null,null,null,null,null,null,null
ackley,optimized_ard_gpc,classifier_entropy,classifier_entropy,1,7,18,19,798,0.08731830794775597,True,True,True,796,0.5000393273538976,0.9999213452922049,0.6931471774666638,Binary entropy is monotone-equivalent to classifier margin.,null,null,null,null,null,null,null,null,null,null,null,null
ackley,optimized_ard_gpc,classifier_entropy,classifier_entropy,1,8,19,20,3347,0.8824453430034165,False,False,False,3330,0.4997623971896331,0.9995247943792662,0.69314706764975,Binary entropy is monotone-equivalent to classifier margin.,null,null,null,null,null,null,null,null,null,null,null,null
ackley,optimized_ard_gpc,classifier_entropy,classifier_entropy,1,9,20,21,614,0.42382592684195153,False,False,True,613,0.4998702729900766,0.9997405459801532,0.6931471469017507,Binary entropy is monotone-equivalent to classifier margin.,null,null,null,null,null,null,null,null,null,null,null,null
ackley,optimized_ard_gpc,classifier_entropy,classifier_entropy,1,10,21,22,2472,2.8283316872887223,False,False,False,2456,0.5002483761558587,0.9995032476882826,0.6931470571785107,Binary entropy is monotone-equivalent to classifier margin.,null,null,null,null,null,null,null,null,null,null,null,null
ackley,optimized_ard_gpc,classifier_entropy,classifier_entropy,1,11,22,23,3636,1.1193391408524143,False,False,False,3614,0.5000883463299224,0.9998233073401552,0.6931471649497972,Binary entropy is monotone-equivalent to classifier margin.,null,null,null,null,null,null,null,null,null,null,null,null
ackley,optimized_ard_gpc,classifier_entropy,classifier_entropy,1,12,23,24,3522,1.2406379446231401,False,False,False,3501,0.5000318532212823,0.9999362935574354,0.69314717853069,Binary entropy is monotone-equivalent to classifier margin.,null,null,null,null,null,null,null,null,null,null,null,null
ackley,optimized_ard_gpc,classifier_entropy,classifier_entropy,1,13,24,25,3377,0.6288748808191524,False,False,False,3357,0.49996383895440266,0.9999276779088053,0.6931471779447029,Binary entropy is monotone-equivalent to classifier margin.,null,null,null,null,null,null,null,null,null,null,null,null
ackley,optimized_ard_gpc,classifier_entropy,classifier_entropy,1,14,25,26,1732,0.08726272196683027,True,True,True,1724,0.4997328647909234,0.9994657295818468,0.6931470378374986,Binary entropy is monotone-equivalent to classifier margin.,null,null,null,null,null,null,null,null,null,null,null,null
ackley,optimized_ard_gpc,classifier_entropy,classifier_entropy,1,15,26,27,1979,1.8480460560704195,False,False,False,1967,0.4995459309276876,0.9990918618553752,0.6931467682024437,Binary entropy is monotone-equivalent to classifier margin.,null,null,null,null,null,null,null,null,null,null,null,null
ackley,optimized_ard_gpc,classifier_entropy,classifier_entropy,1,16,27,28,3385,1.7088682148605905,False,False,False,3362,0.5002234694657146,0.9995530610685708,0.6931470806827378,Binary entropy is monotone-equivalent to classifier margin.,null,null,null,null,null,null,null,null,null,null,null,null
ackley,optimized_ard_gpc,classifier_entropy,classifier_entropy,1,17,28,29,3461,1.3513873201607929,False,False,False,3436,0.4994018710557935,0.998803742111587,0.6931464650433068,Binary entropy is monotone-equivalent to classifier margin.,null,null,null,null,null,null,null,null,null,null,null,null
ackley,optimized_ard_gpc,classifier_entropy,classifier_entropy,1,18,29,30,2026,2.8123119309480007,False,False,False,2011,0.4994749104730174,0.9989498209460348,0.6931466291218212,Binary entropy is monotone-equivalent to classifier margin.,null,null,null,null,null,null,null,null,null,null,null,null
ackley,optimized_ard_gpc,classifier_entropy,classifier_entropy,1,19,30,31,2416,1.8532876189362586,False,False,False,2397,0.5001478036395348,0.9997043927209304,0.693147136868113,Binary entropy is monotone-equivalent to classifier margin.,null,null,null,null,null,null,null,null,null,null,null,null
ackley,optimized_ard_gpc,classifier_entropy,classifier_entropy,1,20,31,32,3902,4.037395208117692,False,False,False,3871,0.5007678342483994,0.9984643315032011,0.6931460014206159,Binary entropy is monotone-equivalent to classifier margin.,null,null,null,null,null,null,null,null,null,null,null,null
ackley,optimized_ard_gpc,classifier_entropy,classifier_entropy,1,21,32,33,1793,3.719991495484548,False,False,False,1784,0.5000233005990212,0.9999533988019575,0.6931471794741095,Binary entropy is monotone-equivalent to classifier margin.,null,null,null,null,null,null,null,null,null,null,null,null
ackley,optimized_ard_gpc,classifier_entropy,classifier_entropy,1,22,33,34,3710,1.003424976248441,False,False,False,3678,0.5003357120974927,0.9993285758050146,0.6931469551547036,Binary entropy is monotone-equivalent to classifier margin.,null,null,null,null,null,null,null,null,null,null,null,null
ackley,optimized_ard_gpc,classifier_entropy,classifier_entropy,1,23,34,35,3634,0.40393566592065433,False,True,True,3603,0.5000218101126731,0.9999563797746538,0.6931471796085833,Binary entropy is monotone-equivalent to classifier margin.,null,null,null,null,null,null,null,null,null,null,null,null
ackley,optimized_ard_gpc,classifier_entropy,classifier_entropy,1,24,35,36,3806,1.3920708203939185,False,False,False,3772,0.5003803602584922,0.9992392794830156,0.693146891212065,Binary entropy is monotone-equivalent to classifier margin.,null,null,null,null,null,null,null,null,null,null,null,null
ackley,optimized_ard_gpc,classifier_entropy,classifier_entropy,1,25,36,37,907,0.35722113663445754,False,True,True,902,0.5000839120698473,0.9998321758603055,0.6931471664774742,Binary entropy is monotone-equivalent to classifier margin.,null,null,null,null,null,null,null,null,null,null,null,null
ackley,optimized_ard_gpc,classifier_entropy,classifier_entropy,1,26,37,38,2271,0.08777078057013377,True,True,True,2251,0.5001542284110045,0.9996915431779909,0.693147132987139,Binary entropy is monotone-equivalent to classifier margin.,null,null,null,null,null,null,null,null,null,null,null,null
ackley,optimized_ard_gpc,classifier_entropy,classifier_entropy,1,27,38,39,565,1.1539554095227924,False,False,False,564,0.49979961838456294,0.9995992367691259,0.6931471002543597,Binary entropy is monotone-equivalent to classifier margin.,null,null,null,null,null,null,null,null,null,null,null,null
ackley,optimized_ard_gpc,classifier_entropy,classifier_entropy,1,28,39,40,1072,1.9770846592850795,False,False,False,1064,0.4999009415712603,0.9998018831425206,0.6931471609348006,Binary entropy is monotone-equivalent to classifier margin.,null,null,null,null,null,null,null,null,null,null,null,null
ackley,optimized_ard_gpc,classifier_entropy,classifier_entropy,1,29,40,41,1219,0.8033805510084964,False,False,False,1208,0.49963378275072645,0.9992675655014529,0.693146912329774,Binary entropy is monotone-equivalent to classifier margin.,null,null,null,null,null,null,null,null,null,null,null,null
ackley,optimized_ard_gpc,classifier_entropy,classifier_entropy,1,30,41,42,1719,0.9119842682027954,False,False,False,1707,0.5001583350527221,0.9996833298945558,0.6931471304199666,Binary entropy is monotone-equivalent to classifier margin.,null,null,null,null,null,null,null,null,null,null,null,null
ackley,optimized_ard_gpc,classifier_entropy,classifier_entropy,1,31,42,43,1066,1.4273685984089806,False,False,False,1058,0.5004237646851892,0.9991524706296215,0.6931468214068854,Binary entropy is monotone-equivalent to classifier margin.,null,null,null,null,null,null,null,null,null,null,null,null
ackley,optimized_ard_gpc,classifier_entropy,classifier_entropy,1,32,43,44,1301,3.345934255675175,False,False,False,1288,0.500268707831513,0.999462584336974,0.6931470361521409,Binary entropy is monotone-equivalent to classifier margin.,null,null,null,null,null,null,null,null,null,null,null,null
ackley,optimized_ard_gpc,classifier_entropy,classifier_entropy,1,33,44,45,1705,1.5957300387836,False,False,False,1691,0.49970340332196395,0.9994068066439279,0.6931470046207562,Binary entropy is monotone-equivalent to classifier margin.,null,null,null,null,null,null,null,null,null,null,null,null
ackley,optimized_ard_gpc,classifier_entropy,classifier_entropy,1,34,45,46,977,0.14190912085797258,True,True,True,969,0.5001795090296238,0.9996409819407523,0.6931471161129605,Binary entropy is monotone-equivalent to classifier margin.,null,null,null,null,null,null,null,null,null,null,null,null
ackley,optimized_ard_gpc,classifier_entropy,classifier_entropy,1,35,46,47,5,0.17049252501382384,True,True,True,5,0.49995053224635555,0.9999010644927111,0.6931471756658281,Binary entropy is monotone-equivalent to classifier margin.,null,null,null,null,null,null,null,null,null,null,null,null
ackley,optimized_ard_gpc,classifier_entropy,classifier_entropy,1,36,47,48,836,0.6326752516744687,False,False,False,830,0.4998037803192945,0.999607560638589,0.6931471035556172,Binary entropy is monotone-equivalent to classifier margin.,null,null,null,null,null,null,null,null,null,null,null,null
ackley,optimized_ard_gpc,classifier_entropy,classifier_entropy,1,37,48,49,3755,2.0548066071264532,False,False,False,3709,0.5000051253015678,0.9999897493968644,0.6931471805074079,Binary entropy is monotone-equivalent to classifier margin.,null,null,null,null,null,null,null,null,null,null,null,null
ackley,optimized_ard_gpc,classifier_entropy,classifier_entropy,1,38,49,50,1335,0.2983690275381434,False,True,True,1318,0.5003136528451921,0.9993726943096157,0.6931469838037179,Binary entropy is monotone-equivalent to classifier margin.,null,null,null,null,null,null,null,null,null,null,null,null
ackley,optimized_ard_gpc,classifier_entropy,classifier_entropy,1,39,50,51,2995,0.414596711632532,False,True,True,2958,0.5002567470594919,0.9994865058810163,0.6931470487218343,Binary entropy is monotone-equivalent to classifier margin.,null,null,null,null,null,null,null,null,null,null,null,null
ackley,optimized_ard_gpc,classifier_entropy,classifier_entropy,1,40,51,52,3779,1.1722088472975134,False,False,False,3730,0.5002506876777969,0.9994986246444062,0.6931470548713164,Binary entropy is monotone-equivalent to classifier margin.,null,null,null,null,null,null,null,null,null,null,null,null
ackley,optimized_ard_gpc,classifier_entropy,classifier_entropy,1,41,52,53,3280,1.0382087200919496,False,False,False,3242,0.4999941644509609,0.9999883289019218,0.6931471804918381,Binary entropy is monotone-equivalent to classifier margin.,null,null,null,null,null,null,null,null,null,null,null,null
ackley,optimized_ard_gpc,classifier_entropy,classifier_entropy,1,42,53,54,2896,1.7117150065741615,False,False,False,2859,0.49951069722649066,0.9990213944529813,0.6931467017254607,Binary entropy is monotone-equivalent to classifier margin.,null,null,null,null,null,null,null,null,null,null,null,null
ackley,optimized_ard_gpc,classifier_entropy,classifier_entropy,1,43,54,55,1619,1.4625480345655841,False,False,False,1601,0.49997488819280805,0.9999497763856161,0.6931471792987396,Binary entropy is monotone-equivalent to classifier margin.,null,null,null,null,null,null,null,null,null,null,null,null
ackley,optimized_ard_gpc,classifier_entropy,classifier_entropy,1,44,55,56,1650,1.7893180760288896,False,False,False,1631,0.4999054299633524,0.9998108599267048,0.6931471626729615,Binary entropy is monotone-equivalent to classifier margin.,null,null,null,null,null,null,null,null,null,null,null,null
ackley,optimized_ard_gpc,classifier_entropy,classifier_entropy,1,45,56,57,1758,0.588475116878028,False,False,True,1735,0.49957653292084914,0.9991530658416983,0.6931468219111682,Binary entropy is monotone-equivalent to classifier margin.,null,null,null,null,null,null,null,null,null,null,null,null
ackley,optimized_ard_gpc,classifier_entropy,classifier_entropy,1,46,57,58,1713,0.1106443268782229,True,True,True,1692,0.5000133190656028,0.9999733618687945,0.6931471802051503,Binary entropy is monotone-equivalent to classifier margin.,null,null,null,null,null,null,null,null,null,null,null,null
ackley,optimized_ard_gpc,classifier_entropy,classifier_entropy,1,47,58,59,3534,0.45991112028430337,False,False,True,3484,0.5002138727486451,0.9995722545027097,0.6931470890768373,Binary entropy is monotone-equivalent to classifier margin.,null,null,null,null,null,null,null,null,null,null,null,null
ackley,optimized_ard_gpc,classifier_entropy,classifier_entropy,1,48,59,60,2055,0.608670562872847,False,False,True,2022,0.5001144023847615,0.9997711952304771,0.6931471543841339,Binary entropy is monotone-equivalent to classifier margin.,null,null,null,null,null,null,null,null,null,null,null,null
ackley,optimized_ard_gpc,classifier_entropy,classifier_entropy,1,49,60,61,732,1.4491380331370696,False,False,False,728,0.5000452232557794,0.9999095534884412,0.6931471764696595,Binary entropy is monotone-equivalent to classifier margin.,null,null,null,null,null,null,null,null,null,null,null,null
ackley,optimized_ard_gpc,classifier_entropy,classifier_entropy,1,50,61,62,814,0.12233001200267424,True,True,True,807,0.5002244122960674,0.9995511754078652,0.6931470798381847,Binary entropy is monotone-equivalent to classifier margin.,null,null,null,null,null,null,null,null,null,null,null,null
ackley,optimized_ard_gpc,classifier_entropy,classifier_entropy,1,51,62,63,2752,0.06552950490119436,True,True,True,2708,0.5000875150266866,0.9998249699466268,0.6931471652421854,Binary entropy is monotone-equivalent to classifier margin.,null,null,null,null,null,null,null,null,null,null,null,null
ackley,optimized_ard_gpc,classifier_entropy,classifier_entropy,1,52,63,64,3494,0.09328308548162134,True,True,True,3441,0.4998259893051815,0.999651978610363,0.6931471200005003,Binary entropy is monotone-equivalent to classifier margin.,null,null,null,null,null,null,null,null,null,null,null,null
ackley,optimized_ard_gpc,classifier_entropy,classifier_entropy,1,53,64,65,3352,0.09727075022566112,True,True,True,3303,0.5006294074679671,0.9987411850640657,0.6931463882522146,Binary entropy is monotone-equivalent to classifier margin.,null,null,null,null,null,null,null,null,null,null,null,null
ackley,optimized_ard_gpc,classifier_entropy,classifier_entropy,1,54,65,66,1407,0.025212368411130726,True,True,True,1387,0.5001382275612951,0.9997235448774098,0.6931471423462274,Binary entropy is monotone-equivalent to classifier margin.,null,null,null,null,null,null,null,null,null,null,null,null
ackley,optimized_ard_gpc,classifier_entropy,classifier_entropy,1,55,66,67,496,0.6344290128874484,False,False,False,495,0.49970363178474875,0.9994072635694975,0.693147004891697,Binary entropy is monotone-equivalent to classifier margin.,null,null,null,null,null,null,null,null,null,null,null,null
ackley,optimized_ard_gpc,classifier_entropy,classifier_entropy,1,56,67,68,1224,0.9940347160928713,False,False,False,1205,0.5011644387539316,0.9976711224921369,0.6931444687222706,Binary entropy is monotone-equivalent to classifier margin.,null,null,null,null,null,null,null,null,null,null,null,null
ackley,optimized_ard_gpc,classifier_entropy,classifier_entropy,1,57,68,69,2767,0.14404416923476226,True,True,True,2719,0.49947922785680987,0.9989584557136197,0.693146638152597,Binary entropy is monotone-equivalent to classifier margin.,null,null,null,null,null,null,null,null,null,null,null,null
ackley,optimized_ard_gpc,classifier_entropy,classifier_entropy,1,58,69,70,527,1.306274755761189,False,False,False,525,0.501116265396627,0.997767469206746,0.6931446884610037,Binary entropy is monotone-equivalent to classifier margin.,null,null,null,null,null,null,null,null,null,null,null,null
ackley,optimized_ard_gpc,classifier_entropy,classifier_entropy,1,59,70,71,3508,2.5050089089016456,False,False,False,3448,0.5000138233872568,0.9999723532254865,0.6931471801777733,Binary entropy is monotone-equivalent to classifier margin.,null,null,null,null,null,null,null,null,null,null,null,null
ackley,optimized_ard_gpc,classifier_entropy,classifier_entropy,1,60,71,72,1849,0.36877014436430144,False,True,True,1814,0.5000191052952975,0.999961789409405,0.6931471798299207,Binary entropy is monotone-equivalent to classifier margin.,null,null,null,null,null,null,null,null,null,null,null,null
ackley,optimized_ard_gpc,classifier_entropy,classifier_entropy,1,61,72,73,2925,0.1376140027962034,True,True,True,2873,0.5001507477584295,0.999698504483141,0.6931471351101712,Binary entropy is monotone-equivalent to classifier margin.,null,null,null,null,null,null,null,null,null,null,null,null
ackley,optimized_ard_gpc,classifier_entropy,classifier_entropy,1,62,73,74,2985,1.447448025059801,False,False,False,2932,0.49927133631161413,0.9985426726232283,0.6931461186580279,Binary entropy is monotone-equivalent to classifier margin.,null,null,null,null,null,null,null,null,null,null,null,null
ackley,optimized_ard_gpc,classifier_entropy,classifier_entropy,1,63,74,75,1744,1.147330202198475,False,False,False,1714,0.4999319395047779,0.9998638790095558,0.6931471712954833,Binary entropy is monotone-equivalent to classifier margin.,null,null,null,null,null,null,null,null,null,null,null,null
ackley,optimized_ard_gpc,classifier_entropy,classifier_entropy,1,64,75,76,1321,0.05422066348235788,True,True,True,1299,0.5006374197792016,0.9987251604415968,0.6931463679517753,Binary entropy is monotone-equivalent to classifier margin.,null,null,null,null,null,null,null,null,null,null,null,null
ackley,optimized_ard_gpc,classifier_entropy,classifier_entropy,1,65,76,77,3157,1.0572678715174462,False,False,False,3100,0.500175755602674,0.999648488794652,0.6931471187798803,Binary entropy is monotone-equivalent to classifier margin.,null,null,null,null,null,null,null,null,null,null,null,null
ackley,optimized_ard_gpc,classifier_entropy,classifier_entropy,1,66,77,78,3307,1.6002780946570052,False,False,False,3248,0.49946002069786033,0.9989200413957207,0.6931465974045384,Binary entropy is monotone-equivalent to classifier margin.,null,null,null,null,null,null,null,null,null,null,null,null
ackley,optimized_ard_gpc,classifier_entropy,classifier_entropy,1,67,78,79,491,0.1783983239942213,True,True,True,490,0.5010472703455768,0.9979054593088463,0.693144987007988,Binary entropy is monotone-equivalent to classifier margin.,null,null,null,null,null,null,null,null,null,null,null,null
ackley,optimized_ard_gpc,classifier_entropy,classifier_entropy,1,68,79,80,309,2.588985465712142,False,False,False,308,0.4992814495068405,0.998562899013681,0.6931461479299674,Binary entropy is monotone-equivalent to classifier margin.,null,null,null,null,null,null,null,null,null,null,null,null
ackley,optimized_ard_gpc,classifier_gated_diversity,classifier_gated_diversity,1,1,12,13,7,1.4158211465951158,False,False,False,7,0.5065830449614968,0.9868339100770065,0.693060505093774,null,0.1,25,399,0.5,53,0.8835248584656907,0.752103781968568,0.8567891408742531,0.8701569996699718,null,null,null
ackley,optimized_ard_gpc,classifier_gated_diversity,classifier_gated_diversity,1,2,13,14,721,2.28377825130527,False,False,False,720,0.4982419231999793,0.9964838463999586,0.693140998879138,null,0.1,25,399,0.5,9,0.9747639147173868,0.6828428358239155,0.9291700834959201,0.9519669991066535,null,null,null
ackley,optimized_ard_gpc,classifier_gated_diversity,classifier_gated_diversity,1,3,14,15,388,0.3980098305654405,False,True,True,387,0.5002893669486019,0.9994212661027961,0.693147013093474,null,0.1,25,399,0.5,0,1.0,0.5831232945641417,0.8429873951012039,0.921493697550602,null,null,null
ackley,optimized_ard_gpc,classifier_gated_diversity,classifier_gated_diversity,1,4,15,16,3338,2.0313835002707936,False,False,False,3323,0.5013723886987203,0.9972552226025595,0.6931434136537347,null,0.1,25,399,0.5,7,0.9766778699428187,0.5875797510115406,0.9111586859301756,0.9439182779364972,null,null,null
ackley,optimized_ard_gpc,classifier_gated_diversity,classifier_gated_diversity,1,5,16,17,193,1.9750453846887783,False,False,False,192,0.5780179419225249,0.8439641161549503,0.6809236957417832,null,0.1,25,399,0.5,2,0.9378322465925725,0.4953238143569283,0.6490781974401537,0.7934552220163631,null,null,null
ackley,optimized_ard_gpc,classifier_gated_diversity,classifier_gated_diversity,1,6,17,18,2288,1.8329030059025317,False,False,False,2274,0.49693220470521204,0.9938644094104241,0.6931283577059036,null,0.1,25,399,0.5,19,0.9644846376798032,0.5647163951982888,0.7476340956840168,0.8560593666819101,null,null,null
ackley,optimized_ard_gpc,classifier_gated_diversity,classifier_gated_diversity,1,7,18,19,3055,0.6504476524457239,False,False,False,3038,0.49502933794701676,0.9900586758940335,0.6930977647834771,null,0.1,25,399,0.5,19,0.9465544612485804,0.5413909079410701,0.8622175312982956,0.904385996273438,null,null,null
ackley,optimized_ard_gpc,classifier_gated_diversity,classifier_gated_diversity,1,8,19,20,3173,2.0724088863576977,False,False,False,3155,0.8060366782654,0.3879266434691999,0.4919190572375582,null,0.1,25,399,0.5,0,1.0,0.3749334547234611,0.6197206434528295,0.8098603217264148,null,null,null
ackley,optimized_ard_gpc,classifier_gated_diversity,classifier_gated_diversity,1,9,20,21,893,3.6750442705502433,False,False,False,887,0.8299657011639283,0.34006859767214337,0.45594059402846043,null,0.1,25,398,0.5,4,0.86667268312852,0.4406062157922479,0.7570032460572724,0.8118379645928961,null,null,null
ackley,optimized_ard_gpc,classifier_gated_diversity,classifier_gated_diversity,1,10,21,22,632,3.039799458990842,False,False,False,629,0.8345379775558968,0.3309240448882065,0.4486171744721207,null,0.1,25,398,0.5,0,1.0,0.35261903566430575,0.5781867443318847,0.7890933721659423,null,null,null
ackley,optimized_ard_gpc,classifier_gated_diversity,classifier_gated_diversity,1,11,22,23,2185,3.1826310505980775,False,False,False,2170,0.8435015399755912,0.31299692004881763,0.4338176419911647,null,0.1,25,398,0.5,0,1.0,0.39126188980279186,0.7377462300024406,0.8688731150012203,null,null,null
ackley,optimized_ard_gpc,classifier_gated_diversity,classifier_gated_diversity,1,12,23,24,1900,3.5611599234481623,False,False,False,1887,0.8536030169431115,0.29279396611377706,0.41640804213973276,null,0.1,25,398,0.5,0,1.0,0.36269257712574643,0.45850937147093435,0.7292546857354671,null,null,null
ackley,optimized_ard_gpc,classifier_gated_diversity,classifier_gated_diversity,1,13,24,25,176,3.5655912159342265,False,False,False,175,0.8600457881208285,0.2799084237583429,0.404880357640201,null,0.1,25,398,0.5,4,0.954388339372228,0.44254928069351995,0.597022492810897,0.7757054160915625,null,null,null
ackley,optimized_ard_gpc,classifier_gated_diversity,classifier_gated_diversity,1,14,25,26,3499,2.9677986404634,False,False,False,3474,0.8699396401141257,0.26012071977174855,0.386501431837988,null,0.1,25,398,0.5,52,0.4620042390088673,0.7051965876430918,1.0,0.7310021195044336,null,null,null
ackley,optimized_ard_gpc,classifier_gated_diversity,classifier_gated_diversity,1,15,26,27,134,3.2420885197254155,False,False,False,133,0.8716662396565198,0.2566675206869604,0.3832069346233266,null,0.1,25,398,0.5,19,0.6765003196805826,0.504512715930895,0.7088961757631795,0.692698247721881,null,null,null
ackley,optimized_ard_gpc,classifier_gated_diversity,classifier_gated_diversity,1,16,27,28,494,3.1329462351184016,False,False,False,489,0.8720268824025652,0.2559462351948696,0.382515443458162,null,0.1,25,398,0.5,0,1.0,0.24309966897175905,0.2980742357497305,0.6490371178748653,null,null,null
ackley,optimized_ard_gpc,classifier_gated_diversity,classifier_gated_diversity,1,17,28,29,2512,2.4962445965911364,False,False,False,2489,0.877623709747354,0.24475258050529192,0.3716329980143236,null,0.1,25,398,0.5,0,1.0,0.20978200558078822,0.24571408284147359,0.6228570414207368,null,null,null
ackley,optimized_ard_gpc,classifier_gated_diversity,classifier_gated_diversity,1,18,29,30,1830,2.458287307178315,False,False,False,1816,0.8863860889441639,0.22722782211167214,0.3540050164637434,null,0.1,25,398,0.5,41,0.5904296554897749,0.46244305793451457,0.6427818837841835,0.6166057696369792,null,null,null
ackley,optimized_ard_gpc,classifier_gated_diversity,classifier_gated_diversity,1,19,30,31,249,3.399101958375393,False,False,False,245,0.8911484882121385,0.2177030235757229,0.3441073881625991,null,0.1,25,397,0.5,82,0.4212853966642628,0.6897470723839919,1.0,0.7106426983321315,null,null,null
ackley,optimized_ard_gpc,classifier_gated_diversity,classifier_gated_diversity,1,20,31,32,2349,1.584526776881825,False,False,False,2324,0.8932306702201913,0.21353865955961737,0.3397070720379872,null,0.1,25,397,0.5,66,0.47891065428872526,0.4215216170415254,0.8116691049728622,0.6452898796307938,null,null,null
ackley,optimized_ard_gpc,classifier_gated_diversity,classifier_gated_diversity,1,21,32,33,2472,2.8283316872887223,False,False,False,2446,0.8954350783860718,0.20912984322785633,0.3349988924467726,null,0.1,25,397,0.5,26,0.6903642399650171,0.3653637178236653,0.6878368311784103,0.6891005355717137,null,null,null
ackley,optimized_ard_gpc,classifier_gated_diversity,classifier_gated_diversity,1,22,33,34,3204,0.6425808443228007,False,False,False,3173,0.6160238519228471,0.7679522961543057,0.6659771355252905,null,0.1,25,397,0.5,55,0.5692931032820959,0.5008807969532307,0.9259322316262257,0.7476126674541608,null,null,null
ackley,optimized_ard_gpc,classifier_gated_diversity,classifier_gated_diversity,1,23,34,35,2979,2.8616153118355214,False,False,False,2950,0.9037491144866863,0.19250177102662747,0.31676635448300205,null,0.1,25,397,0.5,120,0.36338733797168754,0.4682256993879294,0.9146550213441637,0.6390211796579256,null,null,null
ackley,optimized_ard_gpc,classifier_gated_diversity,classifier_gated_diversity,1,24,35,36,2521,2.7231113103976874,False,False,False,2493,0.9023593724762122,0.19528125504757554,0.3198677576135123,null,0.1,25,397,0.5,8,0.9156249519963968,0.31476744148365005,0.5762683424710571,0.745946647233727,null,null,null
ackley,optimized_ard_gpc,classifier_gated_diversity,classifier_gated_diversity,1,25,36,37,660,2.3664328012039757,False,False,False,652,0.9032765719468898,0.19344685610622037,0.3178233761027394,null,0.1,25,397,0.5,2,0.9773273388319427,0.19067510485798567,0.3026356671245506,0.6399815029782466,null,null,null
ackley,optimized_ard_gpc,classifier_gated_diversity,classifier_gated_diversity,1,26,37,38,3079,2.7802775729543487,False,False,False,3046,0.910479029709677,0.17904194058064604,0.30142812007089853,null,0.1,25,397,0.5,79,0.5121098285491672,0.44132852232884795,0.8553447793253751,0.6837273039372711,null,null,null
ackley,optimized_ard_gpc,classifier_gated_diversity,classifier_gated_diversity,1,27,38,39,1762,2.8526325861750443,False,False,False,1747,0.9102620732796822,0.17947585344063555,0.3019310615298404,null,0.1,25,397,0.5,20,0.7605890468009529,0.33763360628790595,0.6266899077380345,0.6936394772694936,null,null,null
ackley,optimized_ard_gpc,classifier_gated_diversity,classifier_gated_diversity,1,28,39,40,3930,2.82487445346219,False,False,False,3891,0.9149123768480649,0.17017524630387015,0.2910225696229425,null,0.1,25,397,0.5,97,0.3854648014449368,0.5069296217439091,1.0,0.6927324007224684,null,null,null
ackley,optimized_ard_gpc,classifier_gated_diversity,classifier_gated_diversity,1,29,40,41,376,2.417400237243019,False,False,False,371,0.9124558938898417,0.17508821222031656,0.29681865335260915,null,0.1,25,396,0.5,8,0.795380633744398,0.2555106730519903,0.5351798694758186,0.6652802516101084,null,null,null
ackley,optimized_ard_gpc,classifier_gated_diversity,classifier_gated_diversity,1,30,41,42,922,2.4944575587676443,False,False,False,908,0.9154686591298287,0.16906268174034267,0.28969932611519184,null,0.1,25,396,0.5,11,0.8302198352891569,0.2587033205584062,0.5436351065576773,0.6869274709234171,null,null,null
ackley,optimized_ard_gpc,classifier_gated_diversity,classifier_gated_diversity,1,31,42,43,1291,2.5352154879489195,False,False,False,1274,0.9171057076208626,0.16578858475827474,0.2857819451259504,null,0.1,25,396,0.5,7,0.86829753433992,0.2300951453561306,0.4591727664932006,0.6637351504165603,null,null,null
ackley,optimized_ard_gpc,classifier_gated_diversity,classifier_gated_diversity,1,32,43,44,3758,2.9540813008725575,False,False,False,3716,0.9190500899743483,0.16189982005130332,0.2810832737714547,null,0.1,25,396,0.5,1,0.9848019717782321,0.22440691078171413,0.39461133257658965,0.6897066521774109,null,null,null
ackley,optimized_ard_gpc,classifier_gated_diversity,classifier_gated_diversity,1,33,44,45,2080,3.444448874715972,False,False,False,2054,0.921642253732216,0.15671549253556805,0.2747399805718737,null,0.1,25,396,0.5,16,0.753710108396558,0.2910531337960077,0.5741343505914467,0.6639222294940024,null,null,null
ackley,optimized_ard_gpc,classifier_gated_diversity,classifier_gated_diversity,1,34,45,46,3168,2.082937420388282,False,False,False,3129,0.9223185994834466,0.15536280103310673,0.27306969917597657,null,0.1,25,396,0.5,4,0.9000311046732293,0.17146791018298324,0.2851979978012017,0.5926145512372155,null,null,null
ackley,optimized_ard_gpc,classifier_gated_diversity,classifier_gated_diversity,1,35,46,47,3830,1.7901809565207838,False,False,False,3785,0.9230186128995683,0.15396277420086335,0.2713342444526394,null,0.1,25,396,0.5,0,1.0,0.1680430258818081,0.2645246604298547,0.6322623302149273,null,null,null
ackley,optimized_ard_gpc,classifier_gated_diversity,classifier_gated_diversity,1,36,47,48,2251,3.2072083243669898,False,False,False,2223,0.9288554933764317,0.1422890132471366,0.2565894196592434,null,0.1,25,396,0.5,103,0.40066202031791076,0.4331303237956003,0.8763406215761533,0.638501320947032,null,null,null
ackley,optimized_ard_gpc,classifier_gated_diversity,classifier_gated_diversity,1,37,48,49,3187,2.629603895223582,False,False,False,3145,0.9275528588524367,0.1448942822951267,0.2599234333268871,null,0.1,25,396,0.5,21,0.6730146536565899,0.29421310070531687,0.5817693182415319,0.6273919859490609,null,null,null
ackley,optimized_ard_gpc,classifier_gated_diversity,classifier_gated_diversity,1,38,49,50,1929,1.6982726848973666,False,False,False,1905,0.93162946587222,0.1367410682555601,0.2494034839232935,null,0.1,25,396,0.5,132,0.3231999187310446,0.39302616325610584,0.8826487852422868,0.6029243519866657,null,null,null
ackley,optimized_ard_gpc,classifier_gated_diversity,classifier_gated_diversity,1,39,50,51,2670,2.8371834217243332,False,False,False,2633,0.9284654766503309,0.1430690466993383,0.25759031726903414,null,0.1,25,395,0.5,1,0.9853717214737571,0.17445695167459044,0.29241998326755353,0.6388958523706553,null,null,null
ackley,optimized_ard_gpc,classifier_gated_diversity,classifier_gated_diversity,1,40,51,52,66,2.7463839812264634,False,False,False,65,0.9301817276264046,0.13963654474719078,0.25316862015600194,null,0.1,25,395,0.5,0,1.0,0.16421224317318145,0.25568329374323495,0.6278416468716175,null,null,null
ackley,optimized_ard_gpc,classifier_gated_diversity,classifier_gated_diversity,1,41,52,53,1377,3.174611470508907,False,False,False,1358,0.9311679226955221,0.13766415460895587,0.2506073628696658,null,0.1,25,395,0.5,1,0.9300034402507553,0.1432630030386791,0.20733288393844918,0.5686681620946022,null,null,null
ackley,optimized_ard_gpc,classifier_gated_diversity,classifier_gated_diversity,1,42,53,54,2279,2.0550821219445012,False,False,False,2246,0.9348811659274361,0.13023766814512783,0.24082581600388347,null,0.1,25,395,0.5,27,0.6831501981231093,0.31563929684954517,0.6051737790198454,0.6441619885714773,null,null,null
ackley,optimized_ard_gpc,classifier_gated_diversity,classifier_gated_diversity,1,43,54,55,2783,2.9100819124182884,False,False,False,2741,0.9341931103705292,0.13161377925894158,0.24265506190287245,null,0.1,25,395,0.5,2,0.8683885595610074,0.16536482663041963,0.25834343235131274,0.5633659959561601,null,null,null
ackley,optimized_ard_gpc,classifier_gated_diversity,classifier_gated_diversity,1,44,55,56,1730,2.6415755566359387,False,False,False,1710,0.9378536520227954,0.12429269595440928,0.23283288212894576,null,0.1,25,395,0.5,60,0.5358700349662556,0.37014488695367453,0.7309715454909075,0.6334207902285816,null,null,null
ackley,optimized_ard_gpc,classifier_gated_diversity,classifier_gated_diversity,1,45,56,57,3673,2.5839685207912133,False,False,False,3620,0.9400707038646487,0.1198585922707025,0.22677293398624912,null,0.1,25,395,0.5,155,0.2852415766288236,0.4381766606296104,0.9296074932474182,0.6074245349381209,null,null,null
ackley,optimized_ard_gpc,classifier_gated_diversity,classifier_gated_diversity,1,46,57,58,2484,1.4887401420012072,False,False,False,2445,0.9391236083613421,0.12175278327731576,0.2293721667899219,null,0.1,25,395,0.5,52,0.5316800835907421,0.3580966764981138,0.7801956080686963,0.6559378458297191,null,null,null
ackley,optimized_ard_gpc,classifier_gated_diversity,classifier_gated_diversity,1,47,58,59,2380,2.6331225269216922,False,False,False,2342,0.9403628171111222,0.11927436577775552,0.2259680492102809,null,0.1,25,395,0.5,44,0.5737929527730666,0.2877602227907389,0.5661781694916472,0.569985561132357,null,null,null
ackley,optimized_ard_gpc,classifier_gated_diversity,classifier_gated_diversity,1,48,59,60,3390,2.9148971754719586,False,False,False,3336,0.9410596060454282,0.11788078790914369,0.22404197011306706,null,0.1,25,395,0.5,34,0.5700634572571558,0.2861904148203248,0.537206372791084,0.5536349150241199,null,null,null
ackley,optimized_ard_gpc,classifier_gated_diversity,classifier_gated_diversity,1,49,60,61,749,2.0281218369515113,False,False,False,736,0.9421401455495015,0.11571970890099692,0.22103777139616065,null,0.1,25,394,0.5,48,0.5593747647285245,0.2721940523729045,0.5285678998316203,0.5439713322800724,null,null,null
ackley,optimized_ard_gpc,classifier_gated_diversity,classifier_gated_diversity,1,50,61,62,1054,2.339434716750791,False,False,False,1036,0.9403373955739198,0.11932520885216036,0.22603815570620578,null,0.1,25,394,0.5,0,1.0,0.09845445412770028,0.10878622166495158,0.5543931108324758,null,null,null
ackley,optimized_ard_gpc,classifier_gated_diversity,classifier_gated_diversity,1,51,62,63,1281,2.6899512479366745,False,False,False,1261,0.9462194990418311,0.10756100191633777,0.20949971546412094,null,0.1,25,394,0.5,234,0.15040249966308478,0.46731077123700726,0.9552283822057693,0.552815440934427,null,null,null
ackley,optimized_ard_gpc,classifier_gated_diversity,classifier_gated_diversity,1,52,63,64,3512,1.7602916874802812,False,False,False,3453,0.9468489966058087,0.10630200678838264,0.2076906832370975,null,0.1,25,394,0.5,217,0.15280939076436348,0.4086691977220194,1.0,0.5764046953821818,null,null,null
ackley,optimized_ard_gpc,classifier_gated_diversity,classifier_gated_diversity,1,53,64,65,2693,1.9731282362979243,False,False,False,2646,0.943723907341905,0.11255218531618993,0.21659566309070966,null,0.1,25,394,0.5,11,0.7457725210286744,0.21049651021803434,0.4310622611856241,0.5884173911071493,null,null,null
ackley,optimized_ard_gpc,classifier_gated_diversity,classifier_gated_diversity,1,54,65,66,3565,2.4244371221992242,False,False,False,3504,0.9449993995856403,0.11000120082871945,0.21298390479871926,null,0.1,25,394,0.5,12,0.777025863098861,0.1870724527760136,0.36677597878494683,0.5719009209419039,null,null,null
ackley,optimized_ard_gpc,classifier_gated_diversity,classifier_gated_diversity,1,55,66,67,1121,1.420378861769585,False,False,False,1102,0.9479725360864677,0.1040549278270646,0.20444226061256945,null,0.1,25,394,0.5,110,0.33565649984554446,0.3347392327826984,0.8431622646815181,0.5894093822635313,null,null,null
ackley,optimized_ard_gpc,classifier_gated_diversity,classifier_gated_diversity,1,56,67,68,1540,2.6792589552961843,False,False,False,1516,0.9497201561633801,0.10055968767323975,0.19933840355651977,null,0.1,25,394,0.5,208,0.17950369696395047,0.38706595252688075,1.0,0.5897518484819753,null,null,null
ackley,optimized_ard_gpc,classifier_gated_diversity,classifier_gated_diversity,1,57,68,69,656,1.76738344850569,False,False,False,646,0.9481051000285561,0.10378979994288784,0.2040573083428126,null,0.1,25,394,0.5,40,0.5371721957737776,0.2525848305448471,0.6230248095715715,0.5800985026726746,null,null,null
ackley,optimized_ard_gpc,classifier_gated_diversity,classifier_gated_diversity,1,58,69,70,560,3.131337058756607,False,False,False,551,0.9478055031460144,0.10438899370797117,0.2049268001509754,null,0.1,25,394,0.5,14,0.7052763543741326,0.1926743986489949,0.3687257527124655,0.5370010535432991,null,null,null
ackley,optimized_ard_gpc,classifier_gated_diversity,classifier_gated_diversity,1,59,70,71,2353,1.5773703325377753,False,False,False,2308,0.948503622058638,0.10299275588272394,0.20289788638724054,null,0.1,25,393,0.5,11,0.7163030862854649,0.19655209935925191,0.3789940816848794,0.5476485839851721,null,null,null
ackley,optimized_ard_gpc,classifier_gated_diversity,classifier_gated_diversity,1,60,71,72,1911,2.557805794727839,False,False,False,1877,0.9531840478050526,0.09363190438989477,0.1890310740683802,null,0.1,25,393,0.5,330,0.05528262390799218,0.4310668969464432,1.0,0.5276413119539961,null,null,null
ackley,optimized_ard_gpc,classifier_gated_diversity,classifier_gated_diversity,1,61,72,73,3791,0.883244832611247,False,False,False,3721,0.9527585510691097,0.09448289786178066,0.1903113214651821,null,0.1,25,393,0.5,185,0.21758670730977725,0.3557496682384632,1.0,0.6087933536548886,null,null,null
ackley,optimized_ard_gpc,classifier_gated_diversity,classifier_gated_diversity,1,62,73,74,364,2.230046536743414,False,False,False,358,0.949846124391911,0.10030775121617808,0.19896807168714514,null,0.1,25,393,0.5,7,0.8277931941331091,0.13880514453347897,0.26708295979638613,0.5474380769647477,null,null,null
ackley,optimized_ard_gpc,classifier_gated_diversity,classifier_gated_diversity,1,63,74,75,1100,0.4216146749266425,False,False,True,1078,0.9550791098145055,0.089841780370989,0.18327937958080256,null,0.1,25,393,0.5,372,0.020544875018572748,0.41780092691861714,1.0,0.5102724375092864,null,null,null
ackley,optimized_ard_gpc,classifier_gated_diversity,classifier_gated_diversity,1,64,75,76,551,1.9580905496801453,False,False,False,541,0.9540267340352102,0.09194653192957958,0.18648356584705714,null,0.1,25,393,0.5,131,0.27335406437938764,0.3111289143918602,0.8061707667138452,0.5397624155466164,null,null,null
ackley,optimized_ard_gpc,classifier_gated_diversity,classifier_gated_diversity,1,65,76,77,2732,2.348946487505346,False,False,False,2674,0.954277048577751,0.09144590284449805,0.1857237385149874,null,0.1,25,393,0.5,91,0.35316668712542987,0.2844379431571595,0.722672261781898,0.537919474453664,null,null,null
ackley,optimized_ard_gpc,classifier_gated_diversity,classifier_gated_diversity,1,66,77,78,1115,2.612520592974212,False,False,False,1091,0.9560162198796434,0.08796756024071328,0.18040443307807286,null,0.1,25,393,0.5,226,0.14906178922755536,0.3315088808153501,0.9407186169020956,0.5448902030648255,null,null,null
ackley,optimized_ard_gpc,classifier_gated_diversity,classifier_gated_diversity,1,67,78,79,1102,2.261644721952665,False,False,False,1078,0.9537635952639221,0.09247280947215586,0.18728078088268257,null,0.1,25,393,0.5,25,0.6118620628538424,0.20411912685013175,0.5097693899067125,0.5608157263802774,null,null,null
ackley,optimized_ard_gpc,classifier_gated_diversity,classifier_gated_diversity,1,68,79,80,393,1.1871698903556496,False,False,False,384,0.9557890909101161,0.0884218181797678,0.18110314030093702,null,0.1,25,393,0.5,99,0.3656097597423,0.262833973282491,0.6550876404030995,0.5103487000726997,null,null,null
ackley,optimized_ard_gpc,classifier_uncertainty_repulsion,classifier_uncertainty_repulsion,1,1,12,13,3512,1.7602916874802812,False,False,False,3500,0.49937176758380053,0.9987435351676011,0.6931463912078001,null,0.1,25,399,null,2,0.996961172156933,null,null,0.9967232214106586,0.15,0.6126321514530282,0.9997613239583246
ackley,optimized_ard_gpc,classifier_uncertainty_repulsion,classifier_uncertainty_repulsion,1,2,13,14,2469,1.1658181086173673,False,False,False,2458,0.5008597916116342,0.9982804167767316,0.6931457020759857,null,0.1,25,399,null,3,0.9924584569361405,null,null,0.992359494242656,0.15,0.6438896543441975,0.9999002853038402
ackley,optimized_ard_gpc,classifier_uncertainty_repulsion,classifier_uncertainty_repulsion,1,3,14,15,800,2.1791239055595675,False,False,False,799,0.500607633726392,0.9987847325472159,0.6931464421222726,null,0.1,25,399,null,2,0.9935740147203317,null,null,0.9914925412430943,0.15,0.5268495639932005,0.9979050644980653
ackley,optimized_ard_gpc,classifier_uncertainty_repulsion,classifier_uncertainty_repulsion,1,4,15,16,3639,0.7949815102382942,False,False,False,3624,0.5004025641934897,0.9991948716130206,0.6931468564440506,null,0.1,25,399,null,2,0.9942896495012111,null,null,0.9940431331506476,0.15,0.6112331783855043,0.9997520678700748
ackley,optimized_ard_gpc,classifier_uncertainty_repulsion,classifier_uncertainty_repulsion,1,5,16,17,660,2.3664328012039757,False,False,False,660,0.5998325797577309,0.8003348404845383,0.6730794916837322,null,0.1,25,399,null,0,1.0,null,null,0.9786280684176746,0.15,0.4159993475732889,0.9786280684176746
ackley,optimized_ard_gpc,classifier_uncertainty_repulsion,classifier_uncertainty_repulsion,1,6,17,18,3296,0.31302073998169,False,True,True,3281,0.49827676102696294,0.9965535220539259,0.6931412414430712,null,0.1,25,399,null,4,0.9828342565884083,null,null,0.9817870657371383,0.15,0.5549728086759181,0.9989345193818284
ackley,optimized_ard_gpc,classifier_uncertainty_repulsion,classifier_uncertainty_repulsion,1,7,18,19,947,3.0476879781415036,False,False,False,943,0.5007229908376876,0.9985540183246249,0.6931461351280783,null,0.1,25,399,null,0,1.0,null,null,0.997395300971215,0.15,0.5174647008204039,0.997395300971215
ackley,optimized_ard_gpc,classifier_uncertainty_repulsion,classifier_uncertainty_repulsion,1,8,19,20,3779,1.1722088472975134,False,False,False,3760,0.5015662811165145,0.9968674377669711,0.6931422740788489,null,0.1,25,399,null,5,0.9914595998786875,null,null,0.9832901338370993,0.15,0.4646986757576689,0.9917601624487898
ackley,optimized_ard_gpc,classifier_uncertainty_repulsion,classifier_uncertainty_repulsion,1,9,20,21,1381,2.0034613700861907,False,False,False,1374,0.49906176000394953,0.9981235200078991,0.6931454199703316,null,0.1,25,398,null,5,0.9899960276533107,null,null,0.9683197331064161,0.15,0.41468864923299104,0.9781046651285297
ackley,optimized_ard_gpc,classifier_uncertainty_repulsion,classifier_uncertainty_repulsion,1,10,21,22,2880,2.4351210067003812,False,False,False,2863,0.5014230054915054,0.9971539890169892,0.6931431306652204,null,0.1,25,398,null,8,0.9784667061845526,null,null,0.9718452701260013,0.15,0.4741364275490409,0.9932328448002375
ackley,optimized_ard_gpc,classifier_uncertainty_repulsion,classifier_uncertainty_repulsion,1,11,22,23,928,2.198770286605244,False,False,False,924,0.49932864964259527,0.9986572992851905,0.6931462791370697,null,0.1,25,398,null,4,0.9909087228103954,null,null,0.9364618481485931,0.15,0.36133483620673207,0.9450535923153637
ackley,optimized_ard_gpc,classifier_uncertainty_repulsion,classifier_uncertainty_repulsion,1,12,23,24,1858,1.0666812702761934,False,False,False,1846,0.5017241421090666,0.9965517157818669,0.6931412352161385,null,0.1,25,398,null,6,0.9789271471301376,null,null,0.9748599081924006,0.15,0.49674659353884454,0.9958452077361828
ackley,optimized_ard_gpc,classifier_uncertainty_repulsion,classifier_uncertainty_repulsion,1,13,24,25,557,0.0662000962404079,True,True,True,557,0.4993676317524991,0.9987352635049982,0.6931463807805311,null,0.1,25,398,null,5,0.9925823699684644,null,null,0.9812459002389895,0.15,0.44861211290028674,0.9885788121243428
ackley,optimized_ard_gpc,classifier_uncertainty_repulsion,classifier_uncertainty_repulsion,1,14,25,26,3514,0.06284582695102614,True,True,True,3491,0.5009977808965442,0.9980044382069115,0.6931451894251888,null,0.1,25,398,null,5,0.9910358109381673,null,null,0.9618540995507675,0.15,0.39828931891869396,0.9705543320782981
ackley,optimized_ard_gpc,classifier_uncertainty_repulsion,classifier_uncertainty_repulsion,1,15,26,27,3840,0.8543674667736756,False,False,False,3814,0.498704056818458,0.997408113636916,0.6931438216187249,null,0.1,25,398,null,6,0.9913837543683629,null,null,0.9473965090497208,0.15,0.3744116576425474,0.9556304557898797
ackley,optimized_ard_gpc,classifier_uncertainty_repulsion,classifier_uncertainty_repulsion,1,16,27,28,3547,5.103977385114442,False,False,False,3523,0.5006925017529287,0.9986149964941426,0.6931462214422831,null,0.1,25,398,null,0,1.0,null,null,0.9767945593813966,0.15,0.411523490618554,0.9767945593813966
ackley,optimized_ard_gpc,classifier_uncertainty_repulsion,classifier_uncertainty_repulsion,1,17,28,29,2747,0.49607599110555256,False,False,True,2727,0.5016788687837179,0.9966422624325642,0.6931415433485667,null,0.1,25,398,null,7,0.9845608927151093,null,null,0.9743410969345357,0.15,0.4533807578014241,0.9896199454435057
ackley,optimized_ard_gpc,classifier_uncertainty_repulsion,classifier_uncertainty_repulsion,1,18,29,30,765,0.3026460448606585,False,True,True,762,0.4999444141624326,0.9998888283248653,0.6931471743803745,null,0.1,25,398,null,0,1.0,null,null,0.9489055054471306,0.15,0.3658326580351171,0.9489055054471306
ackley,optimized_ard_gpc,classifier_uncertainty_repulsion,classifier_uncertainty_repulsion,1,19,30,31,2838,2.3050261162908807,False,False,False,2816,0.502130431666238,0.9957391366675239,0.6931381030543092,null,0.1,25,397,null,7,0.9807482509614757,null,null,0.9245948579283491,0.15,0.3587621652966774,0.9427443352786236
ackley,optimized_ard_gpc,classifier_uncertainty_repulsion,classifier_uncertainty_repulsion,1,20,31,32,3699,1.1238436559384404,False,False,False,3670,0.4966866509379493,0.9933733018758986,0.6931252238352316,null,0.1,25,397,null,8,0.9757572560534492,null,null,0.9313366955143055,0.15,0.3728646044160458,0.9544758081340771
ackley,optimized_ard_gpc,classifier_uncertainty_repulsion,classifier_uncertainty_repulsion,1,21,32,33,3916,1.1647043429262176,False,False,False,3884,0.5006789395281481,0.9986421209437037,0.6931462586418962,null,0.1,25,397,null,3,0.9943147937593669,null,null,0.9121046682133935,0.15,0.3349252033497786,0.9173198205820229
ackley,optimized_ard_gpc,classifier_uncertainty_repulsion,classifier_uncertainty_repulsion,1,22,33,34,1847,0.20479452247226781,True,True,True,1833,0.5022680112713447,0.9954639774573106,0.6931368927744118,null,0.1,25,397,null,4,0.9852942195546192,null,null,0.9757090058768018,0.15,0.45658771144143956,0.9902717244376505
ackley,optimized_ard_gpc,classifier_uncertainty_repulsion,classifier_uncertainty_repulsion,1,23,34,35,43,4.9140485205823285,False,False,False,43,0.49975540336362945,0.9995108067272589,0.6931470609049115,null,0.1,25,397,null,0,1.0,null,null,0.915276435304853,0.15,0.33328106398290974,0.915276435304853
ackley,optimized_ard_gpc,classifier_uncertainty_repulsion,classifier_uncertainty_repulsion,1,24,35,36,3152,1.530902779330857,False,False,False,3126,0.49879311853557207,0.9975862370711441,0.6931442674313781,null,0.1,25,397,null,4,0.991500344287379,null,null,0.9597992255469908,0.15,0.3936102508299184,0.9680271228113665
ackley,optimized_ard_gpc,classifier_uncertainty_repulsion,classifier_uncertainty_repulsion,1,25,36,37,422,0.9337019290012964,False,False,False,421,0.4991886768644882,0.9983773537289764,0.6931458640689072,null,0.1,25,397,null,7,0.9802532912497022,null,null,0.9558831831048832,0.15,0.40773817114700805,0.975138968303029
ackley,optimized_ard_gpc,classifier_uncertainty_repulsion,classifier_uncertainty_repulsion,1,26,37,38,3232,0.6538297651467069,False,False,False,3204,0.5008827849524196,0.9982344300951609,0.6931456219405912,null,0.1,25,397,null,9,0.9877508664343618,null,null,0.9581205803747349,0.15,0.3972386022000147,0.9700022677108976
ackley,optimized_ard_gpc,classifier_uncertainty_repulsion,classifier_uncertainty_repulsion,1,27,38,39,625,1.831091553032799,False,False,False,622,0.49918158443262617,0.9983631688652523,0.6931458409512653,null,0.1,25,397,null,3,0.9866084922695489,null,null,0.9249318354102809,0.15,0.35320893200915926,0.9374861889568882
ackley,optimized_ard_gpc,classifier_uncertainty_repulsion,classifier_uncertainty_repulsion,1,28,39,40,570,0.45330223313454887,False,False,True,567,0.5012262251052846,0.9975475497894308,0.6931441733009132,null,0.1,25,397,null,15,0.9794112861637806,null,null,0.9706533160643257,0.15,0.4607216490305873,0.9910579240578709
ackley,optimized_ard_gpc,classifier_uncertainty_repulsion,classifier_uncertainty_repulsion,1,29,40,41,3043,0.32015356836530806,False,True,True,3014,0.4999770096823016,0.9999540193646032,0.6931471795028359,null,0.1,25,396,null,0,1.0,null,null,0.9704079801584,0.15,0.39800913925577175,0.9704079801584
ackley,optimized_ard_gpc,classifier_uncertainty_repulsion,classifier_uncertainty_repulsion,1,30,41,42,705,0.7702388600694583,False,False,False,699,0.49992538435154593,0.9998507687030919,0.6931471694249552,null,0.1,25,396,null,0,1.0,null,null,0.9549134942991906,0.15,0.3734471219028019,0.9549134942991906
ackley,optimized_ard_gpc,classifier_uncertainty_repulsion,classifier_uncertainty_repulsion,1,31,42,43,3634,0.40393566592065433,False,True,True,3597,0.49863238006903243,0.9972647601380649,0.6931434397867298,null,0.1,25,396,null,10,0.9756201468646227,null,null,0.9490517030842743,0.15,0.402679414454299,0.9727676351644314
ackley,optimized_ard_gpc,classifier_uncertainty_repulsion,classifier_uncertainty_repulsion,1,32,43,44,236,1.141129840331093,False,False,False,235,0.5005239971399019,0.9989520057201962,0.6931466314138395,null,0.1,25,396,null,1,0.998172904594058,null,null,0.9468689571461333,0.15,0.36546839353448934,0.9486021437650731
ackley,optimized_ard_gpc,classifier_uncertainty_repulsion,classifier_uncertainty_repulsion,1,33,44,45,1437,1.9038748966870216,False,False,False,1420,0.49789793649408587,0.9957958729881717,0.6931383431919464,null,0.1,25,396,null,19,0.9490222768201467,null,null,0.9224631209101026,0.15,0.4011515895468844,0.9720141912800668
ackley,optimized_ard_gpc,classifier_uncertainty_repulsion,classifier_uncertainty_repulsion,1,34,45,46,1426,0.7056645715421794,False,False,False,1409,0.4995917264213813,0.9991834528427626,0.6931468471852782,null,0.1,25,396,null,1,0.99546996432543,null,null,0.9098578881511118,0.15,0.33226869710309,0.9139983332070372
ackley,optimized_ard_gpc,classifier_uncertainty_repulsion,classifier_uncertainty_repulsion,1,35,46,47,510,1.5919458074538007,False,False,False,507,0.4998675288402799,0.9997350576805598,0.6931471454627285,null,0.1,25,396,null,1,0.9987886021503574,null,null,0.9860019740029593,0.15,0.44285036288832336,0.9871978633718197
ackley,optimized_ard_gpc,classifier_uncertainty_repulsion,classifier_uncertainty_repulsion,1,36,47,48,3371,0.6601227647649637,False,False,False,3333,0.49891619061150094,0.9978323812230019,0.6931448312725244,null,0.1,25,396,null,5,0.9889938684758534,null,null,0.8575536823018635,0.15,0.30135714838071065,0.8670970666617444
ackley,optimized_ard_gpc,classifier_uncertainty_repulsion,classifier_uncertainty_repulsion,1,37,48,49,2693,1.9731282362979243,False,False,False,2663,0.4984604300630253,0.9969208601260506,0.6931424400012727,null,0.1,25,396,null,6,0.9826225581947062,null,null,0.9238359243597959,0.15,0.3559971564123752,0.9401737387925285
ackley,optimized_ard_gpc,classifier_uncertainty_repulsion,classifier_uncertainty_repulsion,1,38,49,50,195,0.4999828893361222,False,False,True,194,0.498781768978386,0.997563537956772,0.6931442123833645,null,0.1,25,396,null,5,0.9923301692158567,null,null,0.9137325529900654,0.15,0.3377975030620428,0.9207948940140563
ackley,optimized_ard_gpc,classifier_uncertainty_repulsion,classifier_uncertainty_repulsion,1,39,50,51,1617,0.1734339020824578,True,True,True,1596,0.5007506806568014,0.9984986386863972,0.693146053516625,null,0.1,25,395,null,2,0.9907185570430088,null,null,0.9110305071565215,0.15,0.3367699343256535,0.9195654009708552
ackley,optimized_ard_gpc,classifier_uncertainty_repulsion,classifier_uncertainty_repulsion,1,40,51,52,3220,1.6478659649517624,False,False,False,3181,0.49951653279858754,0.9990330655971751,0.6931467130788027,null,0.1,25,395,null,5,0.9794572874880477,null,null,0.9474526227754436,0.15,0.39236496206075955,0.9673240833250785
ackley,optimized_ard_gpc,classifier_uncertainty_repulsion,classifier_uncertainty_repulsion,1,41,52,53,3088,3.842992963798503,False,False,False,3050,0.5017271580401834,0.9965456839196332,0.6931412143982887,null,0.1,25,395,null,14,0.9769404786304062,null,null,0.9008452303176695,0.15,0.3389097161709358,0.9221086135980195
ackley,optimized_ard_gpc,classifier_uncertainty_repulsion,classifier_uncertainty_repulsion,1,42,53,54,3570,1.6225599300282347,False,False,False,3523,0.4980076230628594,0.9960152461257188,0.693139241407216,null,0.1,25,395,null,7,0.977267776655621,null,null,0.9060559804764953,0.15,0.3433068592613759,0.927131746405448
ackley,optimized_ard_gpc,classifier_uncertainty_repulsion,classifier_uncertainty_repulsion,1,43,54,55,2504,2.7422355257621316,False,False,False,2472,0.5010711785677506,0.9978576428644987,0.6931448857111419,null,0.1,25,395,null,5,0.9860512205955663,null,null,0.8825573159509777,0.15,0.3184945858463457,0.8950420602064879
ackley,optimized_ard_gpc,classifier_uncertainty_repulsion,classifier_uncertainty_repulsion,1,44,55,56,3283,3.801158226429555,False,False,False,3240,0.5018008804841787,0.9963982390316426,0.6931406942048844,null,0.1,25,395,null,3,0.9830806777584257,null,null,0.8550406571113367,0.15,0.3028624673115415,0.869756344983771
ackley,optimized_ard_gpc,classifier_uncertainty_repulsion,classifier_uncertainty_repulsion,1,45,56,57,1280,1.0061920384106848,False,False,False,1262,0.5030716676842495,0.993856664631501,0.6931283101565227,null,0.1,25,395,null,11,0.9612212008162323,null,null,0.8537172473514674,0.15,0.3139752572477166,0.8881589863254403
ackley,optimized_ard_gpc,classifier_uncertainty_repulsion,classifier_uncertainty_repulsion,1,46,57,58,1568,0.23852108617446532,False,True,True,1546,0.5001112092870965,0.999777581425807,0.693147155824934,null,0.1,25,395,null,0,1.0,null,null,0.8604545847862523,0.15,0.297693521620223,0.8604545847862523
ackley,optimized_ard_gpc,classifier_uncertainty_repulsion,classifier_uncertainty_repulsion,1,47,58,59,749,2.0281218369515113,False,False,False,738,0.5020661364350723,0.9958677271298555,0.6931386426961103,null,0.1,25,395,null,11,0.9765065436534313,null,null,0.8912382403040462,0.15,0.3312371348960584,0.9126802540100055
ackley,optimized_ard_gpc,classifier_uncertainty_repulsion,classifier_uncertainty_repulsion,1,48,59,60,2604,0.22427777791572368,False,True,True,2568,0.4958710482875528,0.9917420965751056,0.6931130836879239,null,0.1,25,395,null,17,0.9477312929136573,null,null,0.804912744659378,0.15,0.29182584499635417,0.8493048089451545
ackley,optimized_ard_gpc,classifier_uncertainty_repulsion,classifier_uncertainty_repulsion,1,49,60,61,204,1.4198775702823827,False,False,False,202,0.5008017029797829,0.9983965940404342,0.693145895104059,null,0.1,25,394,null,5,0.9902546236591404,null,null,0.9200042119852142,0.15,0.3450584257534418,0.929058234119281
ackley,optimized_ard_gpc,classifier_uncertainty_repulsion,classifier_uncertainty_repulsion,1,50,61,62,432,1.2565017282704325,False,False,False,427,0.49946656392090194,0.9989331278418039,0.6931466114517364,null,0.1,25,394,null,5,0.9926373274102456,null,null,0.9243885102719255,0.15,0.3470939886421919,0.9312449620281974
ackley,optimized_ard_gpc,classifier_uncertainty_repulsion,classifier_uncertainty_repulsion,1,51,62,63,1541,1.9893226475203534,False,False,False,1516,0.5005422459715927,0.9989155080568146,0.6931465924984426,null,0.1,25,394,null,3,0.9983252403016951,null,null,0.9068343803068489,0.15,0.32793719177232816,0.9083556577541828
ackley,optimized_ard_gpc,classifier_uncertainty_repulsion,classifier_uncertainty_repulsion,1,52,63,64,3132,0.4421949080461509,False,False,True,3085,0.5007303656845785,0.998539268630843,0.6931461136914996,null,0.1,25,394,null,1,0.9894591356692601,null,null,0.9080686112544343,0.15,0.3352692684216925,0.9177424094833647
ackley,optimized_ard_gpc,classifier_uncertainty_repulsion,classifier_uncertainty_repulsion,1,53,64,65,2557,0.23678091466053708,False,True,True,2518,0.4980498790067216,0.9960997580134432,0.6931395745968849,null,0.1,25,394,null,12,0.9742993160734699,null,null,0.9491719037431369,0.15,0.40570822452007627,0.9742097608858034
ackley,optimized_ard_gpc,classifier_uncertainty_repulsion,classifier_uncertainty_repulsion,1,54,65,66,2327,0.7843474391712348,False,False,False,2290,0.4962305944016503,0.9924611888033006,0.6931187634536373,null,0.1,25,394,null,14,0.9356311251565168,null,null,0.8702580000841172,0.15,0.34604906107883915,0.9301293818528497
ackley,optimized_ard_gpc,classifier_uncertainty_repulsion,classifier_uncertainty_repulsion,1,55,66,67,1995,0.7438862632490544,False,False,False,1962,0.4990069059770421,0.9980138119540842,0.6931452080871716,null,0.1,25,394,null,3,0.9861392143800862,null,null,0.8483936884731619,0.15,0.2976197751519831,0.8603183770624973
ackley,optimized_ard_gpc,classifier_uncertainty_repulsion,classifier_uncertainty_repulsion,1,56,67,68,2407,0.5217702861219902,False,False,True,2368,0.5010470762400232,0.9979058475199536,0.6931449878210378,null,0.1,25,394,null,6,0.9862254041843167,null,null,0.9087979005614993,0.15,0.33838503103478595,0.9214910675649693
ackley,optimized_ard_gpc,classifier_uncertainty_repulsion,classifier_uncertainty_repulsion,1,57,68,69,3226,2.065041775038708,False,False,False,3172,0.49957932727617693,0.9991586545523539,0.6931468266288224,null,0.1,25,394,null,4,0.9958222489507385,null,null,0.944248777211785,0.15,0.36500035719870083,0.9482101632160814
ackley,optimized_ard_gpc,classifier_uncertainty_repulsion,classifier_uncertainty_repulsion,1,58,69,70,3521,1.1374255763793002,False,False,False,3460,0.5009612218663351,0.9980775562673299,0.6931453326638544,null,0.1,25,394,null,4,0.9840601010317167,null,null,0.9346202499810925,0.15,0.366867629793818,0.949759317546977
ackley,optimized_ard_gpc,classifier_uncertainty_repulsion,classifier_uncertainty_repulsion,1,59,70,71,1427,0.2920064037136303,False,True,True,1403,0.5007279447983792,0.9985441104032415,0.693146120752312,null,0.1,25,393,null,4,0.989485674868219,null,null,0.8632080188230402,0.15,0.30437082377448355,0.8723805111559633
ackley,optimized_ard_gpc,classifier_uncertainty_repulsion,classifier_uncertainty_repulsion,1,60,71,72,2732,2.348946487505346,False,False,False,2685,0.49965659543364016,0.9993131908672803,0.6931469447065344,null,0.1,25,393,null,3,0.998111913828749,null,null,0.9298669394926328,0.15,0.3474539862803768,0.9316259295269514
ackley,optimized_ard_gpc,classifier_uncertainty_repulsion,classifier_uncertainty_repulsion,1,61,72,73,3986,0.07658137366473916,True,True,True,3914,0.49690640824224275,0.9938128164844855,0.693128039817895,null,0.1,25,393,null,11,0.9664630630772016,null,null,0.8616582716316499,0.15,0.316179476802633,0.8915584097835513
ackley,optimized_ard_gpc,classifier_uncertainty_repulsion,classifier_uncertainty_repulsion,1,62,73,74,2933,1.8207582203305108,False,False,False,2882,0.5048523769351476,0.9902952461297048,0.6931000886968847,null,0.1,25,393,null,29,0.9304526536074194,null,null,0.882709074312104,0.15,0.36557105597408174,0.9486877928605923
ackley,optimized_ard_gpc,classifier_uncertainty_repulsion,classifier_uncertainty_repulsion,1,63,74,75,1438,0.9180990727798566,False,False,False,1412,0.5020258722734243,0.9959482554531514,0.6931389722205499,null,0.1,25,393,null,14,0.9685199528230233,null,null,0.8810544115762268,0.15,0.3289431382999336,0.9096915443075244
ackley,optimized_ard_gpc,classifier_uncertainty_repulsion,classifier_uncertainty_repulsion,1,64,75,76,1493,0.02924122855865363,True,True,True,1466,0.49998944134196377,0.9999788826839275,0.6931471803369749,null,0.1,25,393,null,0,1.0,null,null,0.8527276641240966,0.15,0.2935919449771772,0.8527276641240966
ackley,optimized_ard_gpc,classifier_uncertainty_repulsion,classifier_uncertainty_repulsion,1,65,76,77,1841,0.1173320925550918,True,True,True,1807,0.5010310197518022,0.9979379604963956,0.6931450545549815,null,0.1,25,393,null,5,0.98524996618815,null,null,0.829848436282719,0.15,0.288287598507598,0.8422719764135932
ackley,optimized_ard_gpc,classifier_uncertainty_repulsion,classifier_uncertainty_repulsion,1,66,77,78,3950,1.480546878924434,False,False,False,3874,0.5021641844007476,0.9956716311985048,0.6931378131424548,null,0.1,25,393,null,10,0.967586602902103,null,null,0.8758783325784769,0.15,0.32562041797111724,0.9052195740943875
ackley,optimized_ard_gpc,classifier_uncertainty_repulsion,classifier_uncertainty_repulsion,1,67,78,79,1110,1.2400009794668954,False,False,False,1090,0.4960667943147916,0.9921335886295832,0.6931162400269142,null,0.1,25,393,null,42,0.9068485216326515,null,null,0.8672241035757435,0.15,0.37533164615260184,0.9563053617978339
ackley,optimized_ard_gpc,classifier_uncertainty_repulsion,classifier_uncertainty_repulsion,1,68,79,80,1529,0.14601883023347817,True,True,True,1500,0.49874221238839267,0.9974844247767853,0.6931440164972563,null,0.1,25,393,null,22,0.97089946414527,null,null,0.8902746655550945,0.15,0.3346322595595334,0.9169586537354273
ackley,fixed_iso_gpc,random,random,2,1,12,13,2916,3.2598237939378567,False,False,False,2907,0.4988988570406758,0.9977977140813516,0.6931447555263514,null,null,null,null,null,null,null,null,null,null,null,null,null
ackley,fixed_iso_gpc,random,random,2,2,13,14,1313,0.7905656769460343,False,False,False,1308,0.4575814981301818,0.9151629962603636,0.689544192701111,null,null,null,null,null,null,null,null,null,null,null,null,null
ackley,fixed_iso_gpc,random,random,2,3,14,15,1428,0.7422215885325052,False,False,False,1422,0.5044192660971802,0.9911614678056395,0.6931081202256975,null,null,null,null,null,null,null,null,null,null,null,null,null
ackley,fixed_iso_gpc,random,random,2,4,15,16,1717,1.3351888768889069,False,False,False,1709,0.4756666930965352,0.9513333861930704,0.6919624930080808,null,null,null,null,null,null,null,null,null,null,null,null,null
ackley,fixed_iso_gpc,random,random,2,5,16,17,2797,2.6427307160297957,False,False,False,2785,0.4986934895647517,0.9973869791295034,0.6931437666170255,null,null,null,null,null,null,null,null,null,null,null,null,null
ackley,fixed_iso_gpc,random,random,2,6,17,18,2952,1.1474364519962634,False,False,False,2938,0.4558160925144108,0.9116321850288216,0.6892376477209032,null,null,null,null,null,null,null,null,null,null,null,null,null
ackley,fixed_iso_gpc,random,random,2,7,18,19,1962,1.1544585903493711,False,False,False,1953,0.43516548246395814,0.8703309649279163,0.6847164319570878,null,null,null,null,null,null,null,null,null,null,null,null,null
ackley,fixed_iso_gpc,random,random,2,8,19,20,3505,0.318406309742457,False,True,True,3488,0.4903118904747146,0.9806237809494291,0.6929594498797006,null,null,null,null,null,null,null,null,null,null,null,null,null
ackley,fixed_iso_gpc,random,random,2,9,20,21,677,0.5799360780491138,False,False,True,673,0.44447319222130943,0.8889463844426189,0.6869679898048224,null,null,null,null,null,null,null,null,null,null,null,null,null
ackley,fixed_iso_gpc,random,random,2,10,21,22,1387,0.5503879182767317,False,False,True,1380,0.4974181033829348,0.9948362067658696,0.6931338481204115,null,null,null,null,null,null,null,null,null,null,null,null,null
ackley,fixed_iso_gpc,random,random,2,11,22,23,732,4.097020162702817,False,False,False,727,0.45043830093568715,0.9008766018713743,0.6882263797936474,null,null,null,null,null,null,null,null,null,null,null,null,null
ackley,fixed_iso_gpc,random,random,2,12,23,24,38,0.7631725631122901,False,False,False,37,0.44217817438590146,0.8843563487718029,0.6864454691153594,null,null,null,null,null,null,null,null,null,null,null,null,null
ackley,fixed_iso_gpc,random,random,2,13,24,25,3848,0.9560805467105364,False,False,False,3826,0.47636172087381823,0.9527234417476365,0.6920292274112957,null,null,null,null,null,null,null,null,null,null,null,null,null
ackley,fixed_iso_gpc,random,random,2,14,25,26,593,0.6646234321109272,False,False,False,589,0.5464633372248073,0.9070733255503853,0.6888232614534469,null,null,null,null,null,null,null,null,null,null,null,null,null
ackley,fixed_iso_gpc,random,random,2,15,26,27,2699,0.8553898835290301,False,False,False,2681,0.4813382852724857,0.9626765705449714,0.6924504995636312,null,null,null,null,null,null,null,null,null,null,null,null,null
ackley,fixed_iso_gpc,random,random,2,16,27,28,1152,1.0653088562452062,False,False,False,1143,0.532447147063948,0.935105705872104,0.691040065460432,null,null,null,null,null,null,null,null,null,null,null,null,null
ackley,fixed_iso_gpc,random,random,2,17,28,29,136,1.5667502544033773,False,False,False,134,0.46416237087143486,0.9283247417428697,0.6905763053473573,null,null,null,null,null,null,null,null,null,null,null,null,null
ackley,fixed_iso_gpc,random,random,2,18,29,30,3194,0.2536944372143477,False,True,True,3169,0.45370944492619003,0.9074188898523801,0.6888554062839749,null,null,null,null,null,null,null,null,null,null,null,null,null
ackley,fixed_iso_gpc,random,random,2,19,30,31,3961,0.39834890703803794,False,True,True,3931,0.47699069609808475,0.9539813921961695,0.6920879503854709,null,null,null,null,null,null,null,null,null,null,null,null,null
ackley,fixed_iso_gpc,random,random,2,20,31,32,119,5.222664197895144,False,False,False,117,0.33897129540497417,0.6779425908099483,0.6403507849991728,null,null,null,null,null,null,null,null,null,null,null,null,null
ackley,fixed_iso_gpc,random,random,2,21,32,33,2114,1.0291702579795814,False,False,False,2094,0.4763407222372109,0.9526814444744218,0.6920272395596773,null,null,null,null,null,null,null,null,null,null,null,null,null
ackley,fixed_iso_gpc,random,random,2,22,33,34,1921,1.1020342547172888,False,False,False,1904,0.5640353075678917,0.8719293848642167,0.684923571910305,null,null,null,null,null,null,null,null,null,null,null,null,null
ackley,fixed_iso_gpc,random,random,2,23,34,35,1237,0.17032182656529926,True,True,True,1225,0.4922861107563925,0.984572221512785,0.6930281676639887,null,null,null,null,null,null,null,null,null,null,null,null,null
ackley,fixed_iso_gpc,random,random,2,24,35,36,2121,0.7515027002973316,False,False,False,2098,0.49356822109596976,0.9871364421919395,0.6930644427183292,null,null,null,null,null,null,null,null,null,null,null,null,null
ackley,fixed_iso_gpc,random,random,2,25,36,37,3627,0.5808963555682851,False,False,True,3595,0.5199939990947229,0.9600120018105542,0.6923474473465312,null,null,null,null,null,null,null,null,null,null,null,null,null
ackley,fixed_iso_gpc,random,random,2,26,37,38,54,2.3922270313024363,False,False,False,52,0.4488506007590729,0.8977012015181458,0.6879054936264282,null,null,null,null,null,null,null,null,null,null,null,null,null
ackley,fixed_iso_gpc,random,random,2,27,38,39,1603,0.7231102791115518,False,False,False,1586,0.49477584886405346,0.9895516977281069,0.6930925960565997,null,null,null,null,null,null,null,null,null,null,null,null,null
ackley,fixed_iso_gpc,random,random,2,28,39,40,1620,0.16282566754779815,True,True,True,1602,0.5505193047006003,0.8989613905987994,0.6880340596371839,null,null,null,null,null,null,null,null,null,null,null,null,null
ackley,fixed_iso_gpc,random,random,2,29,40,41,3623,0.11093740320152001,True,True,True,3588,0.477060423132734,0.954120846265468,0.6920943626591716,null,null,null,null,null,null,null,null,null,null,null,null,null
ackley,fixed_iso_gpc,random,random,2,30,41,42,295,0.2405699810737829,False,True,True,289,0.45945190575724837,0.9189038115144967,0.6898552708547419,null,null,null,null,null,null,null,null,null,null,null,null,null
ackley,fixed_iso_gpc,random,random,2,31,42,43,3935,0.17221396949845946,True,True,True,3894,0.40929788463813566,0.8185957692762713,0.6766019819287816,null,null,null,null,null,null,null,null,null,null,null,null,null
ackley,fixed_iso_gpc,random,random,2,32,43,44,3698,0.23606651857615368,False,True,True,3660,0.44274555456986775,0.8854911091397355,0.6865766341667678,null,null,null,null,null,null,null,null,null,null,null,null,null
ackley,fixed_iso_gpc,random,random,2,33,44,45,3776,1.3434714625734614,False,False,False,3737,0.43165334513825826,0.8633066902765165,0.6837753361528203,null,null,null,null,null,null,null,null,null,null,null,null,null
ackley,fixed_iso_gpc,random,random,2,34,45,46,298,0.4523625353252143,False,False,True,291,0.4791584951554171,0.9583169903108342,0.6922781921687838,null,null,null,null,null,null,null,null,null,null,null,null,null
ackley,fixed_iso_gpc,random,random,2,35,46,47,2712,2.686792547740536,False,False,False,2681,0.4925159568345112,0.9850319136690224,0.6930351545724031,null,null,null,null,null,null,null,null,null,null,null,null,null
ackley,fixed_iso_gpc,random,random,2,36,47,48,3779,0.5390532848969798,False,False,True,3737,0.5032122459350461,0.9935755081299078,0.693126543370086,null,null,null,null,null,null,null,null,null,null,null,null,null
ackley,fixed_iso_gpc,random,random,2,37,48,49,1135,3.3988476835117307,False,False,False,1121,0.4320187986186994,0.8640375972373988,0.6838756034105317,null,null,null,null,null,null,null,null,null,null,null,null,null
ackley,fixed_iso_gpc,random,random,2,38,49,50,2157,0.5511676890056165,False,False,True,2127,0.3750571633595712,0.7501143267191424,0.6615924316959472,null,null,null,null,null,null,null,null,null,null,null,null,null
ackley,fixed_iso_gpc,random,random,2,39,50,51,2507,0.09440219450964271,True,True,True,2476,0.47982888215570796,0.9596577643114159,0.6923332116973522,null,null,null,null,null,null,null,null,null,null,null,null,null
ackley,fixed_iso_gpc,random,random,2,40,51,52,1521,1.813839764393304,False,False,False,1501,0.5964489274562368,0.8071021450875264,0.6744252575931784,null,null,null,null,null,null,null,null,null,null,null,null,null
ackley,fixed_iso_gpc,random,random,2,41,52,53,1461,1.751523864696356,False,False,False,1441,0.5295548919884965,0.940890216023007,0.6913991785377251,null,null,null,null,null,null,null,null,null,null,null,null,null
ackley,fixed_iso_gpc,random,random,2,42,53,54,138,2.5879964610562407,False,False,False,133,0.5321429270919111,0.9357141458161777,0.6910794194304264,null,null,null,null,null,null,null,null,null,null,null,null,null
ackley,fixed_iso_gpc,random,random,2,43,54,55,2856,0.09382551642843495,True,True,True,2817,0.5739272042877985,0.8521455914244029,0.6821765401053997,null,null,null,null,null,null,null,null,null,null,null,null,null
ackley,fixed_iso_gpc,random,random,2,44,55,56,665,1.7086154761083705,False,False,False,653,0.427289800392316,0.854579600784632,0.6825360488279677,null,null,null,null,null,null,null,null,null,null,null,null,null
ackley,fixed_iso_gpc,random,random,2,45,56,57,3895,1.0963418676911125,False,False,False,3842,0.43431119706205834,0.8686223941241167,0.6844921440466152,null,null,null,null,null,null,null,null,null,null,null,null,null
ackley,fixed_iso_gpc,random,random,2,46,57,58,3738,3.0603459748279835,False,False,False,3689,0.2668715320486399,0.5337430640972798,0.5801223061335444,null,null,null,null,null,null,null,null,null,null,null,null,null
ackley,fixed_iso_gpc,random,random,2,47,58,59,205,3.4973095518647668,False,False,False,199,0.2977121860351417,0.5954243720702834,0.6089133618581144,null,null,null,null,null,null,null,null,null,null,null,null,null
ackley,fixed_iso_gpc,random,random,2,48,59,60,3867,1.8725543805547442,False,False,False,3813,0.5033471046751838,0.9933057906496323,0.6931247741731827,null,null,null,null,null,null,null,null,null,null,null,null,null
ackley,fixed_iso_gpc,random,random,2,49,60,61,596,1.1309171543241145,False,False,False,584,0.3887443221615001,0.7774886443230002,0.6681830916819307,null,null,null,null,null,null,null,null,null,null,null,null,null
ackley,fixed_iso_gpc,random,random,2,50,61,62,3228,0.18225899571603144,True,True,True,3181,0.5453435746265569,0.9093128507468862,0.6890294460168214,null,null,null,null,null,null,null,null,null,null,null,null,null
ackley,fixed_iso_gpc,random,random,2,51,62,63,1551,2.2162444664976864,False,False,False,1525,0.5278376911745468,0.9443246176509064,0.6915965047624015,null,null,null,null,null,null,null,null,null,null,null,null,null
ackley,fixed_iso_gpc,random,random,2,52,63,64,3676,1.8972920973708707,False,False,False,3624,0.5320279637887637,0.9359440724224726,0.6910941943285069,null,null,null,null,null,null,null,null,null,null,null,null,null
ackley,fixed_iso_gpc,random,random,2,53,64,65,3530,1.0420466077421047,False,False,False,3480,0.4472006189246116,0.8944012378492232,0.6875612225278892,null,null,null,null,null,null,null,null,null,null,null,null,null
ackley,fixed_iso_gpc,random,random,2,54,65,66,3341,0.7440644374951546,False,False,False,3292,0.469171032437643,0.938342064875286,0.6912451238319091,null,null,null,null,null,null,null,null,null,null,null,null,null
ackley,fixed_iso_gpc,random,random,2,55,66,67,1367,1.050282015766582,False,False,False,1345,0.4425919199481001,0.8851838398962002,0.686541246264083,null,null,null,null,null,null,null,null,null,null,null,null,null
ackley,fixed_iso_gpc,random,random,2,56,67,68,2625,0.27512665328906927,False,True,True,2585,0.47058503917106975,0.9411700783421395,0.6914157011475421,null,null,null,null,null,null,null,null,null,null,null,null,null
ackley,fixed_iso_gpc,random,random,2,57,68,69,2740,0.18821427462180296,True,True,True,2696,0.4723286976599894,0.9446573953199788,0.6916149959236308,null,null,null,null,null,null,null,null,null,null,null,null,null
ackley,fixed_iso_gpc,random,random,2,58,69,70,2987,0.210804494865517,False,True,True,2938,0.3824909482799228,0.7649818965598456,0.6652704088090635,null,null,null,null,null,null,null,null,null,null,null,null,null
ackley,fixed_iso_gpc,random,random,2,59,70,71,3005,2.800488433034314,False,False,False,2955,0.37598035700557375,0.7519607140111475,0.6620619800034222,null,null,null,null,null,null,null,null,null,null,null,null,null
ackley,fixed_iso_gpc,random,random,2,60,71,72,1230,0.4023590046135066,False,True,True,1210,0.48364424207118617,0.9672884841423723,0.6926120634681803,null,null,null,null,null,null,null,null,null,null,null,null,null
ackley,fixed_iso_gpc,random,random,2,61,72,73,906,1.9255076621858507,False,False,False,889,0.36317287121883624,0.7263457424376725,0.6552219319664168,null,null,null,null,null,null,null,null,null,null,null,null,null
ackley,fixed_iso_gpc,random,random,2,62,73,74,2860,0.08764876938754185,True,True,True,2811,0.4713808653277809,0.9427617306555618,0.6915081751790826,null,null,null,null,null,null,null,null,null,null,null,null,null
ackley,fixed_iso_gpc,random,random,2,63,74,75,971,2.208830513946337,False,False,False,953,0.23635971078556395,0.4727194215711279,0.5468473885866333,null,null,null,null,null,null,null,null,null,null,null,null,null
ackley,fixed_iso_gpc,random,random,2,64,75,76,3648,0.6582168225041087,False,False,False,3585,0.5732345884887025,0.8535308230225951,0.6823818843158398,null,null,null,null,null,null,null,null,null,null,null,null,null
ackley,fixed_iso_gpc,random,random,2,65,76,77,2391,1.3766568804606631,False,False,False,2349,0.5429098381509476,0.9141803236981048,0.6894601384806553,null,null,null,null,null,null,null,null,null,null,null,null,null
ackley,fixed_iso_gpc,random,random,2,66,77,78,3313,2.2875532354606474,False,False,False,3254,0.5245015638650159,0.9509968722699682,0.6919460463113816,null,null,null,null,null,null,null,null,null,null,null,null,null
ackley,fixed_iso_gpc,random,random,2,67,78,79,2069,2.1545082300466785,False,False,False,2031,0.5215617793478273,0.9568764413043453,0.6922170714992534,null,null,null,null,null,null,null,null,null,null,null,null,null
ackley,fixed_iso_gpc,random,random,2,68,79,80,2680,2.295690265337223,False,False,False,2633,0.52269299620135,0.9546140075973,0.6921168825201017,null,null,null,null,null,null,null,null,null,null,null,null,null
ackley,fixed_iso_gpc,classifier_margin,classifier_margin,2,1,12,13,972,0.8053999565804943,False,False,False,968,0.5000002898929362,0.9999994202141276,0.6931471805597773,null,null,null,null,null,null,null,null,null,null,null,null,null
ackley,fixed_iso_gpc,classifier_margin,classifier_margin,2,2,13,14,21,1.5301063365117784,False,False,False,21,0.5000043224382911,0.9999913551234179,0.6931471805225784,null,null,null,null,null,null,null,null,null,null,null,null,null
ackley,fixed_iso_gpc,classifier_margin,classifier_margin,2,3,14,15,143,0.8352701328116829,False,False,False,141,0.49996376087776223,0.9999275217555245,0.6931471779333973,null,null,null,null,null,null,null,null,null,null,null,null,null
ackley,fixed_iso_gpc,classifier_margin,classifier_margin,2,4,15,16,3916,0.910029417217995,False,False,False,3901,0.5000026259142182,0.9999947481715636,0.6931471805461544,null,null,null,null,null,null,null,null,null,null,null,null,null
ackley,fixed_iso_gpc,classifier_margin,classifier_margin,2,5,16,17,475,0.5932380342870669,False,False,True,470,0.5000050487082105,0.999989902583579,0.6931471805089664,null,null,null,null,null,null,null,null,null,null,null,null,null
ackley,fixed_iso_gpc,classifier_margin,classifier_margin,2,6,17,18,2071,1.9403532652341031,False,False,False,2060,0.5000016161198979,0.9999967677602042,0.6931471805547216,null,null,null,null,null,null,null,null,null,null,null,null,null
ackley,fixed_iso_gpc,classifier_margin,classifier_margin,2,7,18,19,3609,0.5310248873636016,False,False,True,3594,0.5000073352666472,0.9999853294667056,0.693147180452333,null,null,null,null,null,null,null,null,null,null,null,null,null
ackley,fixed_iso_gpc,classifier_margin,classifier_margin,2,8,19,20,3454,1.2003070575310453,False,False,False,3439,0.5000273853535923,0.9999452292928155,0.6931471790600301,null,null,null,null,null,null,null,null,null,null,null,null,null
ackley,fixed_iso_gpc,classifier_margin,classifier_margin,2,9,20,21,2761,3.4270259062440225,False,False,False,2747,0.4999989844731135,0.999997968946227,0.6931471805578826,null,null,null,null,null,null,null,null,null,null,null,null,null
ackley,fixed_iso_gpc,classifier_margin,classifier_margin,2,10,21,22,2304,1.9658061302462393,False,False,False,2291,0.4999867524505428,0.9999735049010856,0.6931471802089502,null,null,null,null,null,null,null,null,null,null,null,null,null
ackley,fixed_iso_gpc,classifier_margin,classifier_margin,2,11,22,23,3478,1.1991409188775233,False,False,False,3460,0.5000259663769964,0.9999480672460073,0.6931471792114399,null,null,null,null,null,null,null,null,null,null,null,null,null
ackley,fixed_iso_gpc,classifier_margin,classifier_margin,2,12,23,24,3603,1.552017968709558,False,False,False,3584,0.4999860658983508,0.9999721317967016,0.6931471801716269,null,null,null,null,null,null,null,null,null,null,null,null,null
ackley,fixed_iso_gpc,classifier_margin,classifier_margin,2,13,24,25,1434,2.2304779646866297,False,False,False,1425,0.5000057577381495,0.999988484523701,0.6931471804936422,null,null,null,null,null,null,null,null,null,null,null,null,null
ackley,fixed_iso_gpc,classifier_margin,classifier_margin,2,14,25,26,965,0.26939736776916945,False,True,True,958,0.5000476226138166,0.9999047547723667,0.6931471760241186,null,null,null,null,null,null,null,null,null,null,null,null,null
ackley,fixed_iso_gpc,classifier_margin,classifier_margin,2,15,26,27,1365,2.378403315070736,False,False,False,1355,0.4999672939463188,0.9999345878926376,0.6931471784205734,null,null,null,null,null,null,null,null,null,null,null,null,null
ackley,fixed_iso_gpc,classifier_margin,classifier_margin,2,16,27,28,522,2.654849630138452,False,False,False,516,0.49999681741810537,0.9999936348362107,0.6931471805396876,null,null,null,null,null,null,null,null,null,null,null,null,null
ackley,fixed_iso_gpc,classifier_margin,classifier_margin,2,17,28,29,541,0.6367943273932486,False,False,False,534,0.5000020682949463,0.9999958634101074,0.6931471805513896,null,null,null,null,null,null,null,null,null,null,null,null,null
ackley,fixed_iso_gpc,classifier_margin,classifier_margin,2,18,29,30,1461,1.751523864696356,False,False,False,1447,0.4999729568483974,0.9999459136967948,0.6931471790972812,null,null,null,null,null,null,null,null,null,null,null,null,null
ackley,fixed_iso_gpc,classifier_margin,classifier_margin,2,19,30,31,210,1.0827730493999148,False,False,False,206,0.5000077053967792,0.9999845892064416,0.693147180441199,null,null,null,null,null,null,null,null,null,null,null,null,null
ackley,fixed_iso_gpc,classifier_margin,classifier_margin,2,20,31,32,2744,1.4256451206976433,False,False,False,2722,0.4999755166777632,0.9999510333555264,0.6931471793610792,null,null,null,null,null,null,null,null,null,null,null,null,null
ackley,fixed_iso_gpc,classifier_margin,classifier_margin,2,21,32,33,672,0.7476590422439813,False,False,False,662,0.49999642665183164,0.9999928533036633,0.6931471805344077,null,null,null,null,null,null,null,null,null,null,null,null,null
ackley,fixed_iso_gpc,classifier_margin,classifier_margin,2,22,33,34,1678,1.4269556861387205,False,False,False,1661,0.49997018061162773,0.9999403612232555,0.6931471787815535,null,null,null,null,null,null,null,null,null,null,null,null,null
ackley,fixed_iso_gpc,classifier_margin,classifier_margin,2,23,34,35,2385,1.485460219498398,False,False,False,2362,0.49998663381986475,0.9999732676397295,0.6931471802026358,null,null,null,null,null,null,null,null,null,null,null,null,null
ackley,fixed_iso_gpc,classifier_margin,classifier_margin,2,24,35,36,654,2.583454102468224,False,False,False,644,0.5000050917385065,0.999989816522987,0.6931471805080938,null,null,null,null,null,null,null,null,null,null,null,null,null
ackley,fixed_iso_gpc,classifier_margin,classifier_margin,2,25,36,37,106,0.5082140542621278,False,False,True,104,0.500014900056052,0.999970199887896,0.6931471801159219,null,null,null,null,null,null,null,null,null,null,null,null,null
ackley,fixed_iso_gpc,classifier_margin,classifier_margin,2,26,37,38,2100,1.1503381047588537,False,False,False,2076,0.5000159652837002,0.9999680694325996,0.6931471800501647,null,null,null,null,null,null,null,null,null,null,null,null,null
ackley,fixed_iso_gpc,classifier_margin,classifier_margin,2,27,38,39,3337,1.0506120886199852,False,False,False,3306,0.5000028792383363,0.9999942415233274,0.6931471805433653,null,null,null,null,null,null,null,null,null,null,null,null,null
ackley,fixed_iso_gpc,classifier_margin,classifier_margin,2,28,39,40,1503,2.1598517946090467,False,False,False,1484,0.5000109308839562,0.9999781382320876,0.6931471803209768,null,null,null,null,null,null,null,null,null,null,null,null,null
ackley,fixed_iso_gpc,classifier_margin,classifier_margin,2,29,40,41,3783,1.3103444261799648,False,False,False,3746,0.49994443303814695,0.9998888660762939,0.6931471743845707,null,null,null,null,null,null,null,null,null,null,null,null,null
ackley,fixed_iso_gpc,classifier_margin,classifier_margin,2,30,41,42,2464,1.1316458911145304,False,False,False,2436,0.5000420387706626,0.9999159224586749,0.6931471770254288,null,null,null,null,null,null,null,null,null,null,null,null,null
ackley,fixed_iso_gpc,classifier_margin,classifier_margin,2,31,42,43,3194,0.2536944372143477,False,True,True,3161,0.49997287980090743,0.9999457596018149,0.693147179088935,null,null,null,null,null,null,null,null,null,null,null,null,null
ackley,fixed_iso_gpc,classifier_margin,classifier_margin,2,32,43,44,2608,0.42392247517545734,False,False,True,2579,0.4999552982267257,0.9999105964534514,0.6931471765634483,null,null,null,null,null,null,null,null,null,null,null,null,null
ackley,fixed_iso_gpc,classifier_margin,classifier_margin,2,33,44,45,3712,0.29970573920012455,False,True,True,3672,0.5000110337120262,0.9999779325759477,0.6931471803164597,null,null,null,null,null,null,null,null,null,null,null,null,null
ackley,fixed_iso_gpc,classifier_margin,classifier_margin,2,34,45,46,1829,1.7993287297982494,False,False,False,1807,0.500043659540896,0.999912680918208,0.6931471767476343,null,null,null,null,null,null,null,null,null,null,null,null,null
ackley,fixed_iso_gpc,classifier_margin,classifier_margin,2,35,46,47,3832,0.4932077350710635,False,False,True,3789,0.49999822122812687,0.9999964424562537,0.6931471805536171,null,null,null,null,null,null,null,null,null,null,null,null,null
ackley,fixed_iso_gpc,classifier_margin,classifier_margin,2,36,47,48,3716,0.6389005351022057,False,False,False,3674,0.499983274651186,0.999966549302372,0.6931471800004707,null,null,null,null,null,null,null,null,null,null,null,null,null
ackley,fixed_iso_gpc,classifier_margin,classifier_margin,2,37,48,49,495,1.675061611410067,False,False,False,487,0.49992849298796044,0.9998569859759209,0.6931471703334398,null,null,null,null,null,null,null,null,null,null,null,null,null
ackley,fixed_iso_gpc,classifier_margin,classifier_margin,2,38,49,50,2936,0.1645894209842833,True,True,True,2901,0.49998414636806926,0.9999682927361385,0.6931471800572699,null,null,null,null,null,null,null,null,null,null,null,null,null
ackley,fixed_iso_gpc,classifier_margin,classifier_margin,2,39,50,51,645,0.19123228805291959,True,True,True,633,0.499969866166944,0.999939732333888,0.6931471787438496,null,null,null,null,null,null,null,null,null,null,null,null,null
ackley,fixed_iso_gpc,classifier_margin,classifier_margin,2,40,51,52,699,2.4105918782334594,False,False,False,684,0.5000138310077955,0.999972337984409,0.6931471801773517,null,null,null,null,null,null,null,null,null,null,null,null,null
ackley,fixed_iso_gpc,classifier_margin,classifier_margin,2,41,52,53,2841,0.9077949771450733,False,False,False,2804,0.5000007125718124,0.9999985748563751,0.6931471805589298,null,null,null,null,null,null,null,null,null,null,null,null,null
ackley,fixed_iso_gpc,classifier_margin,classifier_margin,2,42,53,54,695,0.903558677958225,False,False,False,680,0.5000848529916032,0.9998302940167936,0.6931471661598849,null,null,null,null,null,null,null,null,null,null,null,null,null
ackley,fixed_iso_gpc,classifier_margin,classifier_margin,2,43,54,55,1285,0.46563489775421196,False,False,True,1265,0.5000165185042361,0.9999669629915278,0.6931471800142233,null,null,null,null,null,null,null,null,null,null,null,null,null
ackley,fixed_iso_gpc,classifier_margin,classifier_margin,2,44,55,56,135,1.1412288830742536,False,False,False,132,0.4999493108413799,0.9998986216827598,0.6931471754211638,null,null,null,null,null,null,null,null,null,null,null,null,null
ackley,fixed_iso_gpc,classifier_margin,classifier_margin,2,45,56,57,657,1.8672234399858958,False,False,False,642,0.5000685302911594,0.9998629394176812,0.6931471711671436,null,null,null,null,null,null,null,null,null,null,null,null,null
ackley,fixed_iso_gpc,classifier_margin,classifier_margin,2,46,57,58,1578,0.3024395903167587,False,True,True,1551,0.49999861908637094,0.9999972381727419,0.6931471805561314,null,null,null,null,null,null,null,null,null,null,null,null,null
ackley,fixed_iso_gpc,classifier_margin,classifier_margin,2,47,58,59,2510,1.7309286688530392,False,False,False,2472,0.5000308574838256,0.9999382850323488,0.6931471786555767,null,null,null,null,null,null,null,null,null,null,null,null,null
ackley,fixed_iso_gpc,classifier_margin,classifier_margin,2,48,59,60,324,0.06571838123576335,True,True,True,317,0.49999540286153404,0.9999908057230681,0.6931471805176779,null,null,null,null,null,null,null,null,null,null,null,null,null
ackley,fixed_iso_gpc,classifier_margin,classifier_margin,2,49,60,61,947,1.6764933028947837,False,False,False,927,0.5000148658545753,0.9999702682908493,0.6931471801179581,null,null,null,null,null,null,null,null,null,null,null,null,null
ackley,fixed_iso_gpc,classifier_margin,classifier_margin,2,50,61,62,2983,0.7190061674438546,False,False,False,2936,0.5000168581968155,0.999966283606369,0.6931471799915478,null,null,null,null,null,null,null,null,null,null,null,null,null
ackley,fixed_iso_gpc,classifier_margin,classifier_margin,2,51,62,63,2528,0.6102451276520515,False,False,True,2487,0.4999900202515512,0.9999800405031024,0.6931471803607545,null,null,null,null,null,null,null,null,null,null,null,null,null
ackley,fixed_iso_gpc,classifier_margin,classifier_margin,2,52,63,64,1354,1.4904114945328484,False,False,False,1329,0.5000099585506458,0.9999800828987084,0.6931471803615998,null,null,null,null,null,null,null,null,null,null,null,null,null
ackley,fixed_iso_gpc,classifier_margin,classifier_margin,2,53,64,65,2490,0.22633378386002256,False,True,True,2449,0.4999693746047685,0.999938749209537,0.6931471786841157,null,null,null,null,null,null,null,null,null,null,null,null,null
ackley,fixed_iso_gpc,classifier_margin,classifier_margin,2,54,65,66,3012,0.3743205273084449,False,True,True,2961,0.4999828421275459,0.9999656842550918,0.6931471799711602,null,null,null,null,null,null,null,null,null,null,null,null,null
ackley,fixed_iso_gpc,classifier_margin,classifier_margin,2,55,66,67,3543,1.2649408066082906,False,False,False,3486,0.5000037759098779,0.9999924481802442,0.6931471805314303,null,null,null,null,null,null,null,null,null,null,null,null,null
ackley,fixed_iso_gpc,classifier_margin,classifier_margin,2,56,67,68,2888,0.290716061699797,False,True,True,2839,0.49999644229282564,0.9999928845856513,0.6931471805346308,null,null,null,null,null,null,null,null,null,null,null,null,null
ackley,fixed_iso_gpc,classifier_margin,classifier_margin,2,57,68,69,1282,0.7069376275163908,False,False,False,1258,0.5000588880428027,0.9998822239143945,0.6931471736243421,null,null,null,null,null,null,null,null,null,null,null,null,null
ackley,fixed_iso_gpc,classifier_margin,classifier_margin,2,58,69,70,1946,2.1872020373927263,False,False,False,1911,0.5000335119074222,0.9999329761851556,0.6931471783138494,null,null,null,null,null,null,null,null,null,null,null,null,null
ackley,fixed_iso_gpc,classifier_margin,classifier_margin,2,59,70,71,1062,0.3314446605052783,False,True,True,1039,0.4999960425760814,0.9999920851521628,0.6931471805286229,null,null,null,null,null,null,null,null,null,null,null,null,null
ackley,fixed_iso_gpc,classifier_margin,classifier_margin,2,60,71,72,2359,0.2368874908539187,False,True,True,2317,0.500053836174673,0.999892327650654,0.6931471747632779,null,null,null,null,null,null,null,null,null,null,null,null,null
ackley,fixed_iso_gpc,classifier_margin,classifier_margin,2,61,72,73,2595,0.47387723341125465,False,False,True,2547,0.49999104426870106,0.9999820885374021,0.693147180399535,null,null,null,null,null,null,null,null,null,null,null,null,null
ackley,fixed_iso_gpc,classifier_margin,classifier_margin,2,62,73,74,1565,0.31474493838729956,False,True,True,1533,0.49998582510008344,0.9999716502001669,0.6931471801580897,null,null,null,null,null,null,null,null,null,null,null,null,null
ackley,fixed_iso_gpc,classifier_margin,classifier_margin,2,63,74,75,1690,2.291088122658758,False,False,False,1655,0.500035499611459,0.999929000777082,0.6931471780395004,null,null,null,null,null,null,null,null,null,null,null,null,null
ackley,fixed_iso_gpc,classifier_margin,classifier_margin,2,64,75,76,3996,1.3044120881321017,False,False,False,3921,0.49996823631677867,0.9999364726335573,0.6931471785420822,null,null,null,null,null,null,null,null,null,null,null,null,null
ackley,fixed_iso_gpc,classifier_margin,classifier_margin,2,65,76,77,2086,0.32429749060949753,False,True,True,2044,0.4999791254098651,0.9999582508197302,0.6931471796884483,null,null,null,null,null,null,null,null,null,null,null,null,null
ackley,fixed_iso_gpc,classifier_margin,classifier_margin,2,66,77,78,1274,1.8470527043439926,False,False,False,1249,0.49997606448003645,0.9999521289600729,0.6931471794141271,null,null,null,null,null,null,null,null,null,null,null,null,null
ackley,fixed_iso_gpc,classifier_margin,classifier_margin,2,67,78,79,196,0.8528168682431634,False,False,False,191,0.49999754472106783,0.9999950894421357,0.6931471805478885,null,null,null,null,null,null,null,null,null,null,null,null,null
ackley,fixed_iso_gpc,classifier_margin,classifier_margin,2,68,79,80,342,0.6353275922037405,False,False,False,333,0.500020119737115,0.99995976052577,0.6931471797503377,null,null,null,null,null,null,null,null,null,null,null,null,null
ackley,fixed_iso_gpc,classifier_entropy,classifier_entropy,2,1,12,13,972,0.8053999565804943,False,False,False,968,0.5000002898929362,0.9999994202141276,0.6931471805597773,Binary entropy is monotone-equivalent to classifier margin.,null,null,null,null,null,null,null,null,null,null,null,null
ackley,fixed_iso_gpc,classifier_entropy,classifier_entropy,2,2,13,14,21,1.5301063365117784,False,False,False,21,0.5000043224382911,0.9999913551234179,0.6931471805225784,Binary entropy is monotone-equivalent to classifier margin.,null,null,null,null,null,null,null,null,null,null,null,null
ackley,fixed_iso_gpc,classifier_entropy,classifier_entropy,2,3,14,15,143,0.8352701328116829,False,False,False,141,0.49996376087776223,0.9999275217555245,0.6931471779333973,Binary entropy is monotone-equivalent to classifier margin.,null,null,null,null,null,null,null,null,null,null,null,null
ackley,fixed_iso_gpc,classifier_entropy,classifier_entropy,2,4,15,16,3916,0.910029417217995,False,False,False,3901,0.5000026259142182,0.9999947481715636,0.6931471805461544,Binary entropy is monotone-equivalent to classifier margin.,null,null,null,null,null,null,null,null,null,null,null,null
ackley,fixed_iso_gpc,classifier_entropy,classifier_entropy,2,5,16,17,475,0.5932380342870669,False,False,True,470,0.5000050487082105,0.999989902583579,0.6931471805089664,Binary entropy is monotone-equivalent to classifier margin.,null,null,null,null,null,null,null,null,null,null,null,null
ackley,fixed_iso_gpc,classifier_entropy,classifier_entropy,2,6,17,18,2071,1.9403532652341031,False,False,False,2060,0.5000016161198979,0.9999967677602042,0.6931471805547216,Binary entropy is monotone-equivalent to classifier margin.,null,null,null,null,null,null,null,null,null,null,null,null
ackley,fixed_iso_gpc,classifier_entropy,classifier_entropy,2,7,18,19,3609,0.5310248873636016,False,False,True,3594,0.5000073352666472,0.9999853294667056,0.693147180452333,Binary entropy is monotone-equivalent to classifier margin.,null,null,null,null,null,null,null,null,null,null,null,null
ackley,fixed_iso_gpc,classifier_entropy,classifier_entropy,2,8,19,20,3454,1.2003070575310453,False,False,False,3439,0.5000273853535923,0.9999452292928155,0.6931471790600301,Binary entropy is monotone-equivalent to classifier margin.,null,null,null,null,null,null,null,null,null,null,null,null
ackley,fixed_iso_gpc,classifier_entropy,classifier_entropy,2,9,20,21,2761,3.4270259062440225,False,False,False,2747,0.4999989844731135,0.999997968946227,0.6931471805578826,Binary entropy is monotone-equivalent to classifier margin.,null,null,null,null,null,null,null,null,null,null,null,null
ackley,fixed_iso_gpc,classifier_entropy,classifier_entropy,2,10,21,22,2304,1.9658061302462393,False,False,False,2291,0.4999867524505428,0.9999735049010856,0.6931471802089502,Binary entropy is monotone-equivalent to classifier margin.,null,null,null,null,null,null,null,null,null,null,null,null
ackley,fixed_iso_gpc,classifier_entropy,classifier_entropy,2,11,22,23,3478,1.1991409188775233,False,False,False,3460,0.5000259663769964,0.9999480672460073,0.6931471792114399,Binary entropy is monotone-equivalent to classifier margin.,null,null,null,null,null,null,null,null,null,null,null,null
ackley,fixed_iso_gpc,classifier_entropy,classifier_entropy,2,12,23,24,3603,1.552017968709558,False,False,False,3584,0.4999860658983508,0.9999721317967016,0.6931471801716269,Binary entropy is monotone-equivalent to classifier margin.,null,null,null,null,null,null,null,null,null,null,null,null
ackley,fixed_iso_gpc,classifier_entropy,classifier_entropy,2,13,24,25,1434,2.2304779646866297,False,False,False,1425,0.5000057577381495,0.999988484523701,0.6931471804936422,Binary entropy is monotone-equivalent to classifier margin.,null,null,null,null,null,null,null,null,null,null,null,null
ackley,fixed_iso_gpc,classifier_entropy,classifier_entropy,2,14,25,26,965,0.26939736776916945,False,True,True,958,0.5000476226138166,0.9999047547723667,0.6931471760241186,Binary entropy is monotone-equivalent to classifier margin.,null,null,null,null,null,null,null,null,null,null,null,null
ackley,fixed_iso_gpc,classifier_entropy,classifier_entropy,2,15,26,27,1365,2.378403315070736,False,False,False,1355,0.4999672939463188,0.9999345878926376,0.6931471784205734,Binary entropy is monotone-equivalent to classifier margin.,null,null,null,null,null,null,null,null,null,null,null,null
ackley,fixed_iso_gpc,classifier_entropy,classifier_entropy,2,16,27,28,522,2.654849630138452,False,False,False,516,0.49999681741810537,0.9999936348362107,0.6931471805396876,Binary entropy is monotone-equivalent to classifier margin.,null,null,null,null,null,null,null,null,null,null,null,null
ackley,fixed_iso_gpc,classifier_entropy,classifier_entropy,2,17,28,29,541,0.6367943273932486,False,False,False,534,0.5000020682949463,0.9999958634101074,0.6931471805513896,Binary entropy is monotone-equivalent to classifier margin.,null,null,null,null,null,null,null,null,null,null,null,null
ackley,fixed_iso_gpc,classifier_entropy,classifier_entropy,2,18,29,30,1461,1.751523864696356,False,False,False,1447,0.4999729568483974,0.9999459136967948,0.6931471790972812,Binary entropy is monotone-equivalent to classifier margin.,null,null,null,null,null,null,null,null,null,null,null,null
ackley,fixed_iso_gpc,classifier_entropy,classifier_entropy,2,19,30,31,210,1.0827730493999148,False,False,False,206,0.5000077053967792,0.9999845892064416,0.693147180441199,Binary entropy is monotone-equivalent to classifier margin.,null,null,null,null,null,null,null,null,null,null,null,null
ackley,fixed_iso_gpc,classifier_entropy,classifier_entropy,2,20,31,32,2744,1.4256451206976433,False,False,False,2722,0.4999755166777632,0.9999510333555264,0.6931471793610792,Binary entropy is monotone-equivalent to classifier margin.,null,null,null,null,null,null,null,null,null,null,null,null
ackley,fixed_iso_gpc,classifier_entropy,classifier_entropy,2,21,32,33,672,0.7476590422439813,False,False,False,662,0.49999642665183164,0.9999928533036633,0.6931471805344077,Binary entropy is monotone-equivalent to classifier margin.,null,null,null,null,null,null,null,null,null,null,null,null
ackley,fixed_iso_gpc,classifier_entropy,classifier_entropy,2,22,33,34,1678,1.4269556861387205,False,False,False,1661,0.49997018061162773,0.9999403612232555,0.6931471787815535,Binary entropy is monotone-equivalent to classifier margin.,null,null,null,null,null,null,null,null,null,null,null,null
ackley,fixed_iso_gpc,classifier_entropy,classifier_entropy,2,23,34,35,2385,1.485460219498398,False,False,False,2362,0.49998663381986475,0.9999732676397295,0.6931471802026358,Binary entropy is monotone-equivalent to classifier margin.,null,null,null,null,null,null,null,null,null,null,null,null
ackley,fixed_iso_gpc,classifier_entropy,classifier_entropy,2,24,35,36,654,2.583454102468224,False,False,False,644,0.5000050917385065,0.999989816522987,0.6931471805080938,Binary entropy is monotone-equivalent to classifier margin.,null,null,null,null,null,null,null,null,null,null,null,null
ackley,fixed_iso_gpc,classifier_entropy,classifier_entropy,2,25,36,37,106,0.5082140542621278,False,False,True,104,0.500014900056052,0.999970199887896,0.6931471801159219,Binary entropy is monotone-equivalent to classifier margin.,null,null,null,null,null,null,null,null,null,null,null,null
ackley,fixed_iso_gpc,classifier_entropy,classifier_entropy,2,26,37,38,2100,1.1503381047588537,False,False,False,2076,0.5000159652837002,0.9999680694325996,0.6931471800501647,Binary entropy is monotone-equivalent to classifier margin.,null,null,null,null,null,null,null,null,null,null,null,null
ackley,fixed_iso_gpc,classifier_entropy,classifier_entropy,2,27,38,39,3337,1.0506120886199852,False,False,False,3306,0.5000028792383363,0.9999942415233274,0.6931471805433653,Binary entropy is monotone-equivalent to classifier margin.,null,null,null,null,null,null,null,null,null,null,null,null
ackley,fixed_iso_gpc,classifier_entropy,classifier_entropy,2,28,39,40,1503,2.1598517946090467,False,False,False,1484,0.5000109308839562,0.9999781382320876,0.6931471803209768,Binary entropy is monotone-equivalent to classifier margin.,null,null,null,null,null,null,null,null,null,null,null,null
ackley,fixed_iso_gpc,classifier_entropy,classifier_entropy,2,29,40,41,3783,1.3103444261799648,False,False,False,3746,0.49994443303814695,0.9998888660762939,0.6931471743845707,Binary entropy is monotone-equivalent to classifier margin.,null,null,null,null,null,null,null,null,null,null,null,null
ackley,fixed_iso_gpc,classifier_entropy,classifier_entropy,2,30,41,42,2464,1.1316458911145304,False,False,False,2436,0.5000420387706626,0.9999159224586749,0.6931471770254288,Binary entropy is monotone-equivalent to classifier margin.,null,null,null,null,null,null,null,null,null,null,null,null
ackley,fixed_iso_gpc,classifier_entropy,classifier_entropy,2,31,42,43,3194,0.2536944372143477,False,True,True,3161,0.49997287980090743,0.9999457596018149,0.693147179088935,Binary entropy is monotone-equivalent to classifier margin.,null,null,null,null,null,null,null,null,null,null,null,null
ackley,fixed_iso_gpc,classifier_entropy,classifier_entropy,2,32,43,44,2608,0.42392247517545734,False,False,True,2579,0.4999552982267257,0.9999105964534514,0.6931471765634483,Binary entropy is monotone-equivalent to classifier margin.,null,null,null,null,null,null,null,null,null,null,null,null
ackley,fixed_iso_gpc,classifier_entropy,classifier_entropy,2,33,44,45,3712,0.29970573920012455,False,True,True,3672,0.5000110337120262,0.9999779325759477,0.6931471803164597,Binary entropy is monotone-equivalent to classifier margin.,null,null,null,null,null,null,null,null,null,null,null,null
ackley,fixed_iso_gpc,classifier_entropy,classifier_entropy,2,34,45,46,1829,1.7993287297982494,False,False,False,1807,0.500043659540896,0.999912680918208,0.6931471767476343,Binary entropy is monotone-equivalent to classifier margin.,null,null,null,null,null,null,null,null,null,null,null,null
ackley,fixed_iso_gpc,classifier_entropy,classifier_entropy,2,35,46,47,3832,0.4932077350710635,False,False,True,3789,0.49999822122812687,0.9999964424562537,0.6931471805536171,Binary entropy is monotone-equivalent to classifier margin.,null,null,null,null,null,null,null,null,null,null,null,null
ackley,fixed_iso_gpc,classifier_entropy,classifier_entropy,2,36,47,48,3716,0.6389005351022057,False,False,False,3674,0.499983274651186,0.999966549302372,0.6931471800004707,Binary entropy is monotone-equivalent to classifier margin.,null,null,null,null,null,null,null,null,null,null,null,null
ackley,fixed_iso_gpc,classifier_entropy,classifier_entropy,2,37,48,49,495,1.675061611410067,False,False,False,487,0.49992849298796044,0.9998569859759209,0.6931471703334398,Binary entropy is monotone-equivalent to classifier margin.,null,null,null,null,null,null,null,null,null,null,null,null
ackley,fixed_iso_gpc,classifier_entropy,classifier_entropy,2,38,49,50,2936,0.1645894209842833,True,True,True,2901,0.49998414636806926,0.9999682927361385,0.6931471800572699,Binary entropy is monotone-equivalent to classifier margin.,null,null,null,null,null,null,null,null,null,null,null,null
ackley,fixed_iso_gpc,classifier_entropy,classifier_entropy,2,39,50,51,645,0.19123228805291959,True,True,True,633,0.499969866166944,0.999939732333888,0.6931471787438496,Binary entropy is monotone-equivalent to classifier margin.,null,null,null,null,null,null,null,null,null,null,null,null
ackley,fixed_iso_gpc,classifier_entropy,classifier_entropy,2,40,51,52,699,2.4105918782334594,False,False,False,684,0.5000138310077955,0.999972337984409,0.6931471801773517,Binary entropy is monotone-equivalent to classifier margin.,null,null,null,null,null,null,null,null,null,null,null,null
ackley,fixed_iso_gpc,classifier_entropy,classifier_entropy,2,41,52,53,2841,0.9077949771450733,False,False,False,2804,0.5000007125718124,0.9999985748563751,0.6931471805589298,Binary entropy is monotone-equivalent to classifier margin.,null,null,null,null,null,null,null,null,null,null,null,null
ackley,fixed_iso_gpc,classifier_entropy,classifier_entropy,2,42,53,54,695,0.903558677958225,False,False,False,680,0.5000848529916032,0.9998302940167936,0.6931471661598849,Binary entropy is monotone-equivalent to classifier margin.,null,null,null,null,null,null,null,null,null,null,null,null
ackley,fixed_iso_gpc,classifier_entropy,classifier_entropy,2,43,54,55,1285,0.46563489775421196,False,False,True,1265,0.5000165185042361,0.9999669629915278,0.6931471800142233,Binary entropy is monotone-equivalent to classifier margin.,null,null,null,null,null,null,null,null,null,null,null,null
ackley,fixed_iso_gpc,classifier_entropy,classifier_entropy,2,44,55,56,135,1.1412288830742536,False,False,False,132,0.4999493108413799,0.9998986216827598,0.6931471754211638,Binary entropy is monotone-equivalent to classifier margin.,null,null,null,null,null,null,null,null,null,null,null,null
ackley,fixed_iso_gpc,classifier_entropy,classifier_entropy,2,45,56,57,657,1.8672234399858958,False,False,False,642,0.5000685302911594,0.9998629394176812,0.6931471711671436,Binary entropy is monotone-equivalent to classifier margin.,null,null,null,null,null,null,null,null,null,null,null,null
ackley,fixed_iso_gpc,classifier_entropy,classifier_entropy,2,46,57,58,1578,0.3024395903167587,False,True,True,1551,0.49999861908637094,0.9999972381727419,0.6931471805561314,Binary entropy is monotone-equivalent to classifier margin.,null,null,null,null,null,null,null,null,null,null,null,null
ackley,fixed_iso_gpc,classifier_entropy,classifier_entropy,2,47,58,59,2510,1.7309286688530392,False,False,False,2472,0.5000308574838256,0.9999382850323488,0.6931471786555767,Binary entropy is monotone-equivalent to classifier margin.,null,null,null,null,null,null,null,null,null,null,null,null
ackley,fixed_iso_gpc,classifier_entropy,classifier_entropy,2,48,59,60,324,0.06571838123576335,True,True,True,317,0.49999540286153404,0.9999908057230681,0.6931471805176779,Binary entropy is monotone-equivalent to classifier margin.,null,null,null,null,null,null,null,null,null,null,null,null
ackley,fixed_iso_gpc,classifier_entropy,classifier_entropy,2,49,60,61,947,1.6764933028947837,False,False,False,927,0.5000148658545753,0.9999702682908493,0.6931471801179581,Binary entropy is monotone-equivalent to classifier margin.,null,null,null,null,null,null,null,null,null,null,null,null
ackley,fixed_iso_gpc,classifier_entropy,classifier_entropy,2,50,61,62,2983,0.7190061674438546,False,False,False,2936,0.5000168581968155,0.999966283606369,0.6931471799915478,Binary entropy is monotone-equivalent to classifier margin.,null,null,null,null,null,null,null,null,null,null,null,null
ackley,fixed_iso_gpc,classifier_entropy,classifier_entropy,2,51,62,63,2528,0.6102451276520515,False,False,True,2487,0.4999900202515512,0.9999800405031024,0.6931471803607545,Binary entropy is monotone-equivalent to classifier margin.,null,null,null,null,null,null,null,null,null,null,null,null
ackley,fixed_iso_gpc,classifier_entropy,classifier_entropy,2,52,63,64,1354,1.4904114945328484,False,False,False,1329,0.5000099585506458,0.9999800828987084,0.6931471803615998,Binary entropy is monotone-equivalent to classifier margin.,null,null,null,null,null,null,null,null,null,null,null,null
ackley,fixed_iso_gpc,classifier_entropy,classifier_entropy,2,53,64,65,2490,0.22633378386002256,False,True,True,2449,0.4999693746047685,0.999938749209537,0.6931471786841157,Binary entropy is monotone-equivalent to classifier margin.,null,null,null,null,null,null,null,null,null,null,null,null
ackley,fixed_iso_gpc,classifier_entropy,classifier_entropy,2,54,65,66,3012,0.3743205273084449,False,True,True,2961,0.4999828421275459,0.9999656842550918,0.6931471799711602,Binary entropy is monotone-equivalent to classifier margin.,null,null,null,null,null,null,null,null,null,null,null,null
ackley,fixed_iso_gpc,classifier_entropy,classifier_entropy,2,55,66,67,3543,1.2649408066082906,False,False,False,3486,0.5000037759098779,0.9999924481802442,0.6931471805314303,Binary entropy is monotone-equivalent to classifier margin.,null,null,null,null,null,null,null,null,null,null,null,null
ackley,fixed_iso_gpc,classifier_entropy,classifier_entropy,2,56,67,68,2888,0.290716061699797,False,True,True,2839,0.49999644229282564,0.9999928845856513,0.6931471805346308,Binary entropy is monotone-equivalent to classifier margin.,null,null,null,null,null,null,null,null,null,null,null,null
ackley,fixed_iso_gpc,classifier_entropy,classifier_entropy,2,57,68,69,1282,0.7069376275163908,False,False,False,1258,0.5000588880428027,0.9998822239143945,0.6931471736243421,Binary entropy is monotone-equivalent to classifier margin.,null,null,null,null,null,null,null,null,null,null,null,null
ackley,fixed_iso_gpc,classifier_entropy,classifier_entropy,2,58,69,70,1946,2.1872020373927263,False,False,False,1911,0.5000335119074222,0.9999329761851556,0.6931471783138494,Binary entropy is monotone-equivalent to classifier margin.,null,null,null,null,null,null,null,null,null,null,null,null
ackley,fixed_iso_gpc,classifier_entropy,classifier_entropy,2,59,70,71,1062,0.3314446605052783,False,True,True,1039,0.4999960425760814,0.9999920851521628,0.6931471805286229,Binary entropy is monotone-equivalent to classifier margin.,null,null,null,null,null,null,null,null,null,null,null,null
ackley,fixed_iso_gpc,classifier_entropy,classifier_entropy,2,60,71,72,2359,0.2368874908539187,False,True,True,2317,0.500053836174673,0.999892327650654,0.6931471747632779,Binary entropy is monotone-equivalent to classifier margin.,null,null,null,null,null,null,null,null,null,null,null,null
ackley,fixed_iso_gpc,classifier_entropy,classifier_entropy,2,61,72,73,2595,0.47387723341125465,False,False,True,2547,0.49999104426870106,0.9999820885374021,0.693147180399535,Binary entropy is monotone-equivalent to classifier margin.,null,null,null,null,null,null,null,null,null,null,null,null
ackley,fixed_iso_gpc,classifier_entropy,classifier_entropy,2,62,73,74,1565,0.31474493838729956,False,True,True,1533,0.49998582510008344,0.9999716502001669,0.6931471801580897,Binary entropy is monotone-equivalent to classifier margin.,null,null,null,null,null,null,null,null,null,null,null,null
ackley,fixed_iso_gpc,classifier_entropy,classifier_entropy,2,63,74,75,1690,2.291088122658758,False,False,False,1655,0.500035499611459,0.999929000777082,0.6931471780395004,Binary entropy is monotone-equivalent to classifier margin.,null,null,null,null,null,null,null,null,null,null,null,null
ackley,fixed_iso_gpc,classifier_entropy,classifier_entropy,2,64,75,76,3996,1.3044120881321017,False,False,False,3921,0.49996823631677867,0.9999364726335573,0.6931471785420822,Binary entropy is monotone-equivalent to classifier margin.,null,null,null,null,null,null,null,null,null,null,null,null
ackley,fixed_iso_gpc,classifier_entropy,classifier_entropy,2,65,76,77,2086,0.32429749060949753,False,True,True,2044,0.4999791254098651,0.9999582508197302,0.6931471796884483,Binary entropy is monotone-equivalent to classifier margin.,null,null,null,null,null,null,null,null,null,null,null,null
ackley,fixed_iso_gpc,classifier_entropy,classifier_entropy,2,66,77,78,1274,1.8470527043439926,False,False,False,1249,0.49997606448003645,0.9999521289600729,0.6931471794141271,Binary entropy is monotone-equivalent to classifier margin.,null,null,null,null,null,null,null,null,null,null,null,null
ackley,fixed_iso_gpc,classifier_entropy,classifier_entropy,2,67,78,79,196,0.8528168682431634,False,False,False,191,0.49999754472106783,0.9999950894421357,0.6931471805478885,Binary entropy is monotone-equivalent to classifier margin.,null,null,null,null,null,null,null,null,null,null,null,null
ackley,fixed_iso_gpc,classifier_entropy,classifier_entropy,2,68,79,80,342,0.6353275922037405,False,False,False,333,0.500020119737115,0.99995976052577,0.6931471797503377,Binary entropy is monotone-equivalent to classifier margin.,null,null,null,null,null,null,null,null,null,null,null,null
ackley,fixed_iso_gpc,classifier_gated_diversity,classifier_gated_diversity,2,1,12,13,2368,3.361537924955991,False,False,False,2360,0.5000223659092984,0.9999552681814032,0.6931471795594775,null,0.1,25,399,0.5,15,0.9861008374047184,0.9501478343977394,1.0,0.9930504187023592,null,null,null
ackley,fixed_iso_gpc,classifier_gated_diversity,classifier_gated_diversity,2,2,13,14,2423,3.0991106137946733,False,False,False,2414,0.5000282255463526,0.9999435489072948,0.6931471789665824,null,0.1,25,399,0.5,6,0.9900487306486592,0.8728660428327153,1.0,0.9950243653243296,null,null,null
ackley,fixed_iso_gpc,classifier_gated_diversity,classifier_gated_diversity,2,3,14,15,21,1.5301063365117784,False,False,False,21,0.5000027521153283,0.9999944957693434,0.693147180544797,null,0.1,25,399,0.5,0,1.0,0.8457041739304166,1.0,1.0,null,null,null
ackley,fixed_iso_gpc,classifier_gated_diversity,classifier_gated_diversity,2,4,15,16,3531,2.0704044964495765,False,False,False,3518,0.49957413155256947,0.9991482631051389,0.6931468178320325,null,0.1,25,399,0.5,21,0.92135963816392,0.6862363555142297,0.9045097292931783,0.9129346837285491,null,null,null
ackley,fixed_iso_gpc,classifier_gated_diversity,classifier_gated_diversity,2,5,16,17,3892,2.3739217110459148,False,False,False,3877,0.49893898102004597,0.9978779620400919,0.6931449290357039,null,0.1,25,399,0.5,63,0.8168899003773226,0.7392785186351779,1.0,0.9084449501886613,null,null,null
ackley,fixed_iso_gpc,classifier_gated_diversity,classifier_gated_diversity,2,6,17,18,3885,2.123024598755686,False,False,False,3870,0.4997233441128771,0.9994466882257542,0.6931470274829777,null,0.1,25,399,0.5,12,0.9567878350337629,0.5793544504738943,0.818394176719971,0.8875910058768669,null,null,null
ackley,fixed_iso_gpc,classifier_gated_diversity,classifier_gated_diversity,2,7,18,19,2839,1.2364958725885185,False,False,False,2827,0.5001261922737401,0.9997476154525198,0.693147148710965,null,0.1,25,399,0.5,7,0.9804612782099394,0.5449098505664183,0.7719341183457883,0.8761976982778639,null,null,null
ackley,fixed_iso_gpc,classifier_gated_diversity,classifier_gated_diversity,2,8,19,20,3658,1.4463604506325876,False,False,False,3643,0.4999923049493206,0.9999846098986412,0.6931471804415177,null,0.1,25,399,0.5,0,1.0,0.5290244984964968,0.7379758377277419,0.868987918863871,null,null,null
ackley,fixed_iso_gpc,classifier_gated_diversity,classifier_gated_diversity,2,9,20,21,3754,0.8775443091538424,False,False,False,3738,0.4992775879790923,0.9985551759581845,0.6931461368013263,null,0.1,25,398,0.5,47,0.8808317293347178,0.5821738131776812,0.8515936747549723,0.866212702044845,null,null,null
ackley,fixed_iso_gpc,classifier_gated_diversity,classifier_gated_diversity,2,10,21,22,2604,3.471700572540973,False,False,False,2593,0.4983539326817863,0.9967078653635726,0.6931417614749243,null,0.1,25,398,0.5,83,0.7700327398669151,0.651596842936959,1.0,0.8850163699334576,null,null,null
ackley,fixed_iso_gpc,classifier_gated_diversity,classifier_gated_diversity,2,11,22,23,3685,1.4314503775664136,False,False,False,3668,0.500564806855031,0.998870386289938,0.6931465425462426,null,0.1,25,398,0.5,32,0.9169916657916757,0.5286602975029115,0.7680056593065657,0.8424986625491206,null,null,null
ackley,fixed_iso_gpc,classifier_gated_diversity,classifier_gated_diversity,2,12,23,24,1032,2.867334655910115,False,False,False,1027,0.4976009773281689,0.9952019546563378,0.6931356698962202,null,0.1,25,398,0.5,129,0.6642809466393435,0.632831540739262,1.0,0.8321404733196718,null,null,null
ackley,fixed_iso_gpc,classifier_gated_diversity,classifier_gated_diversity,2,13,24,25,1711,0.6487540699765919,False,False,False,1703,0.4996419410505559,0.9992838821011119,0.6931469241475009,null,0.1,25,398,0.5,16,0.9520348104910492,0.5045200175852881,0.8162907548657968,0.8841627826784231,null,null,null
ackley,fixed_iso_gpc,classifier_gated_diversity,classifier_gated_diversity,2,14,25,26,290,1.172295892936857,False,False,False,287,0.5000382857451192,0.9999234285097616,0.6931471776283488,null,0.1,25,398,0.5,1,0.9984706384027645,0.5008960824422437,0.9241157878404413,0.961293213121603,null,null,null
ackley,fixed_iso_gpc,classifier_gated_diversity,classifier_gated_diversity,2,15,26,27,1874,1.9301308695171038,False,False,False,1864,0.5009114227631604,0.9981771544736793,0.6931455191761189,null,0.1,25,398,0.5,46,0.8819180844994461,0.5269340370711038,1.0,0.940959042249723,null,null,null
ackley,fixed_iso_gpc,classifier_gated_diversity,classifier_gated_diversity,2,16,27,28,2781,1.566104574798361,False,False,False,2764,0.5002868578044248,0.9994262843911503,0.6931470159851363,null,0.1,25,398,0.5,13,0.9713964600438527,0.47460362065574807,0.9183794169202577,0.9448879384820552,null,null,null
ackley,fixed_iso_gpc,classifier_gated_diversity,classifier_gated_diversity,2,17,28,29,1143,1.3463342297507932,False,False,False,1135,0.49946005901032176,0.9989201180206435,0.6931465974872872,null,0.1,25,398,0.5,24,0.9366572325818745,0.4826740842318198,0.9462748301944253,0.9414660313881499,null,null,null
ackley,fixed_iso_gpc,classifier_gated_diversity,classifier_gated_diversity,2,18,29,30,2967,0.7416167519931776,False,False,False,2947,0.499400213183153,0.998800426366306,0.6931464610713214,null,0.1,25,398,0.5,31,0.9352587011940161,0.49964241668664355,1.0,0.967629350597008,null,null,null
ackley,fixed_iso_gpc,classifier_gated_diversity,classifier_gated_diversity,2,19,30,31,1787,3.8516365971857613,False,False,False,1776,0.49975302916121067,0.9995060583224213,0.69314705857075,null,0.1,25,397,0.5,7,0.9816879760154281,0.41019207541608577,0.7739541194252205,0.8778210477203243,null,null,null
ackley,fixed_iso_gpc,classifier_gated_diversity,classifier_gated_diversity,2,20,31,32,477,1.781236897978376,False,False,False,472,0.49990628857258945,0.9998125771451789,0.693147162996282,null,0.1,25,397,0.5,2,0.9919730865137171,0.4438911406218223,0.8791645056775514,0.9355687960956343,null,null,null
ackley,fixed_iso_gpc,classifier_gated_diversity,classifier_gated_diversity,2,21,32,33,3545,1.1300423944382132,False,False,False,3520,0.5000152673090105,0.9999694653819791,0.6931471800937639,null,0.1,25,397,0.5,2,0.998900385526921,0.4461426219186059,0.88671688262229,0.9428086340746055,null,null,null
ackley,fixed_iso_gpc,classifier_gated_diversity,classifier_gated_diversity,2,22,33,34,608,2.178002427789279,False,False,False,602,0.49910890617913806,0.9982178123582761,0.6931455924627095,null,0.1,25,397,0.5,46,0.8978951654322057,0.43277786194153517,0.8439935456958781,0.8709443555640419,null,null,null
ackley,fixed_iso_gpc,classifier_gated_diversity,classifier_gated_diversity,2,23,34,35,2170,2.0470977704554283,False,False,False,2153,0.4999436244939938,0.9998872489879876,0.69314717420355,null,0.1,25,397,0.5,3,0.9947043707684117,0.42819971469078955,0.9537237543894265,0.9742140625789191,null,null,null
ackley,fixed_iso_gpc,classifier_gated_diversity,classifier_gated_diversity,2,24,35,36,2740,0.18821427462180296,True,True,True,2718,0.49991638855072523,0.9998327771014505,0.6931471665781963,null,0.1,25,397,0.5,4,0.9952249688878325,0.41610253011989734,0.8636199851113657,0.9294224769995991,null,null,null
ackley,fixed_iso_gpc,classifier_gated_diversity,classifier_gated_diversity,2,25,36,37,1443,1.3800088597502445,False,False,False,1432,0.49912964419921413,0.9982592883984283,0.6931456655207403,null,0.1,25,397,0.5,43,0.906983509191766,0.44205529440423796,0.943667606090803,0.9253255576412844,null,null,null
ackley,fixed_iso_gpc,classifier_gated_diversity,classifier_gated_diversity,2,26,37,38,2922,2.359301440142758,False,False,False,2896,0.5008072220409421,0.9983855559181158,0.6931458773445325,null,0.1,25,397,0.5,39,0.9163265401203154,0.40687254387246286,0.8587945891151175,0.8875605646177165,null,null,null
ackley,fixed_iso_gpc,classifier_gated_diversity,classifier_gated_diversity,2,27,38,39,2393,0.7026377838698536,False,False,False,2373,0.5011127374692084,0.9977745250615833,0.6931447041885503,null,0.1,25,397,0.5,64,0.8845697628960068,0.41487624730247197,0.5978841820485287,0.7412269724722678,null,null,null
ackley,fixed_iso_gpc,classifier_gated_diversity,classifier_gated_diversity,2,28,39,40,1058,0.6750078262578345,False,False,False,1049,0.5001775773701818,0.9996448452596365,0.6931471174924992,null,0.1,25,397,0.5,6,0.9823487929095156,0.38291131756192154,0.5254503938322822,0.753899593370899,null,null,null
ackley,fixed_iso_gpc,classifier_gated_diversity,classifier_gated_diversity,2,29,40,41,791,0.8966704155737091,False,False,False,783,0.49997181901982085,0.9999436380396417,0.6931471789716099,null,0.1,25,396,0.5,0,1.0,0.3618476797670763,0.4976763317254726,0.7488381658627363,null,null,null
ackley,fixed_iso_gpc,classifier_gated_diversity,classifier_gated_diversity,2,30,41,42,1661,1.2969115392031068,False,False,False,1647,0.4997698515913793,0.9995397031827586,0.6931470746233617,null,0.1,25,396,0.5,10,0.9790232293335615,0.4134892157107478,0.6207881099515269,0.7999056696425442,null,null,null
ackley,fixed_iso_gpc,classifier_gated_diversity,classifier_gated_diversity,2,31,42,43,1524,0.37605482315665384,False,True,True,1510,0.4999145048218866,0.9998290096437732,0.6931471659410944,null,0.1,25,396,0.5,5,0.9934766689457442,0.38146982939054636,0.5444549119636372,0.7689657904546907,null,null,null
ackley,fixed_iso_gpc,classifier_gated_diversity,classifier_gated_diversity,2,32,43,44,3151,2.385661227001746,False,False,False,3118,0.5000891936552042,0.9998216126895916,0.693147164648929,null,0.1,25,396,0.5,3,0.9931327213815999,0.3677086361061958,0.5116486651162011,0.7523906932489005,null,null,null
ackley,fixed_iso_gpc,classifier_gated_diversity,classifier_gated_diversity,2,33,44,45,283,0.03228765262910649,True,True,True,280,0.4991901264333216,0.9983802528666432,0.6931458687689838,null,0.1,25,396,0.5,34,0.9283791560582759,0.3866218526862553,0.5567371715402816,0.7425581637992787,null,null,null
ackley,fixed_iso_gpc,classifier_gated_diversity,classifier_gated_diversity,2,34,45,46,3964,1.7999615023815476,False,False,False,3919,0.5004526222550967,0.9990947554898066,0.6931467708260778,null,0.1,25,396,0.5,19,0.9628601391452671,0.37106671726297885,0.5196542237248742,0.7412571814350707,null,null,null
ackley,fixed_iso_gpc,classifier_gated_diversity,classifier_gated_diversity,2,35,46,47,1752,0.7400355823114086,False,False,False,1733,0.5022258017493328,0.9955483965013343,0.693137272140365,null,0.1,25,396,0.5,92,0.8095782002617304,0.42974047329022785,0.6669670562277279,0.7382726282447292,null,null,null
ackley,fixed_iso_gpc,classifier_gated_diversity,classifier_gated_diversity,2,36,47,48,1920,3.8823985338286615,False,False,False,1898,0.4962941659490703,0.9925883318981406,0.6931197138964458,null,0.1,25,396,0.5,141,0.6855826021409903,0.5725567292531802,1.0,0.8427913010704952,null,null,null
ackley,fixed_iso_gpc,classifier_gated_diversity,classifier_gated_diversity,2,37,48,49,2399,2.931453052206482,False,False,False,2371,0.5018964920379259,0.9962070159241483,0.6931399871785973,null,0.1,25,396,0.5,75,0.8364735455298986,0.41275097065014565,0.9834850175864593,0.909979281558179,null,null,null
ackley,fixed_iso_gpc,classifier_gated_diversity,classifier_gated_diversity,2,38,49,50,2172,2.0473078265440208,False,False,False,2146,0.4991760475085605,0.998352095017121,0.6931458227639145,null,0.1,25,396,0.5,32,0.928580753889007,0.40087009960506204,0.9400523817144193,0.9343165678017131,null,null,null
ackley,fixed_iso_gpc,classifier_gated_diversity,classifier_gated_diversity,2,39,50,51,3687,0.7121996060331828,False,False,False,3643,0.5011292661676485,0.997741467664703,0.6931446300736221,null,0.1,25,395,0.5,39,0.9050204231574523,0.3845420720919435,0.8803623749131598,0.892691399035306,null,null,null
ackley,fixed_iso_gpc,classifier_gated_diversity,classifier_gated_diversity,2,40,51,52,3218,0.7440609383480314,False,False,False,3178,0.5015048573992971,0.9969902852014059,0.693142651361523,null,0.1,25,395,0.5,52,0.8726287753459305,0.3729846432107271,0.8522457213544086,0.8624372483501695,null,null,null
ackley,fixed_iso_gpc,classifier_gated_diversity,classifier_gated_diversity,2,41,52,53,779,0.023298823727897044,True,True,True,770,0.4998133101160441,0.9996266202320881,0.693147110853718,null,0.1,25,395,0.5,2,0.9862102259580552,0.380319141214508,0.876717418070189,0.931463822014122,null,null,null
ackley,fixed_iso_gpc,classifier_gated_diversity,classifier_gated_diversity,2,42,53,54,1010,0.12076403187417739,True,True,True,999,0.49709238340598816,0.9941847668119763,0.6931302719961296,null,0.1,25,395,0.5,103,0.7417948605885212,0.4094989634563965,1.0,0.8708974302942606,null,null,null
ackley,fixed_iso_gpc,classifier_gated_diversity,classifier_gated_diversity,2,43,54,55,3857,0.7546679960452032,False,False,False,3808,0.4995351427522229,0.9990702855044458,0.6931467483753615,null,0.1,25,395,0.5,13,0.9595842628529188,0.3775322170699214,1.0,0.9797921314264594,null,null,null
ackley,fixed_iso_gpc,classifier_gated_diversity,classifier_gated_diversity,2,44,55,56,3737,1.2516470814477252,False,False,False,3689,0.5001035390618566,0.9997929218762869,0.6931471591192705,null,0.1,25,395,0.5,5,0.9926395094248703,0.3566883586210148,0.9269939892974379,0.9598167493611541,null,null,null
ackley,fixed_iso_gpc,classifier_gated_diversity,classifier_gated_diversity,2,45,56,57,2927,0.7198877454181574,False,False,False,2888,0.499525548958507,0.999051097917014,0.6931467303522962,null,0.1,25,395,0.5,18,0.9557396598524827,0.34693172516841597,0.8891726495739318,0.9224561547132073,null,null,null
ackley,fixed_iso_gpc,classifier_gated_diversity,classifier_gated_diversity,2,46,57,58,3824,1.1578034644294384,False,False,False,3773,0.5008363381902146,0.9983273236195709,0.6931457816361561,null,0.1,25,395,0.5,22,0.9255798108589692,0.37383291412878716,1.0,0.9627899054294846,null,null,null
ackley,fixed_iso_gpc,classifier_gated_diversity,classifier_gated_diversity,2,47,58,59,3246,0.5542613551276929,False,False,True,3202,0.4999588105453743,0.9999176210907486,0.693147177166803,null,0.1,25,395,0.5,1,0.9965866079818761,0.33475059703870436,0.8884516120442386,0.9425191100130574,null,null,null
ackley,fixed_iso_gpc,classifier_gated_diversity,classifier_gated_diversity,2,48,59,60,2841,0.9077949771450733,False,False,False,2803,0.49979750955403984,0.9995950191080797,0.6931470985551816,null,0.1,25,395,0.5,9,0.9855774779210494,0.32761244978853027,0.8705549340740866,0.928066205997568,null,null,null
ackley,fixed_iso_gpc,classifier_gated_diversity,classifier_gated_diversity,2,49,60,61,2138,0.08512267779945049,True,True,True,2111,0.500616570831601,0.9987668583367979,0.6931464202405718,null,0.1,25,394,0.5,17,0.9501080422539507,0.3347671166805417,0.8974713619001695,0.9237897020770601,null,null,null
ackley,fixed_iso_gpc,classifier_gated_diversity,classifier_gated_diversity,2,50,61,62,2253,0.05069269028641088,True,True,True,2223,0.5017837165449297,0.9964325669101406,0.6931408172570228,null,0.1,25,394,0.5,49,0.8602303511801679,0.33647891212042663,0.9039112729548864,0.8820708120675271,null,null,null
ackley,fixed_iso_gpc,classifier_gated_diversity,classifier_gated_diversity,2,51,62,63,1255,0.9619441774948463,False,False,False,1239,0.5014371059240617,0.9971257881518767,0.6931430500073842,null,0.1,25,394,0.5,39,0.8800436030218332,0.33365161770309537,0.8885879623407097,0.8843157826812714,null,null,null
ackley,fixed_iso_gpc,classifier_gated_diversity,classifier_gated_diversity,2,52,63,64,2676,0.11706070514824418,True,True,True,2638,0.4991599116129979,0.9983198232259958,0.6931457690622853,null,0.1,25,394,0.5,18,0.9381701783572051,0.36175340551650503,0.9296919716187253,0.9339310749879652,null,null,null
ackley,fixed_iso_gpc,classifier_gated_diversity,classifier_gated_diversity,2,53,64,65,2328,0.7116337593745641,False,False,False,2296,0.49885946634591694,0.9977189326918339,0.693144578923657,null,0.1,25,394,0.5,23,0.924682869400537,0.3737345166712809,1.0,0.9623414347002686,null,null,null
ackley,fixed_iso_gpc,classifier_gated_diversity,classifier_gated_diversity,2,54,65,66,1112,0.26021056809754306,False,True,True,1097,0.5004705289615041,0.9990589420769918,0.6931467377648728,null,0.1,25,394,0.5,9,0.966726927285248,0.3409125923693507,0.827013061352973,0.8968699943191105,null,null,null
ackley,fixed_iso_gpc,classifier_gated_diversity,classifier_gated_diversity,2,55,66,67,3895,1.0963418676911125,False,False,False,3831,0.5014541829290788,0.9970916341418423,0.6931429512580005,null,0.1,25,394,0.5,40,0.8860134252332832,0.34871601585998435,0.9522834014368039,0.9191484133350436,null,null,null
ackley,fixed_iso_gpc,classifier_gated_diversity,classifier_gated_diversity,2,56,67,68,766,0.21675568769150466,False,True,True,757,0.49975448211524504,0.9995089642304901,0.693147060001877,null,0.1,25,394,0.5,4,0.9808072276807746,0.3124491221402432,0.8222100188822979,0.9015086232815362,null,null,null
ackley,fixed_iso_gpc,classifier_gated_diversity,classifier_gated_diversity,2,57,68,69,1579,0.49268693900049954,False,False,True,1558,0.5001956373228635,0.9996087253542729,0.6931471040120192,null,0.1,25,394,0.5,5,0.9901499033542766,0.3351409438706211,0.9522741240843403,0.9712120137193084,null,null,null
ackley,fixed_iso_gpc,classifier_gated_diversity,classifier_gated_diversity,2,58,69,70,1208,2.0661994556316152,False,False,False,1190,0.4999674686039023,0.9999349372078046,0.6931471784433618,null,0.1,25,394,0.5,0,1.0,0.319049133997348,0.8663593947601907,0.9331796973800954,null,null,null
ackley,fixed_iso_gpc,classifier_gated_diversity,classifier_gated_diversity,2,59,70,71,1813,0.9277591212055931,False,False,False,1785,0.5010379740589721,0.9979240518820558,0.6931450257781034,null,0.1,25,393,0.5,23,0.9161954619927203,0.33154084710215953,0.9015260606354466,0.9088607613140834,null,null,null
ackley,fixed_iso_gpc,classifier_gated_diversity,classifier_gated_diversity,2,60,71,72,2323,0.5006826934230268,False,False,True,2286,0.49836519292009474,0.9967303858401895,0.6931418353620445,null,0.1,25,393,0.5,44,0.8678593750551331,0.33777247663628474,0.9233334860006115,0.8955964305278723,null,null,null
ackley,fixed_iso_gpc,classifier_gated_diversity,classifier_gated_diversity,2,61,72,73,909,0.09869108877749966,True,True,True,897,0.5000921800774628,0.9998156398450744,0.6931471635656119,null,0.1,25,393,0.5,3,0.9930902842437888,0.3245660996948728,0.8903621206591115,0.9417262024514501,null,null,null
ackley,fixed_iso_gpc,classifier_gated_diversity,classifier_gated_diversity,2,62,73,74,3716,0.6389005351022057,False,False,False,3653,0.4999167538018806,0.9998335076037612,0.6931471667000862,null,0.1,25,393,0.5,4,0.9938275268877237,0.29957314725002937,0.7948165538958778,0.8943220403918007,null,null,null
ackley,fixed_iso_gpc,classifier_gated_diversity,classifier_gated_diversity,2,63,74,75,1517,1.338286311244179,False,False,False,1495,0.5001222148773067,0.9997555702453866,0.6931471506869926,null,0.1,25,393,0.5,3,0.9934918625284086,0.28943975272945394,0.7655823020273823,0.8795370822778954,null,null,null
ackley,fixed_iso_gpc,classifier_gated_diversity,classifier_gated_diversity,2,64,75,76,3809,1.0139920125464439,False,False,False,3742,0.5015889608996216,0.9968220782007569,0.6931421309579647,null,0.1,25,393,0.5,36,0.8863722745530873,0.3247185690624312,0.8909037397477564,0.8886380071504218,null,null,null
ackley,fixed_iso_gpc,classifier_gated_diversity,classifier_gated_diversity,2,65,76,77,1662,0.29772122100955123,False,True,True,1636,0.5003195502592517,0.9993608994814966,0.6931469763351951,null,0.1,25,393,0.5,8,0.9779908063735695,0.2828849172925633,0.7422974674904674,0.8601441369320184,null,null,null
ackley,fixed_iso_gpc,classifier_gated_diversity,classifier_gated_diversity,2,66,77,78,2628,1.015341193434951,False,False,False,2581,0.5030246909751765,0.9939506180496469,0.6931288829373534,null,0.1,25,393,0.5,74,0.7853331704748445,0.3361431265906679,0.9314873568749389,0.8584102636748917,null,null,null
ackley,fixed_iso_gpc,classifier_gated_diversity,classifier_gated_diversity,2,67,78,79,2565,0.253992619998181,False,True,True,2519,0.500913315047288,0.998173369905424,0.6931455122702664,null,0.1,25,393,0.5,20,0.9374548220208277,0.35868010127258865,1.0,0.9687274110104138,null,null,null
ackley,fixed_iso_gpc,classifier_gated_diversity,classifier_gated_diversity,2,68,79,80,160,0.6359234119017572,False,False,False,158,0.4999477077712309,0.9998954155424618,0.693147175090991,null,0.1,25,393,0.5,2,0.9987472593812938,0.301473617919034,0.8083303713689725,0.9035388153751331,null,null,null
ackley,fixed_iso_gpc,classifier_uncertainty_repulsion,classifier_uncertainty_repulsion,2,1,12,13,972,0.8053999565804943,False,False,False,968,0.5000002898929362,0.9999994202141276,0.6931471805597773,null,0.1,25,399,null,0,1.0,null,null,0.999999938026573,0.15,0.8642020634011457,0.999999938026573
ackley,fixed_iso_gpc,classifier_uncertainty_repulsion,classifier_uncertainty_repulsion,2,2,13,14,21,1.5301063365117784,False,False,False,21,0.5000043224382911,0.9999913551234179,0.6931471805225784,null,0.1,25,399,null,0,1.0,null,null,0.9999998748407467,0.15,0.8457041739304166,0.9999998748407467
ackley,fixed_iso_gpc,classifier_uncertainty_repulsion,classifier_uncertainty_repulsion,2,3,14,15,143,0.8352701328116829,False,False,False,141,0.49996376087776223,0.9999275217555245,0.6931471779333973,null,0.1,25,399,null,0,1.0,null,null,0.9979449889427541,0.15,0.5276706664898988,0.9979449889427541
ackley,fixed_iso_gpc,classifier_uncertainty_repulsion,classifier_uncertainty_repulsion,2,4,15,16,3916,0.910029417217995,False,False,False,3901,0.5000026259142182,0.9999947481715636,0.6931471805461544,null,0.1,25,399,null,0,1.0,null,null,0.999214090313555,0.15,0.5671773006535842,0.999214090313555
ackley,fixed_iso_gpc,classifier_uncertainty_repulsion,classifier_uncertainty_repulsion,2,5,16,17,475,0.5932380342870669,False,False,True,470,0.5000050487082105,0.999989902583579,0.6931471805089664,null,0.1,25,399,null,0,1.0,null,null,0.9978475314973514,0.15,0.5256912572670203,0.9978475314973514
ackley,fixed_iso_gpc,classifier_uncertainty_repulsion,classifier_uncertainty_repulsion,2,6,17,18,2071,1.9403532652341031,False,False,False,2060,0.5000016161198979,0.9999967677602042,0.6931471805547216,null,0.1,25,399,null,0,1.0,null,null,0.9989658398981489,0.15,0.5561811355075371,0.9989658398981489
ackley,fixed_iso_gpc,classifier_uncertainty_repulsion,classifier_uncertainty_repulsion,2,7,18,19,1439,0.030559561235271815,True,True,True,1430,0.5001648910592247,0.9996702178815506,0.6931471261818215,null,0.1,25,399,null,3,0.9792184694271125,null,null,0.9718731194628845,0.15,0.46922375187753973,0.9924987628465326
ackley,fixed_iso_gpc,classifier_uncertainty_repulsion,classifier_uncertainty_repulsion,2,8,19,20,2545,2.237612947231618,False,False,False,2531,0.5001714088786469,0.9996571822427063,0.6931471217979368,null,0.1,25,399,null,8,0.9814799300086049,null,null,0.9791242475090968,0.15,0.5210090193101212,0.9975998668668777
ackley,fixed_iso_gpc,classifier_uncertainty_repulsion,classifier_uncertainty_repulsion,2,9,20,21,1006,1.0949705516139154,False,False,False,998,0.5001033244034807,0.9997933511930386,0.6931471592080805,null,0.1,25,398,null,5,0.9913473278215362,null,null,0.9846049329888588,0.15,0.4738979214591403,0.9931987562346148
ackley,fixed_iso_gpc,classifier_uncertainty_repulsion,classifier_uncertainty_repulsion,2,10,21,22,3573,0.4774019775097287,False,False,True,3555,0.5000001991399494,0.9999996017201012,0.6931471805598661,null,0.1,25,398,null,0,1.0,null,null,0.9951683333580809,0.15,0.48986260468958864,0.9951683333580809
ackley,fixed_iso_gpc,classifier_uncertainty_repulsion,classifier_uncertainty_repulsion,2,11,22,23,476,2.2546930923132447,False,False,False,470,0.5000190706932033,0.9999618586135934,0.6931471798325626,null,0.1,25,398,null,0,1.0,null,null,0.9969063866226513,0.15,0.5099300905147204,0.9969063866226513
ackley,fixed_iso_gpc,classifier_uncertainty_repulsion,classifier_uncertainty_repulsion,2,12,23,24,236,0.6156092623682703,False,False,True,232,0.49997114050857844,0.9999422810171569,0.6931471788942047,null,0.1,25,398,null,0,1.0,null,null,0.9897143045841039,0.15,0.45383372667318383,0.9897143045841039
ackley,fixed_iso_gpc,classifier_uncertainty_repulsion,classifier_uncertainty_repulsion,2,13,24,25,172,1.436472999166881,False,False,False,169,0.4999908907710779,0.9999817815421558,0.6931471803939893,null,0.1,25,398,null,2,0.9990805676268909,null,null,0.9868765829430806,0.15,0.44522834707243086,0.9877847842513858
ackley,fixed_iso_gpc,classifier_uncertainty_repulsion,classifier_uncertainty_repulsion,2,14,25,26,705,1.7068003876613513,False,False,False,695,0.5002105004170048,0.9995789991659905,0.6931470919390916,null,0.1,25,398,null,7,0.9794217480167082,null,null,0.978377625892612,0.15,0.5549507769347608,0.9989339402293134
ackley,fixed_iso_gpc,classifier_uncertainty_repulsion,classifier_uncertainty_repulsion,2,15,26,27,1495,2.028422663987973,False,False,False,1480,0.5000940294319072,0.9998119411361857,0.693147162876877,null,0.1,25,398,null,2,0.9910451436569965,null,null,0.9658170858996751,0.15,0.4064309890941778,0.9745439873059376
ackley,fixed_iso_gpc,classifier_uncertainty_repulsion,classifier_uncertainty_repulsion,2,16,27,28,3192,0.9353253600891307,False,False,False,3169,0.5001143045964196,0.9997713908071608,0.6931471544288635,null,0.1,25,398,null,6,0.9891494129056092,null,null,0.975009708254479,0.15,0.43721120525617924,0.9857051882489672
ackley,fixed_iso_gpc,classifier_uncertainty_repulsion,classifier_uncertainty_repulsion,2,17,28,29,228,2.745706991218402,False,False,False,223,0.5001674381542096,0.9996651236915808,0.6931471244888733,null,0.1,25,398,null,9,0.98909551900202,null,null,0.9730069298022063,0.15,0.43051205382547025,0.9837340389368594
ackley,fixed_iso_gpc,classifier_uncertainty_repulsion,classifier_uncertainty_repulsion,2,18,29,30,226,3.117130706590368,False,False,False,221,0.49997086408026925,0.9999417281605385,0.6931471788621417,null,0.1,25,398,null,2,0.9988581228481773,null,null,0.9776739523460191,0.15,0.4164146172394532,0.9787916121242994
ackley,fixed_iso_gpc,classifier_uncertainty_repulsion,classifier_uncertainty_repulsion,2,19,30,31,644,0.5298125926463566,False,False,True,632,0.5001984416215814,0.9996031167568371,0.693147101801789,null,0.1,25,397,null,9,0.981443657303671,null,null,0.9733967052365683,0.15,0.46493860302555146,0.9918009026730987
ackley,fixed_iso_gpc,classifier_uncertainty_repulsion,classifier_uncertainty_repulsion,2,20,31,32,3692,1.7172023386427355,False,False,False,3664,0.5001231420102352,0.9997537159795296,0.6931471502320357,null,0.1,25,397,null,7,0.9921546644102496,null,null,0.9599004978491937,0.15,0.392658159134073,0.9674907877591563
ackley,fixed_iso_gpc,classifier_uncertainty_repulsion,classifier_uncertainty_repulsion,2,21,32,33,503,2.729722746001066,False,False,False,492,0.499586560548964,0.999173121097928,0.693146838695547,null,0.1,25,397,null,17,0.9665301393005851,null,null,0.9521766041422314,0.15,0.43524387394133773,0.9851494179284048
ackley,fixed_iso_gpc,classifier_uncertainty_repulsion,classifier_uncertainty_repulsion,2,22,33,34,619,1.2320689641302884,False,False,False,607,0.4999384450870471,0.9998768901740942,0.6931471729819306,null,0.1,25,397,null,3,0.9966255260376704,null,null,0.9664832261778911,0.15,0.39677456082014007,0.9697556413394132
ackley,fixed_iso_gpc,classifier_uncertainty_repulsion,classifier_uncertainty_repulsion,2,23,34,35,2816,3.2710313992906386,False,False,False,2789,0.49978448427247973,0.9995689685449595,0.6931470876658847,null,0.1,25,397,null,5,0.9836526877845446,null,null,0.9453795196622522,0.15,0.38222188688108305,0.9610907705559224
ackley,fixed_iso_gpc,classifier_uncertainty_repulsion,classifier_uncertainty_repulsion,2,24,35,36,3674,0.34917589215586275,False,True,True,3643,0.5001742734856323,0.9996514530287355,0.6931471198174486,null,0.1,25,397,null,1,0.9939890395646847,null,null,0.9444148961345608,0.15,0.3673166961673755,0.950126066327819
ackley,fixed_iso_gpc,classifier_uncertainty_repulsion,classifier_uncertainty_repulsion,2,25,36,37,3450,1.12003685590604,False,False,False,3420,0.5000441059315552,0.9999117881368895,0.6931471766692789,null,0.1,25,397,null,2,0.9979671812123718,null,null,0.9519101799639603,0.15,0.372038744212688,0.9538491825027157
ackley,fixed_iso_gpc,classifier_uncertainty_repulsion,classifier_uncertainty_repulsion,2,26,37,38,2802,0.9791566265944862,False,False,False,2775,0.5000054209429323,0.9999891581141354,0.6931471805011721,null,0.1,25,397,null,0,1.0,null,null,0.9444483811687405,0.15,0.3606520732893157,0.9444483811687405
ackley,fixed_iso_gpc,classifier_uncertainty_repulsion,classifier_uncertainty_repulsion,2,27,38,39,3581,1.1397721322590613,False,False,False,3548,0.4994214957256551,0.9988429914513102,0.6931465112254052,null,0.1,25,397,null,14,0.9534840787453526,null,null,0.9168708599943808,0.15,0.38299752255160013,0.9616005976742166
ackley,fixed_iso_gpc,classifier_uncertainty_repulsion,classifier_uncertainty_repulsion,2,28,39,40,3341,0.7440644374951546,False,False,False,3310,0.5000317538126224,0.9999364923747551,0.6931471785433361,null,0.1,25,397,null,0,1.0,null,null,0.9243101928358639,0.15,0.3408079076169492,0.9243101928358639
ackley,fixed_iso_gpc,classifier_uncertainty_repulsion,classifier_uncertainty_repulsion,2,29,40,41,3286,0.10046261849285898,True,True,True,3255,0.500489732564085,0.99902053487183,0.6931467008839,null,0.1,25,396,null,18,0.9603984736181814,null,null,0.927970626440585,0.15,0.39048032386987797,0.9662350075844784
ackley,fixed_iso_gpc,classifier_uncertainty_repulsion,classifier_uncertainty_repulsion,2,30,41,42,3058,1.1807076016742943,False,False,False,3029,0.5001873944443638,0.9996252111112724,0.693147110326588,null,0.1,25,396,null,5,0.9850104740718951,null,null,0.9445393301082982,0.15,0.3790024237645762,0.9589129811013126
ackley,fixed_iso_gpc,classifier_uncertainty_repulsion,classifier_uncertainty_repulsion,2,31,42,43,3900,1.256236545299835,False,False,False,3860,0.49936712942308303,0.9987342588461661,0.6931463795093971,null,0.1,25,396,null,17,0.9450816825520427,null,null,0.9051361735647399,0.15,0.3773181415796314,0.9577332735098236
ackley,fixed_iso_gpc,classifier_uncertainty_repulsion,classifier_uncertainty_repulsion,2,32,43,44,504,1.368872551969508,False,False,False,492,0.5001174461357476,0.9997651077285048,0.6931471529727554,null,0.1,25,396,null,6,0.9893083265210442,null,null,0.9710412502853442,0.15,0.42383458689903997,0.981535507438882
ackley,fixed_iso_gpc,classifier_uncertainty_repulsion,classifier_uncertainty_repulsion,2,33,44,45,1198,0.1873222011001996,True,True,True,1178,0.49971161481579895,0.9994232296315979,0.6931470142279071,null,0.1,25,396,null,11,0.9763158295291728,null,null,0.9497432935990728,0.15,0.4027106367019852,0.9727828484119585
ackley,fixed_iso_gpc,classifier_uncertainty_repulsion,classifier_uncertainty_repulsion,2,34,45,46,2362,0.1464107020712131,True,True,True,2335,0.5007646761690199,0.9984706476619603,0.6931460111002026,null,0.1,25,396,null,21,0.9376334860733776,null,null,0.8942152295641838,0.15,0.3718353944311752,0.9536937863737985
ackley,fixed_iso_gpc,classifier_uncertainty_repulsion,classifier_uncertainty_repulsion,2,35,46,47,1817,0.9652582466710058,False,False,False,1793,0.4998269003507275,0.999653800701455,0.6931471206329669,null,0.1,25,396,null,5,0.9883352154185299,null,null,0.9169560519688669,0.15,0.34389055932976725,0.9277783869924779
ackley,fixed_iso_gpc,classifier_uncertainty_repulsion,classifier_uncertainty_repulsion,2,36,47,48,1511,1.8405502402038678,False,False,False,1488,0.49902221005546754,0.9980444201109351,0.6931452684123753,null,0.1,25,396,null,28,0.9182132034815805,null,null,0.873356368180208,0.15,0.3685823020662835,0.9511476908290043
ackley,fixed_iso_gpc,classifier_uncertainty_repulsion,classifier_uncertainty_repulsion,2,37,48,49,2875,0.15734593436797972,True,True,True,2841,0.49923545905923494,0.9984709181184699,0.6931460115137895,null,0.1,25,396,null,18,0.9354040815315825,null,null,0.8496509774778034,0.15,0.32791429459745114,0.9083250696176444
ackley,fixed_iso_gpc,classifier_uncertainty_repulsion,classifier_uncertainty_repulsion,2,38,49,50,3990,0.7411073712371916,False,False,False,3941,0.49927679207379483,0.9985535841475897,0.6931461345001715,null,0.1,25,396,null,19,0.9444041317984654,null,null,0.8509726431274705,0.15,0.32264478755083975,0.9010683186094605
ackley,fixed_iso_gpc,classifier_uncertainty_repulsion,classifier_uncertainty_repulsion,2,39,50,51,3140,0.943389453474607,False,False,False,3104,0.4997312495765839,0.9994624991531678,0.6931470361063583,null,0.1,25,395,null,6,0.983683469224359,null,null,0.8741842155888536,0.15,0.31431256665566687,0.8886844629788826
ackley,fixed_iso_gpc,classifier_uncertainty_repulsion,classifier_uncertainty_repulsion,2,40,51,52,897,0.18856557935244744,True,True,True,880,0.5004689104887452,0.9990621790225096,0.6931467408057879,null,0.1,25,395,null,8,0.96520734158085,null,null,0.9281064550615361,0.15,0.3829381064749164,0.9615617443827678
ackley,fixed_iso_gpc,classifier_uncertainty_repulsion,classifier_uncertainty_repulsion,2,41,52,53,263,0.712348921377135,False,False,False,255,0.5005229605023565,0.9989540789952871,0.6931466335844716,null,0.1,25,395,null,15,0.9615462326476257,null,null,0.9297623842680315,0.15,0.3917030737494811,0.9669450648336719
ackley,fixed_iso_gpc,classifier_uncertainty_repulsion,classifier_uncertainty_repulsion,2,42,53,54,2858,0.2015001468264419,True,True,True,2822,0.4997649211550795,0.999529842310159,0.6931470700358147,null,0.1,25,395,null,4,0.9816293764697194,null,null,0.8731992292765763,0.15,0.31486480378362763,0.8895406455916228
ackley,fixed_iso_gpc,classifier_uncertainty_repulsion,classifier_uncertainty_repulsion,2,43,54,55,1466,0.10651519174997937,True,True,True,1442,0.49986648398479533,0.9997329679695907,0.6931471449068922,null,0.1,25,395,null,1,0.9943924982446538,null,null,0.8940701380289224,0.15,0.32127628713182915,0.8991119096404842
ackley,fixed_iso_gpc,classifier_uncertainty_repulsion,classifier_uncertainty_repulsion,2,44,55,56,950,1.8705912599533399,False,False,False,931,0.49967797418102,0.99935594836204,0.6931469731586748,null,0.1,25,395,null,3,0.9850378502014122,null,null,0.9031566162516037,0.15,0.33456458364333985,0.916875037915481
ackley,fixed_iso_gpc,classifier_uncertainty_repulsion,classifier_uncertainty_repulsion,2,45,56,57,3690,0.12487525078291561,True,True,True,3640,0.49918847289383006,0.9983769457876601,0.693145863406879,null,0.1,25,395,null,18,0.9426120045291178,null,null,0.8538799145760024,0.15,0.3260927652393459,0.9058657331682918
ackley,fixed_iso_gpc,classifier_uncertainty_repulsion,classifier_uncertainty_repulsion,2,46,57,58,2783,0.16590978472206253,True,True,True,2747,0.5000755635065397,0.9998488729869206,0.6931471691402582,null,0.1,25,395,null,1,0.9971774534621676,null,null,0.8488028062981273,0.15,0.29280278687186606,0.8512053730768898
ackley,fixed_iso_gpc,classifier_uncertainty_repulsion,classifier_uncertainty_repulsion,2,47,58,59,1809,1.9188958778006224,False,False,False,1780,0.5006735268665317,0.9986529462669367,0.6931462732827911,null,0.1,25,395,null,17,0.952060637478774,null,null,0.844624197561902,0.15,0.31333339914302294,0.8871537844465633
ackley,fixed_iso_gpc,classifier_uncertainty_repulsion,classifier_uncertainty_repulsion,2,48,59,60,500,2.5990496816404285,False,False,False,488,0.5007628165368059,0.9984743669263882,0.6931460167813562,null,0.1,25,395,null,18,0.9452813310228707,null,null,0.9110066987796329,0.15,0.38635277810729085,0.9637413422666987
ackley,fixed_iso_gpc,classifier_uncertainty_repulsion,classifier_uncertainty_repulsion,2,49,60,61,358,0.8764444914400382,False,False,False,349,0.5004006541318614,0.9991986917362772,0.6931468595124441,null,0.1,25,394,null,10,0.974068780541256,null,null,0.8812347017625398,0.15,0.325238474465809,0.9046945342739231
ackley,fixed_iso_gpc,classifier_uncertainty_repulsion,classifier_uncertainty_repulsion,2,50,61,62,3364,0.8520902967355983,False,False,False,3314,0.49976807523845246,0.9995361504769049,0.6931470729817515,null,0.1,25,394,null,4,0.9836287291232507,null,null,0.8478641955493341,0.15,0.2985208412594781,0.8619758354405436
ackley,fixed_iso_gpc,classifier_uncertainty_repulsion,classifier_uncertainty_repulsion,2,51,62,63,2409,0.24498066434018284,False,True,True,2372,0.4989323062799218,0.9978646125598436,0.6931449006184528,null,0.1,25,394,null,29,0.9186935128714745,null,null,0.8961684435772894,0.15,0.4085028346098485,0.975481410308667
ackley,fixed_iso_gpc,classifier_uncertainty_repulsion,classifier_uncertainty_repulsion,2,52,63,64,3971,0.28508192944166133,False,True,True,3909,0.49966993270474214,0.9993398654094843,0.6931469626710907,null,0.1,25,394,null,11,0.9773412816505188,null,null,0.8574882699121511,0.15,0.3073038264887161,0.8773683113682031
ackley,fixed_iso_gpc,classifier_uncertainty_repulsion,classifier_uncertainty_repulsion,2,53,64,65,1882,0.6029937681721105,False,False,True,1849,0.49978819986745476,0.9995763997349095,0.6931470908413504,null,0.1,25,394,null,5,0.9920799056680807,null,null,0.9131865352898793,0.15,0.3375304289928697,0.9204767983632594
ackley,fixed_iso_gpc,classifier_uncertainty_repulsion,classifier_uncertainty_repulsion,2,54,65,66,2738,2.280505659072775,False,False,False,2697,0.4998252244157166,0.9996504488314332,0.6931471194669343,null,0.1,25,394,null,4,0.9899205309638509,null,null,0.8585771109587236,0.15,0.30148203293089637,0.867319228264472
ackley,fixed_iso_gpc,classifier_uncertainty_repulsion,classifier_uncertainty_repulsion,2,55,66,67,464,0.22898434463960804,False,True,True,453,0.4999296852336328,0.9998593704672656,0.6931471706716126,null,0.1,25,394,null,2,0.9952831466476652,null,null,0.8619935586443596,0.15,0.3007867048612968,0.8660787249816753
ackley,fixed_iso_gpc,classifier_uncertainty_repulsion,classifier_uncertainty_repulsion,2,56,67,68,1716,2.279798895875743,False,False,False,1684,0.5000779198651727,0.9998441602696546,0.6931471684169345,null,0.1,25,394,null,2,0.9959902221930703,null,null,0.9336928317429382,0.15,0.35317390278715144,0.9374518051864409
ackley,fixed_iso_gpc,classifier_uncertainty_repulsion,classifier_uncertainty_repulsion,2,57,68,69,2413,0.5053483348127781,False,False,True,2372,0.5000475990793875,0.9999048018412251,0.6931471760286005,null,0.1,25,394,null,0,1.0,null,null,0.87496383702363,0.15,0.3058788201052683,0.87496383702363
ackley,fixed_iso_gpc,classifier_uncertainty_repulsion,classifier_uncertainty_repulsion,2,58,69,70,2192,0.8820611740481681,False,False,False,2153,0.49950485950993195,0.9990097190198639,0.6931466902316554,null,0.1,25,394,null,10,0.9651286510584914,null,null,0.9155629707616999,0.15,0.3655178839979625,0.9486434474384
ackley,fixed_iso_gpc,classifier_uncertainty_repulsion,classifier_uncertainty_repulsion,2,59,70,71,2070,1.4867178033364201,False,False,False,2033,0.5004638779439775,0.999072244112045,0.6931467501943898,null,0.1,25,393,null,14,0.9681520463564698,null,null,0.9455730135097116,0.15,0.4112499653482999,0.9766782160594177
ackley,fixed_iso_gpc,classifier_uncertainty_repulsion,classifier_uncertainty_repulsion,2,60,71,72,1187,1.5538545480464467,False,False,False,1161,0.49979723178594093,0.9995944635718819,0.6931470983300458,null,0.1,25,393,null,4,0.9867007133505924,null,null,0.9000531116659205,0.15,0.33085236016739095,0.9121845150081649
ackley,fixed_iso_gpc,classifier_uncertainty_repulsion,classifier_uncertainty_repulsion,2,61,72,73,2028,0.45540524246152714,False,False,True,1991,0.5002551110055024,0.9994897779889953,0.6931470503966894,null,0.1,25,393,null,7,0.9829614826869939,null,null,0.9306126148315269,0.15,0.3632750791645647,0.9467437241667215
ackley,fixed_iso_gpc,classifier_uncertainty_repulsion,classifier_uncertainty_repulsion,2,62,73,74,2174,0.4640471408762803,False,False,True,2132,0.5008025038980293,0.9983949922039415,0.6931458925343795,null,0.1,25,393,null,26,0.9445923441041252,null,null,0.8796489760460388,0.15,0.34709609914175205,0.9312472004844795
ackley,fixed_iso_gpc,classifier_uncertainty_repulsion,classifier_uncertainty_repulsion,2,63,74,75,267,1.0510356073916451,False,False,False,258,0.499950216100814,0.999900432201628,0.693147175603072,null,0.1,25,393,null,0,1.0,null,null,0.8507291607025442,0.15,0.29255714131973287,0.8507291607025442
ackley,fixed_iso_gpc,classifier_uncertainty_repulsion,classifier_uncertainty_repulsion,2,64,75,76,1565,0.31474493838729956,False,True,True,1532,0.5008205327655273,0.9983589344689454,0.6931458340113024,null,0.1,25,393,null,21,0.9483473092058403,null,null,0.8208094146629291,0.15,0.3004726723288069,0.8655156256522589
ackley,fixed_iso_gpc,classifier_uncertainty_repulsion,classifier_uncertainty_repulsion,2,65,76,77,1465,0.2820997330763859,False,True,True,1435,0.5009690224077348,0.9980619551845304,0.6931453025499164,null,0.1,25,393,null,23,0.9294469992090483,null,null,0.8391680443771669,0.15,0.32392258866291723,0.902868098010206
ackley,fixed_iso_gpc,classifier_uncertainty_repulsion,classifier_uncertainty_repulsion,2,66,77,78,2670,1.037336491789553,False,False,False,2618,0.5007709572349344,0.9984580855301313,0.6931459918093581,null,0.1,25,393,null,24,0.9430131147841491,null,null,0.8185741171100492,0.15,0.3018888964097885,0.8680410741662026
ackley,fixed_iso_gpc,classifier_uncertainty_repulsion,classifier_uncertainty_repulsion,2,67,78,79,2286,1.3173488813951728,False,False,False,2239,0.5006946717282814,0.9986106565434372,0.6931462154220147,null,0.1,25,393,null,18,0.9540796437956198,null,null,0.8095650063776235,0.15,0.29143007028890555,0.8485297969013645
ackley,fixed_iso_gpc,classifier_uncertainty_repulsion,classifier_uncertainty_repulsion,2,68,79,80,3650,0.9510913442907523,False,False,False,3580,0.49968019726497537,0.9993603945299507,0.6931469760123528,null,0.1,25,393,null,8,0.9826794800769314,null,null,0.7618334104522496,0.15,0.25918481402692567,0.7752613399361994
ackley,optimized_iso_gpc,random,random,2,1,12,13,2916,3.2598237939378567,False,False,False,2907,0.45792077944793164,0.9158415588958633,0.6896016667476175,null,null,null,null,null,null,null,null,null,null,null,null,null
ackley,optimized_iso_gpc,random,random,2,2,13,14,1313,0.7905656769460343,False,False,False,1308,0.2807537832687217,0.5615075665374434,0.5936638283782151,null,null,null,null,null,null,null,null,null,null,null,null,null
ackley,optimized_iso_gpc,random,random,2,3,14,15,1428,0.7422215885325052,False,False,False,1422,0.5005221385900327,0.9989557228199346,0.6931466353024318,null,null,null,null,null,null,null,null,null,null,null,null,null
ackley,optimized_iso_gpc,random,random,2,4,15,16,1717,1.3351888768889069,False,False,False,1709,0.3140797555550421,0.6281595111100842,0.6223261417638721,null,null,null,null,null,null,null,null,null,null,null,null,null
ackley,optimized_iso_gpc,random,random,2,5,16,17,2797,2.6427307160297957,False,False,False,2785,0.48314326689357756,0.9662865337871551,0.6925787739543818,null,null,null,null,null,null,null,null,null,null,null,null,null
ackley,optimized_iso_gpc,random,random,2,6,17,18,2952,1.1474364519962634,False,False,False,2938,0.4288280659999373,0.8576561319998746,0.6829818002246559,null,null,null,null,null,null,null,null,null,null,null,null,null
ackley,optimized_iso_gpc,random,random,2,7,18,19,1962,1.1544585903493711,False,False,False,1953,0.32315948247747883,0.6463189649549577,0.6292280887227197,null,null,null,null,null,null,null,null,null,null,null,null,null
ackley,optimized_iso_gpc,random,random,2,8,19,20,3505,0.318406309742457,False,True,True,3488,0.47805461609020483,0.9561092321804097,0.6921836713202532,null,null,null,null,null,null,null,null,null,null,null,null,null
ackley,optimized_iso_gpc,random,random,2,9,20,21,677,0.5799360780491138,False,False,True,673,0.381035287635342,0.762070575270684,0.6645686759246996,null,null,null,null,null,null,null,null,null,null,null,null,null
ackley,optimized_iso_gpc,random,random,2,10,21,22,1387,0.5503879182767317,False,False,True,1380,0.5036326258004475,0.9927347483991049,0.69312078838735,null,null,null,null,null,null,null,null,null,null,null,null,null
ackley,optimized_iso_gpc,random,random,2,11,22,23,732,4.097020162702817,False,False,False,727,0.4772645850204995,0.954529170040999,0.6921130258301774,null,null,null,null,null,null,null,null,null,null,null,null,null
ackley,optimized_iso_gpc,random,random,2,12,23,24,38,0.7631725631122901,False,False,False,37,0.4347013020817201,0.8694026041634402,0.6845949324007854,null,null,null,null,null,null,null,null,null,null,null,null,null
ackley,optimized_iso_gpc,random,random,2,13,24,25,3848,0.9560805467105364,False,False,False,3826,0.4616146115502602,0.9232292231005204,0.6901974029283011,null,null,null,null,null,null,null,null,null,null,null,null,null
ackley,optimized_iso_gpc,random,random,2,14,25,26,593,0.6646234321109272,False,False,False,589,0.5618297752083379,0.8763404495833242,0.6854817318771653,null,null,null,null,null,null,null,null,null,null,null,null,null
ackley,optimized_iso_gpc,random,random,2,15,26,27,2699,0.8553898835290301,False,False,False,2681,0.4868353375793113,0.9736706751586226,0.6928005238278288,null,null,null,null,null,null,null,null,null,null,null,null,null
ackley,optimized_iso_gpc,random,random,2,16,27,28,1152,1.0653088562452062,False,False,False,1143,0.5269543881917471,0.9460912236165058,0.6916933978429571,null,null,null,null,null,null,null,null,null,null,null,null,null
ackley,optimized_iso_gpc,random,random,2,17,28,29,136,1.5667502544033773,False,False,False,134,0.45331684782139803,0.9066336956427961,0.6887821924188624,null,null,null,null,null,null,null,null,null,null,null,null,null
ackley,optimized_iso_gpc,random,random,2,18,29,30,3194,0.2536944372143477,False,True,True,3169,0.43273789693806464,0.8654757938761293,0.6840713089879613,null,null,null,null,null,null,null,null,null,null,null,null,null
ackley,optimized_iso_gpc,random,random,2,19,30,31,3961,0.39834890703803794,False,True,True,3931,0.471469680416277,0.942939360832554,0.6915183377202601,null,null,null,null,null,null,null,null,null,null,null,null,null
ackley,optimized_iso_gpc,random,random,2,20,31,32,119,5.222664197895144,False,False,False,117,0.3216628062724567,0.6433256125449134,0.628116486630136,null,null,null,null,null,null,null,null,null,null,null,null,null
ackley,optimized_iso_gpc,random,random,2,21,32,33,2114,1.0291702579795814,False,False,False,2094,0.4594362513870607,0.9188725027741214,0.6898527257537684,null,null,null,null,null,null,null,null,null,null,null,null,null
ackley,optimized_iso_gpc,random,random,2,22,33,34,1921,1.1020342547172888,False,False,False,1904,0.5918506593282302,0.8162986813435396,0.6761778882983969,null,null,null,null,null,null,null,null,null,null,null,null,null
ackley,optimized_iso_gpc,random,random,2,23,34,35,1237,0.17032182656529926,True,True,True,1225,0.5347516451223697,0.9304967097552606,0.6907298784707039,null,null,null,null,null,null,null,null,null,null,null,null,null
ackley,optimized_iso_gpc,random,random,2,24,35,36,2121,0.7515027002973316,False,False,False,2098,0.4742385591173601,0.9484771182347203,0.6918192890177823,null,null,null,null,null,null,null,null,null,null,null,null,null
ackley,optimized_iso_gpc,random,random,2,25,36,37,3627,0.5808963555682851,False,False,True,3595,0.5307805007436031,0.9384389985127939,0.691251103435101,null,null,null,null,null,null,null,null,null,null,null,null,null
ackley,optimized_iso_gpc,random,random,2,26,37,38,54,2.3922270313024363,False,False,False,52,0.36163001951820206,0.7232600390364041,0.6543502873923741,null,null,null,null,null,null,null,null,null,null,null,null,null
ackley,optimized_iso_gpc,random,random,2,27,38,39,1603,0.7231102791115518,False,False,False,1586,0.5029575907333008,0.9940848185333984,0.6931296857720312,null,null,null,null,null,null,null,null,null,null,null,null,null
ackley,optimized_iso_gpc,random,random,2,28,39,40,1620,0.16282566754779815,True,True,True,1602,0.5863536461897638,0.8272927076204724,0.6781582356299709,null,null,null,null,null,null,null,null,null,null,null,null,null
ackley,optimized_iso_gpc,random,random,2,29,40,41,3623,0.11093740320152001,True,True,True,3588,0.44308031281421734,0.8861606256284347,0.6866534104132795,null,null,null,null,null,null,null,null,null,null,null,null,null
ackley,optimized_iso_gpc,random,random,2,30,41,42,295,0.2405699810737829,False,True,True,289,0.4060012097465915,0.812002419493183,0.675370040819613,null,null,null,null,null,null,null,null,null,null,null,null,null
ackley,optimized_iso_gpc,random,random,2,31,42,43,3935,0.17221396949845946,True,True,True,3894,0.2753459126550979,0.5506918253101958,0.588503805276163,null,null,null,null,null,null,null,null,null,null,null,null,null
ackley,optimized_iso_gpc,random,random,2,32,43,44,3698,0.23606651857615368,False,True,True,3660,0.4363553319983424,0.8727106639966848,0.6850238730482228,null,null,null,null,null,null,null,null,null,null,null,null,null
ackley,optimized_iso_gpc,random,random,2,33,44,45,3776,1.3434714625734614,False,False,False,3737,0.3778009261876605,0.755601852375321,0.6629773031745347,null,null,null,null,null,null,null,null,null,null,null,null,null
ackley,optimized_iso_gpc,random,random,2,34,45,46,298,0.4523625353252143,False,False,True,291,0.4705492140557297,0.9410984281114594,0.6914114785213085,null,null,null,null,null,null,null,null,null,null,null,null,null
ackley,optimized_iso_gpc,random,random,2,35,46,47,2712,2.686792547740536,False,False,False,2681,0.47627378309214663,0.9525475661842933,0.6920208909160992,null,null,null,null,null,null,null,null,null,null,null,null,null
ackley,optimized_iso_gpc,random,random,2,36,47,48,3779,0.5390532848969798,False,False,True,3737,0.533183734667972,0.933632530664056,0.6909432404731977,null,null,null,null,null,null,null,null,null,null,null,null,null
ackley,optimized_iso_gpc,random,random,2,37,48,49,1135,3.3988476835117307,False,False,False,1121,0.3464959950476896,0.6929919900953792,0.6452504959530353,null,null,null,null,null,null,null,null,null,null,null,null,null
ackley,optimized_iso_gpc,random,random,2,38,49,50,2157,0.5511676890056165,False,False,True,2127,0.27597791176481223,0.5519558235296245,0.5891143690513593,null,null,null,null,null,null,null,null,null,null,null,null,null
ackley,optimized_iso_gpc,random,random,2,39,50,51,2507,0.09440219450964271,True,True,True,2476,0.4886272942159131,0.9772545884318262,0.6928884813770505,null,null,null,null,null,null,null,null,null,null,null,null,null
ackley,optimized_iso_gpc,random,random,2,40,51,52,1521,1.813839764393304,False,False,False,1501,0.7762795585496178,0.44744088290076434,0.5315766295267568,null,null,null,null,null,null,null,null,null,null,null,null,null
ackley,optimized_iso_gpc,random,random,2,41,52,53,1461,1.751523864696356,False,False,False,1441,0.5682547156988846,0.8634905686022307,0.6838006121906515,null,null,null,null,null,null,null,null,null,null,null,null,null
ackley,optimized_iso_gpc,random,random,2,42,53,54,138,2.5879964610562407,False,False,False,133,0.6258789035568668,0.7482421928862664,0.6611126232450687,null,null,null,null,null,null,null,null,null,null,null,null,null
ackley,optimized_iso_gpc,random,random,2,43,54,55,2856,0.09382551642843495,True,True,True,2817,0.7062940166321141,0.5874119667357718,0.6054366924363962,null,null,null,null,null,null,null,null,null,null,null,null,null
ackley,optimized_iso_gpc,random,random,2,44,55,56,665,1.7086154761083705,False,False,False,653,0.2747315556961212,0.5494631113922424,0.5879083665393029,null,null,null,null,null,null,null,null,null,null,null,null,null
ackley,optimized_iso_gpc,random,random,2,45,56,57,3895,1.0963418676911125,False,False,False,3842,0.3078345621162839,0.6156691242325678,0.6173570806460571,null,null,null,null,null,null,null,null,null,null,null,null,null
ackley,optimized_iso_gpc,random,random,2,46,57,58,3738,3.0603459748279835,False,False,False,3689,0.05187526219447136,0.10375052438894272,0.20400025187309903,null,null,null,null,null,null,null,null,null,null,null,null,null
ackley,optimized_iso_gpc,random,random,2,47,58,59,205,3.4973095518647668,False,False,False,199,0.06305309633000888,0.12610619266001777,0.23528686801016946,null,null,null,null,null,null,null,null,null,null,null,null,null
ackley,optimized_iso_gpc,random,random,2,48,59,60,3867,1.8725543805547442,False,False,False,3813,0.5544585829784978,0.8910828340430044,0.6872039225713571,null,null,null,null,null,null,null,null,null,null,null,null,null
ackley,optimized_iso_gpc,random,random,2,49,60,61,596,1.1309171543241145,False,False,False,584,0.25999125551948055,0.5199825110389611,0.5730477704810482,null,null,null,null,null,null,null,null,null,null,null,null,null
ackley,optimized_iso_gpc,random,random,2,50,61,62,3228,0.18225899571603144,True,True,True,3181,0.6006018538278113,0.7987962923443774,0.6727668815137846,null,null,null,null,null,null,null,null,null,null,null,null,null
ackley,optimized_iso_gpc,random,random,2,51,62,63,1551,2.2162444664976864,False,False,False,1525,0.6547021752564319,0.6905956494871361,0.6444871122408782,null,null,null,null,null,null,null,null,null,null,null,null,null
ackley,optimized_iso_gpc,random,random,2,52,63,64,3676,1.8972920973708707,False,False,False,3624,0.5330213259999539,0.9339573480000922,0.6909647765266524,null,null,null,null,null,null,null,null,null,null,null,null,null
ackley,optimized_iso_gpc,random,random,2,53,64,65,3530,1.0420466077421047,False,False,False,3480,0.40896783033625184,0.8179356606725037,0.6764806700519919,null,null,null,null,null,null,null,null,null,null,null,null,null
ackley,optimized_iso_gpc,random,random,2,54,65,66,3341,0.7440644374951546,False,False,False,3292,0.3430303507881831,0.6860607015763662,0.6430250600191745,null,null,null,null,null,null,null,null,null,null,null,null,null
ackley,optimized_iso_gpc,random,random,2,55,66,67,1367,1.050282015766582,False,False,False,1345,0.491192776684926,0.982385553369852,0.6929920381716826,null,null,null,null,null,null,null,null,null,null,null,null,null
ackley,optimized_iso_gpc,random,random,2,56,67,68,2625,0.27512665328906927,False,True,True,2585,0.3856823900929385,0.771364780185877,0.6667775346105131,null,null,null,null,null,null,null,null,null,null,null,null,null
ackley,optimized_iso_gpc,random,random,2,57,68,69,2740,0.18821427462180296,True,True,True,2696,0.3934937585697753,0.7869875171395506,0.6702852607432632,null,null,null,null,null,null,null,null,null,null,null,null,null
ackley,optimized_iso_gpc,random,random,2,58,69,70,2987,0.210804494865517,False,True,True,2938,0.24498516014665483,0.48997032029330967,0.5567584144658839,null,null,null,null,null,null,null,null,null,null,null,null,null
ackley,optimized_iso_gpc,random,random,2,59,70,71,3005,2.800488433034314,False,False,False,2955,0.13531227665885126,0.2706245533177025,0.39636178288378493,null,null,null,null,null,null,null,null,null,null,null,null,null
ackley,optimized_iso_gpc,random,random,2,60,71,72,1230,0.4023590046135066,False,True,True,1210,0.5050178961477023,0.9899642077045954,0.6930968211510846,null,null,null,null,null,null,null,null,null,null,null,null,null
ackley,optimized_iso_gpc,random,random,2,61,72,73,906,1.9255076621858507,False,False,False,889,0.1582747190432201,0.3165494380864402,0.4367978640353268,null,null,null,null,null,null,null,null,null,null,null,null,null
ackley,optimized_iso_gpc,random,random,2,62,73,74,2860,0.08764876938754185,True,True,True,2811,0.470591242326833,0.941182484653666,0.6914164317764125,null,null,null,null,null,null,null,null,null,null,null,null,null
ackley,optimized_iso_gpc,random,random,2,63,74,75,971,2.208830513946337,False,False,False,953,0.03888736795204295,0.0777747359040859,0.16439187879296238,null,null,null,null,null,null,null,null,null,null,null,null,null
ackley,optimized_iso_gpc,random,random,2,64,75,76,3648,0.6582168225041087,False,False,False,3585,0.7270221551057716,0.5459556897884568,0.5861982285710923,null,null,null,null,null,null,null,null,null,null,null,null,null
ackley,optimized_iso_gpc,random,random,2,65,76,77,2391,1.3766568804606631,False,False,False,2349,0.7225143704557695,0.554971259088461,0.5905628825289284,null,null,null,null,null,null,null,null,null,null,null,null,null
ackley,optimized_iso_gpc,random,random,2,66,77,78,3313,2.2875532354606474,False,False,False,3254,0.6182048622739558,0.7635902754520885,0.6649360982382613,null,null,null,null,null,null,null,null,null,null,null,null,null
ackley,optimized_iso_gpc,random,random,2,67,78,79,2069,2.1545082300466785,False,False,False,2031,0.5807293550307122,0.8385412899385756,0.6800554917505556,null,null,null,null,null,null,null,null,null,null,null,null,null
ackley,optimized_iso_gpc,random,random,2,68,79,80,2680,2.295690265337223,False,False,False,2633,0.6074920516064708,0.7850158967870584,0.669856713529501,null,null,null,null,null,null,null,null,null,null,null,null,null
ackley,optimized_iso_gpc,classifier_margin,classifier_margin,2,1,12,13,157,0.015005423434763188,True,True,True,156,0.4999798417740451,0.9999596835480902,0.6931471797472372,null,null,null,null,null,null,null,null,null,null,null,null,null
ackley,optimized_iso_gpc,classifier_margin,classifier_margin,2,2,13,14,2440,0.7124992583715901,False,False,False,2431,0.4999346483264584,0.9998692966529168,0.6931471720182628,null,null,null,null,null,null,null,null,null,null,null,null,null
ackley,optimized_iso_gpc,classifier_margin,classifier_margin,2,3,14,15,1200,0.9462940357055718,False,False,False,1194,0.500007162747507,0.999985674504986,0.6931471804573355,null,null,null,null,null,null,null,null,null,null,null,null,null
ackley,optimized_iso_gpc,classifier_margin,classifier_margin,2,4,15,16,3688,1.078904891043198,False,False,False,3675,0.49999164496398585,0.9999832899279717,0.6931471804203322,null,null,null,null,null,null,null,null,null,null,null,null,null
ackley,optimized_iso_gpc,classifier_margin,classifier_margin,2,5,16,17,2244,1.149320422067479,False,False,False,2234,0.4997531034501614,0.9995062069003228,0.6931470586441277,null,null,null,null,null,null,null,null,null,null,null,null,null
ackley,optimized_iso_gpc,classifier_margin,classifier_margin,2,6,17,18,131,1.5456324080954236,False,False,False,130,0.5000627698161021,0.9998744603677958,0.6931471726798457,null,null,null,null,null,null,null,null,null,null,null,null,null
ackley,optimized_iso_gpc,classifier_margin,classifier_margin,2,7,18,19,1461,1.751523864696356,False,False,False,1453,0.500013527170018,0.999972945659964,0.6931471801939766,null,null,null,null,null,null,null,null,null,null,null,null,null
ackley,optimized_iso_gpc,classifier_margin,classifier_margin,2,8,19,20,3603,1.552017968709558,False,False,False,3587,0.5000042338836186,0.9999915322327628,0.6931471805240937,null,null,null,null,null,null,null,null,null,null,null,null,null
ackley,optimized_iso_gpc,classifier_margin,classifier_margin,2,9,20,21,1800,2.1860942194116024,False,False,False,1790,0.5000684908039463,0.9998630183921073,0.6931471711779648,null,null,null,null,null,null,null,null,null,null,null,null,null
ackley,optimized_iso_gpc,classifier_margin,classifier_margin,2,10,21,22,3454,1.2003070575310453,False,False,False,3437,0.5000764057689386,0.9998471884621227,0.6931471688842623,null,null,null,null,null,null,null,null,null,null,null,null,null
ackley,optimized_iso_gpc,classifier_margin,classifier_margin,2,11,22,23,3066,3.1086752604633805,False,False,False,3050,0.49998453025976947,0.9999690605195389,0.6931471800813196,null,null,null,null,null,null,null,null,null,null,null,null,null
ackley,optimized_iso_gpc,classifier_margin,classifier_margin,2,12,23,24,2853,0.6001319009989174,False,False,True,2837,0.500082101876937,0.999835796246126,0.6931471670785089,null,null,null,null,null,null,null,null,null,null,null,null,null
ackley,optimized_iso_gpc,classifier_margin,classifier_margin,2,13,24,25,3510,1.0607814449878017,False,False,False,3490,0.5000215471232994,0.9999569057534012,0.6931471796313883,null,null,null,null,null,null,null,null,null,null,null,null,null
ackley,optimized_iso_gpc,classifier_margin,classifier_margin,2,14,25,26,2661,0.910534412296137,False,False,False,2645,0.5000061828206274,0.9999876343587453,0.6931471804834908,null,null,null,null,null,null,null,null,null,null,null,null,null
ackley,optimized_iso_gpc,classifier_margin,classifier_margin,2,15,26,27,1281,0.23348319856058275,False,True,True,1273,0.4999907365976672,0.9999814731953344,0.693147180388324,null,null,null,null,null,null,null,null,null,null,null,null,null
ackley,optimized_iso_gpc,classifier_margin,classifier_margin,2,16,27,28,2442,0.4461592694253831,False,False,True,2426,0.49987133418952023,0.9997426683790405,0.6931471474501634,null,null,null,null,null,null,null,null,null,null,null,null,null
ackley,optimized_iso_gpc,classifier_margin,classifier_margin,2,17,28,29,3536,1.9591939623391301,False,False,False,3512,0.4999811773268651,0.9999623546537302,0.6931471798513593,null,null,null,null,null,null,null,null,null,null,null,null,null
ackley,optimized_iso_gpc,classifier_margin,classifier_margin,2,18,29,30,1186,1.0076395178971982,False,False,False,1179,0.49981868225751136,0.9996373645150227,0.6931471148076964,null,null,null,null,null,null,null,null,null,null,null,null,null
ackley,optimized_iso_gpc,classifier_margin,classifier_margin,2,19,30,31,2945,2.5861689829024357,False,False,False,2924,0.5000669160621555,0.999866167875689,0.6931471716044265,null,null,null,null,null,null,null,null,null,null,null,null,null
ackley,optimized_iso_gpc,classifier_margin,classifier_margin,2,20,31,32,657,1.8672234399858958,False,False,False,651,0.5003854195484088,0.9992291609031825,0.6931468834634593,null,null,null,null,null,null,null,null,null,null,null,null,null
ackley,optimized_iso_gpc,classifier_margin,classifier_margin,2,21,32,33,410,0.7601095010582721,False,False,False,405,0.4999946556432885,0.999989311286577,0.693147180502821,null,null,null,null,null,null,null,null,null,null,null,null,null
ackley,optimized_iso_gpc,classifier_margin,classifier_margin,2,22,33,34,3557,1.1896756160891169,False,False,False,3528,0.5002026250258065,0.999594749948387,0.693147098446141,null,null,null,null,null,null,null,null,null,null,null,null,null
ackley,optimized_iso_gpc,classifier_margin,classifier_margin,2,23,34,35,2098,1.2761454918132369,False,False,False,2081,0.49998543022013736,0.9999708604402747,0.6931471801353883,null,null,null,null,null,null,null,null,null,null,null,null,null
ackley,optimized_iso_gpc,classifier_margin,classifier_margin,2,24,35,36,1030,0.6187323120560322,False,False,True,1022,0.4999692491320338,0.9999384982640676,0.6931471786687136,null,null,null,null,null,null,null,null,null,null,null,null,null
ackley,optimized_iso_gpc,classifier_margin,classifier_margin,2,25,36,37,1958,0.24923330066017613,False,True,True,1942,0.49992019094506235,0.9998403818901247,0.6931471678209747,null,null,null,null,null,null,null,null,null,null,null,null,null
ackley,optimized_iso_gpc,classifier_margin,classifier_margin,2,26,37,38,2150,1.5240434375119118,False,False,False,2130,0.4999810238395451,0.9999620476790902,0.6931471798397559,null,null,null,null,null,null,null,null,null,null,null,null,null
ackley,optimized_iso_gpc,classifier_margin,classifier_margin,2,27,38,39,1441,0.8878812099050286,False,False,False,1428,0.5000301908930034,0.9999396182139932,0.6931471787369653,null,null,null,null,null,null,null,null,null,null,null,null,null
ackley,optimized_iso_gpc,classifier_margin,classifier_margin,2,28,39,40,2224,2.282407165850463,False,False,False,2202,0.500002217334416,0.9999955653311681,0.6931471805501122,null,null,null,null,null,null,null,null,null,null,null,null,null
ackley,optimized_iso_gpc,classifier_margin,classifier_margin,2,29,40,41,421,0.04361566497427383,True,True,True,415,0.4999777006562193,0.9999554013124387,0.6931471795654238,null,null,null,null,null,null,null,null,null,null,null,null,null
ackley,optimized_iso_gpc,classifier_margin,classifier_margin,2,30,41,42,1736,0.4877391833238036,False,False,True,1719,0.49991301115315623,0.9998260223063125,0.6931471654258263,null,null,null,null,null,null,null,null,null,null,null,null,null
ackley,optimized_iso_gpc,classifier_margin,classifier_margin,2,31,42,43,2674,1.8552617749771478,False,False,False,2644,0.49997313362531604,0.9999462672506321,0.693147179116341,null,null,null,null,null,null,null,null,null,null,null,null,null
ackley,optimized_iso_gpc,classifier_margin,classifier_margin,2,32,43,44,1565,0.31474493838729956,False,True,True,1549,0.5000490124797339,0.9999019750405322,0.693147175755499,null,null,null,null,null,null,null,null,null,null,null,null,null
ackley,optimized_iso_gpc,classifier_margin,classifier_margin,2,33,44,45,1059,1.3026370411187216,False,False,False,1049,0.4999855371808029,0.9999710743616058,0.6931471801415989,null,null,null,null,null,null,null,null,null,null,null,null,null
ackley,optimized_iso_gpc,classifier_margin,classifier_margin,2,34,45,46,780,0.9621234890118338,False,False,False,771,0.499930219693803,0.999860439387606,0.693147170821363,null,null,null,null,null,null,null,null,null,null,null,null,null
ackley,optimized_iso_gpc,classifier_margin,classifier_margin,2,35,46,47,2435,2.106251061706624,False,False,False,2406,0.49984613793981375,0.9996922758796275,0.6931471332128775,null,null,null,null,null,null,null,null,null,null,null,null,null
ackley,optimized_iso_gpc,classifier_margin,classifier_margin,2,36,47,48,1306,1.2929933652872716,False,False,False,1290,0.5000042598529875,0.9999914802940251,0.6931471805236527,null,null,null,null,null,null,null,null,null,null,null,null,null
ackley,optimized_iso_gpc,classifier_margin,classifier_margin,2,37,48,49,3480,0.8566861820378566,False,False,False,3439,0.5000476346955086,0.9999047306089828,0.6931471760218169,null,null,null,null,null,null,null,null,null,null,null,null,null
ackley,optimized_iso_gpc,classifier_margin,classifier_margin,2,38,49,50,1562,2.109437903582192,False,False,False,1543,0.5000000320742917,0.9999999358514167,0.6931471805599433,null,null,null,null,null,null,null,null,null,null,null,null,null
ackley,optimized_iso_gpc,classifier_margin,classifier_margin,2,39,50,51,1261,0.13603121227444603,True,True,True,1246,0.5000505994201682,0.9998988011596637,0.6931471754393427,null,null,null,null,null,null,null,null,null,null,null,null,null
ackley,optimized_iso_gpc,classifier_margin,classifier_margin,2,40,51,52,2337,0.6294164019770889,False,False,False,2305,0.49997858523852645,0.9999571704770529,0.6931471796427613,null,null,null,null,null,null,null,null,null,null,null,null,null
ackley,optimized_iso_gpc,classifier_margin,classifier_margin,2,41,52,53,2625,0.27512665328906927,False,True,True,2589,0.5000213992388737,0.9999572015222526,0.6931471796440904,null,null,null,null,null,null,null,null,null,null,null,null,null
ackley,optimized_iso_gpc,classifier_margin,classifier_margin,2,42,53,54,2059,0.24016767148390805,False,True,True,2033,0.5000187112834815,0.999962577433037,0.6931471798597211,null,null,null,null,null,null,null,null,null,null,null,null,null
ackley,optimized_iso_gpc,classifier_margin,classifier_margin,2,43,54,55,2913,0.1429298664278349,True,True,True,2871,0.500013956093353,0.999972087813294,0.6931471801704003,null,null,null,null,null,null,null,null,null,null,null,null,null
ackley,optimized_iso_gpc,classifier_margin,classifier_margin,2,44,55,56,636,0.6890018902994317,False,False,False,628,0.5002155718326897,0.9995688563346206,0.6931470876175123,null,null,null,null,null,null,null,null,null,null,null,null,null
ackley,optimized_iso_gpc,classifier_margin,classifier_margin,2,45,56,57,2634,1.7045207088356165,False,False,False,2595,0.4999985214908948,0.9999970429817896,0.6931471805555733,null,null,null,null,null,null,null,null,null,null,null,null,null
ackley,optimized_iso_gpc,classifier_margin,classifier_margin,2,46,57,58,1317,0.1125257191906659,True,True,True,1298,0.5000033387651748,0.9999933224696504,0.6931471805376506,null,null,null,null,null,null,null,null,null,null,null,null,null
ackley,optimized_iso_gpc,classifier_margin,classifier_margin,2,47,58,59,1331,2.3667886708845938,False,False,False,1311,0.5545688040740515,0.890862391851897,0.6871797924187126,null,null,null,null,null,null,null,null,null,null,null,null,null
ackley,optimized_iso_gpc,classifier_margin,classifier_margin,2,48,59,60,1130,0.07718339214364,True,True,True,1116,0.4999785510627745,0.999957102125549,0.6931471796398316,null,null,null,null,null,null,null,null,null,null,null,null,null
ackley,optimized_iso_gpc,classifier_margin,classifier_margin,2,49,60,61,1285,0.46563489775421196,False,False,True,1266,0.5000820663821745,0.9998358672356511,0.693147167090163,null,null,null,null,null,null,null,null,null,null,null,null,null
ackley,optimized_iso_gpc,classifier_margin,classifier_margin,2,50,61,62,807,0.48030609840632366,False,False,True,796,0.49997298993442585,0.9999459798688517,0.6931471791008581,null,null,null,null,null,null,null,null,null,null,null,null,null
ackley,optimized_iso_gpc,classifier_margin,classifier_margin,2,51,62,63,1829,1.7993287297982494,False,False,False,1798,0.5000778646210965,0.999844270757807,0.6931471684341468,null,null,null,null,null,null,null,null,null,null,null,null,null
ackley,optimized_iso_gpc,classifier_margin,classifier_margin,2,52,63,64,2983,0.7190061674438546,False,False,False,2931,0.5000729763058488,0.9998540473883024,0.6931471699088628,null,null,null,null,null,null,null,null,null,null,null,null,null
ackley,optimized_iso_gpc,classifier_margin,classifier_margin,2,53,64,65,394,2.0748712672910354,False,False,False,389,0.5518025013423937,0.8963949973152125,0.6877705392485177,null,null,null,null,null,null,null,null,null,null,null,null,null
ackley,optimized_iso_gpc,classifier_margin,classifier_margin,2,54,65,66,3873,1.3358765926877663,False,False,False,3810,0.5001536969657654,0.9996926060684692,0.69314713331443,null,null,null,null,null,null,null,null,null,null,null,null,null
ackley,optimized_iso_gpc,classifier_margin,classifier_margin,2,55,66,67,1673,0.5119046964796627,False,False,True,1644,0.500010965783079,0.999978068433842,0.6931471803194484,null,null,null,null,null,null,null,null,null,null,null,null,null
ackley,optimized_iso_gpc,classifier_margin,classifier_margin,2,56,67,68,1077,0.5909925819914363,False,False,True,1062,0.49984685047043453,0.9996937009408691,0.6931471336503877,null,null,null,null,null,null,null,null,null,null,null,null,null
ackley,optimized_iso_gpc,classifier_margin,classifier_margin,2,57,68,69,193,1.0013359283036642,False,False,False,190,0.5001735969899607,0.9996528060200787,0.6931471202881142,null,null,null,null,null,null,null,null,null,null,null,null,null
ackley,optimized_iso_gpc,classifier_margin,classifier_margin,2,58,69,70,111,0.22374055607942367,False,True,True,110,0.49998759389248615,0.9999751877849723,0.6931471802521223,null,null,null,null,null,null,null,null,null,null,null,null,null
ackley,optimized_iso_gpc,classifier_margin,classifier_margin,2,59,70,71,2260,0.2375259749571157,False,True,True,2215,0.5000344118225529,0.9999311763548941,0.6931471781915983,null,null,null,null,null,null,null,null,null,null,null,null,null
ackley,optimized_iso_gpc,classifier_margin,classifier_margin,2,60,71,72,2222,0.2965811693707803,False,True,True,2179,0.49997459655905424,0.9999491931181085,0.6931471792692757,null,null,null,null,null,null,null,null,null,null,null,null,null
ackley,optimized_iso_gpc,classifier_margin,classifier_margin,2,61,72,73,41,0.25160360322554887,False,True,True,40,0.5000778511516969,0.9998442976966062,0.6931471684383417,null,null,null,null,null,null,null,null,null,null,null,null,null
ackley,optimized_iso_gpc,classifier_margin,classifier_margin,2,62,73,74,2070,1.4867178033364201,False,False,False,2029,0.49996635286841107,0.9999327057368221,0.6931471782956864,null,null,null,null,null,null,null,null,null,null,null,null,null
ackley,optimized_iso_gpc,classifier_margin,classifier_margin,2,63,74,75,3850,0.32912214668273343,False,True,True,3779,0.5000550716240508,0.9998898567518983,0.6931471744941777,null,null,null,null,null,null,null,null,null,null,null,null,null
ackley,optimized_iso_gpc,classifier_margin,classifier_margin,2,64,75,76,1230,0.4023590046135066,False,True,True,1207,0.5001350113719395,0.999729977256121,0.6931471441038037,null,null,null,null,null,null,null,null,null,null,null,null,null
ackley,optimized_iso_gpc,classifier_margin,classifier_margin,2,65,76,77,1388,0.031592189930396586,True,True,True,1358,0.4999181709867633,0.9998363419735266,0.6931471671679704,null,null,null,null,null,null,null,null,null,null,null,null,null
ackley,optimized_iso_gpc,classifier_margin,classifier_margin,2,66,77,78,2659,0.665145892797371,False,False,False,2601,0.5000010738767211,0.9999978522465578,0.6931471805576389,null,null,null,null,null,null,null,null,null,null,null,null,null
ackley,optimized_iso_gpc,classifier_margin,classifier_margin,2,67,78,79,448,0.2229816883767075,False,True,True,437,0.4998939801104547,0.9997879602209094,0.6931471580795112,null,null,null,null,null,null,null,null,null,null,null,null,null
ackley,optimized_iso_gpc,classifier_margin,classifier_margin,2,68,79,80,1925,0.23187569985099543,False,True,True,1884,0.4999502478170651,0.9999004956341302,0.6931471756093859,null,null,null,null,null,null,null,null,null,null,null,null,null
ackley,optimized_iso_gpc,classifier_entropy,classifier_entropy,2,1,12,13,157,0.015005423434763188,True,True,True,156,0.4999798417740451,0.9999596835480902,0.6931471797472372,Binary entropy is monotone-equivalent to classifier margin.,null,null,null,null,null,null,null,null,null,null,null,null
ackley,optimized_iso_gpc,classifier_entropy,classifier_entropy,2,2,13,14,2440,0.7124992583715901,False,False,False,2431,0.4999346483264584,0.9998692966529168,0.6931471720182628,Binary entropy is monotone-equivalent to classifier margin.,null,null,null,null,null,null,null,null,null,null,null,null
ackley,optimized_iso_gpc,classifier_entropy,classifier_entropy,2,3,14,15,1200,0.9462940357055718,False,False,False,1194,0.500007162747507,0.999985674504986,0.6931471804573355,Binary entropy is monotone-equivalent to classifier margin.,null,null,null,null,null,null,null,null,null,null,null,null
ackley,optimized_iso_gpc,classifier_entropy,classifier_entropy,2,4,15,16,3688,1.078904891043198,False,False,False,3675,0.49999164496398585,0.9999832899279717,0.6931471804203322,Binary entropy is monotone-equivalent to classifier margin.,null,null,null,null,null,null,null,null,null,null,null,null
ackley,optimized_iso_gpc,classifier_entropy,classifier_entropy,2,5,16,17,2244,1.149320422067479,False,False,False,2234,0.4997531034501614,0.9995062069003228,0.6931470586441277,Binary entropy is monotone-equivalent to classifier margin.,null,null,null,null,null,null,null,null,null,null,null,null
ackley,optimized_iso_gpc,classifier_entropy,classifier_entropy,2,6,17,18,131,1.5456324080954236,False,False,False,130,0.5000627698161021,0.9998744603677958,0.6931471726798457,Binary entropy is monotone-equivalent to classifier margin.,null,null,null,null,null,null,null,null,null,null,null,null
ackley,optimized_iso_gpc,classifier_entropy,classifier_entropy,2,7,18,19,1461,1.751523864696356,False,False,False,1453,0.500013527170018,0.999972945659964,0.6931471801939766,Binary entropy is monotone-equivalent to classifier margin.,null,null,null,null,null,null,null,null,null,null,null,null
ackley,optimized_iso_gpc,classifier_entropy,classifier_entropy,2,8,19,20,3603,1.552017968709558,False,False,False,3587,0.5000042338836186,0.9999915322327628,0.6931471805240937,Binary entropy is monotone-equivalent to classifier margin.,null,null,null,null,null,null,null,null,null,null,null,null
ackley,optimized_iso_gpc,classifier_entropy,classifier_entropy,2,9,20,21,1800,2.1860942194116024,False,False,False,1790,0.5000684908039463,0.9998630183921073,0.6931471711779648,Binary entropy is monotone-equivalent to classifier margin.,null,null,null,null,null,null,null,null,null,null,null,null
ackley,optimized_iso_gpc,classifier_entropy,classifier_entropy,2,10,21,22,3454,1.2003070575310453,False,False,False,3437,0.5000764057689386,0.9998471884621227,0.6931471688842623,Binary entropy is monotone-equivalent to classifier margin.,null,null,null,null,null,null,null,null,null,null,null,null
ackley,optimized_iso_gpc,classifier_entropy,classifier_entropy,2,11,22,23,3066,3.1086752604633805,False,False,False,3050,0.49998453025976947,0.9999690605195389,0.6931471800813196,Binary entropy is monotone-equivalent to classifier margin.,null,null,null,null,null,null,null,null,null,null,null,null
ackley,optimized_iso_gpc,classifier_entropy,classifier_entropy,2,12,23,24,2853,0.6001319009989174,False,False,True,2837,0.500082101876937,0.999835796246126,0.6931471670785089,Binary entropy is monotone-equivalent to classifier margin.,null,null,null,null,null,null,null,null,null,null,null,null
ackley,optimized_iso_gpc,classifier_entropy,classifier_entropy,2,13,24,25,3510,1.0607814449878017,False,False,False,3490,0.5000215471232994,0.9999569057534012,0.6931471796313883,Binary entropy is monotone-equivalent to classifier margin.,null,null,null,null,null,null,null,null,null,null,null,null
ackley,optimized_iso_gpc,classifier_entropy,classifier_entropy,2,14,25,26,2661,0.910534412296137,False,False,False,2645,0.5000061828206274,0.9999876343587453,0.6931471804834908,Binary entropy is monotone-equivalent to classifier margin.,null,null,null,null,null,null,null,null,null,null,null,null
ackley,optimized_iso_gpc,classifier_entropy,classifier_entropy,2,15,26,27,1281,0.23348319856058275,False,True,True,1273,0.4999907365976672,0.9999814731953344,0.693147180388324,Binary entropy is monotone-equivalent to classifier margin.,null,null,null,null,null,null,null,null,null,null,null,null
ackley,optimized_iso_gpc,classifier_entropy,classifier_entropy,2,16,27,28,2442,0.4461592694253831,False,False,True,2426,0.49987133418952023,0.9997426683790405,0.6931471474501634,Binary entropy is monotone-equivalent to classifier margin.,null,null,null,null,null,null,null,null,null,null,null,null
ackley,optimized_iso_gpc,classifier_entropy,classifier_entropy,2,17,28,29,3536,1.9591939623391301,False,False,False,3512,0.4999811773268651,0.9999623546537302,0.6931471798513593,Binary entropy is monotone-equivalent to classifier margin.,null,null,null,null,null,null,null,null,null,null,null,null
ackley,optimized_iso_gpc,classifier_entropy,classifier_entropy,2,18,29,30,1186,1.0076395178971982,False,False,False,1179,0.49981868225751136,0.9996373645150227,0.6931471148076964,Binary entropy is monotone-equivalent to classifier margin.,null,null,null,null,null,null,null,null,null,null,null,null
ackley,optimized_iso_gpc,classifier_entropy,classifier_entropy,2,19,30,31,2945,2.5861689829024357,False,False,False,2924,0.5000669160621555,0.999866167875689,0.6931471716044265,Binary entropy is monotone-equivalent to classifier margin.,null,null,null,null,null,null,null,null,null,null,null,null
ackley,optimized_iso_gpc,classifier_entropy,classifier_entropy,2,20,31,32,657,1.8672234399858958,False,False,False,651,0.5003854195484088,0.9992291609031825,0.6931468834634593,Binary entropy is monotone-equivalent to classifier margin.,null,null,null,null,null,null,null,null,null,null,null,null
ackley,optimized_iso_gpc,classifier_entropy,classifier_entropy,2,21,32,33,410,0.7601095010582721,False,False,False,405,0.4999946556432885,0.999989311286577,0.693147180502821,Binary entropy is monotone-equivalent to classifier margin.,null,null,null,null,null,null,null,null,null,null,null,null
ackley,optimized_iso_gpc,classifier_entropy,classifier_entropy,2,22,33,34,3557,1.1896756160891169,False,False,False,3528,0.5002026250258065,0.999594749948387,0.693147098446141,Binary entropy is monotone-equivalent to classifier margin.,null,null,null,null,null,null,null,null,null,null,null,null
ackley,optimized_iso_gpc,classifier_entropy,classifier_entropy,2,23,34,35,2098,1.2761454918132369,False,False,False,2081,0.49998543022013736,0.9999708604402747,0.6931471801353883,Binary entropy is monotone-equivalent to classifier margin.,null,null,null,null,null,null,null,null,null,null,null,null
ackley,optimized_iso_gpc,classifier_entropy,classifier_entropy,2,24,35,36,1030,0.6187323120560322,False,False,True,1022,0.4999692491320338,0.9999384982640676,0.6931471786687136,Binary entropy is monotone-equivalent to classifier margin.,null,null,null,null,null,null,null,null,null,null,null,null
ackley,optimized_iso_gpc,classifier_entropy,classifier_entropy,2,25,36,37,1958,0.24923330066017613,False,True,True,1942,0.49992019094506235,0.9998403818901247,0.6931471678209747,Binary entropy is monotone-equivalent to classifier margin.,null,null,null,null,null,null,null,null,null,null,null,null
ackley,optimized_iso_gpc,classifier_entropy,classifier_entropy,2,26,37,38,2150,1.5240434375119118,False,False,False,2130,0.4999810238395451,0.9999620476790902,0.6931471798397559,Binary entropy is monotone-equivalent to classifier margin.,null,null,null,null,null,null,null,null,null,null,null,null
ackley,optimized_iso_gpc,classifier_entropy,classifier_entropy,2,27,38,39,1441,0.8878812099050286,False,False,False,1428,0.5000301908930034,0.9999396182139932,0.6931471787369653,Binary entropy is monotone-equivalent to classifier margin.,null,null,null,null,null,null,null,null,null,null,null,null
ackley,optimized_iso_gpc,classifier_entropy,classifier_entropy,2,28,39,40,2224,2.282407165850463,False,False,False,2202,0.500002217334416,0.9999955653311681,0.6931471805501122,Binary entropy is monotone-equivalent to classifier margin.,null,null,null,null,null,null,null,null,null,null,null,null
ackley,optimized_iso_gpc,classifier_entropy,classifier_entropy,2,29,40,41,421,0.04361566497427383,True,True,True,415,0.4999777006562193,0.9999554013124387,0.6931471795654238,Binary entropy is monotone-equivalent to classifier margin.,null,null,null,null,null,null,null,null,null,null,null,null
ackley,optimized_iso_gpc,classifier_entropy,classifier_entropy,2,30,41,42,1736,0.4877391833238036,False,False,True,1719,0.49991301115315623,0.9998260223063125,0.6931471654258263,Binary entropy is monotone-equivalent to classifier margin.,null,null,null,null,null,null,null,null,null,null,null,null
ackley,optimized_iso_gpc,classifier_entropy,classifier_entropy,2,31,42,43,2674,1.8552617749771478,False,False,False,2644,0.49997313362531604,0.9999462672506321,0.693147179116341,Binary entropy is monotone-equivalent to classifier margin.,null,null,null,null,null,null,null,null,null,null,null,null
ackley,optimized_iso_gpc,classifier_entropy,classifier_entropy,2,32,43,44,1565,0.31474493838729956,False,True,True,1549,0.5000490124797339,0.9999019750405322,0.693147175755499,Binary entropy is monotone-equivalent to classifier margin.,null,null,null,null,null,null,null,null,null,null,null,null
ackley,optimized_iso_gpc,classifier_entropy,classifier_entropy,2,33,44,45,1059,1.3026370411187216,False,False,False,1049,0.4999855371808029,0.9999710743616058,0.6931471801415989,Binary entropy is monotone-equivalent to classifier margin.,null,null,null,null,null,null,null,null,null,null,null,null
ackley,optimized_iso_gpc,classifier_entropy,classifier_entropy,2,34,45,46,780,0.9621234890118338,False,False,False,771,0.499930219693803,0.999860439387606,0.693147170821363,Binary entropy is monotone-equivalent to classifier margin.,null,null,null,null,null,null,null,null,null,null,null,null
ackley,optimized_iso_gpc,classifier_entropy,classifier_entropy,2,35,46,47,2435,2.106251061706624,False,False,False,2406,0.49984613793981375,0.9996922758796275,0.6931471332128775,Binary entropy is monotone-equivalent to classifier margin.,null,null,null,null,null,null,null,null,null,null,null,null
ackley,optimized_iso_gpc,classifier_entropy,classifier_entropy,2,36,47,48,1306,1.2929933652872716,False,False,False,1290,0.5000042598529875,0.9999914802940251,0.6931471805236527,Binary entropy is monotone-equivalent to classifier margin.,null,null,null,null,null,null,null,null,null,null,null,null
ackley,optimized_iso_gpc,classifier_entropy,classifier_entropy,2,37,48,49,3480,0.8566861820378566,False,False,False,3439,0.5000476346955086,0.9999047306089828,0.6931471760218169,Binary entropy is monotone-equivalent to classifier margin.,null,null,null,null,null,null,null,null,null,null,null,null
ackley,optimized_iso_gpc,classifier_entropy,classifier_entropy,2,38,49,50,1562,2.109437903582192,False,False,False,1543,0.5000000320742917,0.9999999358514167,0.6931471805599433,Binary entropy is monotone-equivalent to classifier margin.,null,null,null,null,null,null,null,null,null,null,null,null
ackley,optimized_iso_gpc,classifier_entropy,classifier_entropy,2,39,50,51,1261,0.13603121227444603,True,True,True,1246,0.5000505994201682,0.9998988011596637,0.6931471754393427,Binary entropy is monotone-equivalent to classifier margin.,null,null,null,null,null,null,null,null,null,null,null,null
ackley,optimized_iso_gpc,classifier_entropy,classifier_entropy,2,40,51,52,2337,0.6294164019770889,False,False,False,2305,0.49997858523852645,0.9999571704770529,0.6931471796427613,Binary entropy is monotone-equivalent to classifier margin.,null,null,null,null,null,null,null,null,null,null,null,null
ackley,optimized_iso_gpc,classifier_entropy,classifier_entropy,2,41,52,53,2625,0.27512665328906927,False,True,True,2589,0.5000213992388737,0.9999572015222526,0.6931471796440904,Binary entropy is monotone-equivalent to classifier margin.,null,null,null,null,null,null,null,null,null,null,null,null
ackley,optimized_iso_gpc,classifier_entropy,classifier_entropy,2,42,53,54,2059,0.24016767148390805,False,True,True,2033,0.5000187112834815,0.999962577433037,0.6931471798597211,Binary entropy is monotone-equivalent to classifier margin.,null,null,null,null,null,null,null,null,null,null,null,null
ackley,optimized_iso_gpc,classifier_entropy,classifier_entropy,2,43,54,55,2913,0.1429298664278349,True,True,True,2871,0.500013956093353,0.999972087813294,0.6931471801704003,Binary entropy is monotone-equivalent to classifier margin.,null,null,null,null,null,null,null,null,null,null,null,null
ackley,optimized_iso_gpc,classifier_entropy,classifier_entropy,2,44,55,56,636,0.6890018902994317,False,False,False,628,0.5002155718326897,0.9995688563346206,0.6931470876175123,Binary entropy is monotone-equivalent to classifier margin.,null,null,null,null,null,null,null,null,null,null,null,null
ackley,optimized_iso_gpc,classifier_entropy,classifier_entropy,2,45,56,57,2634,1.7045207088356165,False,False,False,2595,0.4999985214908948,0.9999970429817896,0.6931471805555733,Binary entropy is monotone-equivalent to classifier margin.,null,null,null,null,null,null,null,null,null,null,null,null
ackley,optimized_iso_gpc,classifier_entropy,classifier_entropy,2,46,57,58,1317,0.1125257191906659,True,True,True,1298,0.5000033387651748,0.9999933224696504,0.6931471805376506,Binary entropy is monotone-equivalent to classifier margin.,null,null,null,null,null,null,null,null,null,null,null,null
ackley,optimized_iso_gpc,classifier_entropy,classifier_entropy,2,47,58,59,1331,2.3667886708845938,False,False,False,1311,0.5545688040740515,0.890862391851897,0.6871797924187126,Binary entropy is monotone-equivalent to classifier margin.,null,null,null,null,null,null,null,null,null,null,null,null
ackley,optimized_iso_gpc,classifier_entropy,classifier_entropy,2,48,59,60,1130,0.07718339214364,True,True,True,1116,0.4999785510627745,0.999957102125549,0.6931471796398316,Binary entropy is monotone-equivalent to classifier margin.,null,null,null,null,null,null,null,null,null,null,null,null
ackley,optimized_iso_gpc,classifier_entropy,classifier_entropy,2,49,60,61,1285,0.46563489775421196,False,False,True,1266,0.5000820663821745,0.9998358672356511,0.693147167090163,Binary entropy is monotone-equivalent to classifier margin.,null,null,null,null,null,null,null,null,null,null,null,null
ackley,optimized_iso_gpc,classifier_entropy,classifier_entropy,2,50,61,62,807,0.48030609840632366,False,False,True,796,0.49997298993442585,0.9999459798688517,0.6931471791008581,Binary entropy is monotone-equivalent to classifier margin.,null,null,null,null,null,null,null,null,null,null,null,null
ackley,optimized_iso_gpc,classifier_entropy,classifier_entropy,2,51,62,63,1829,1.7993287297982494,False,False,False,1798,0.5000778646210965,0.999844270757807,0.6931471684341468,Binary entropy is monotone-equivalent to classifier margin.,null,null,null,null,null,null,null,null,null,null,null,null
ackley,optimized_iso_gpc,classifier_entropy,classifier_entropy,2,52,63,64,2983,0.7190061674438546,False,False,False,2931,0.5000729763058488,0.9998540473883024,0.6931471699088628,Binary entropy is monotone-equivalent to classifier margin.,null,null,null,null,null,null,null,null,null,null,null,null
ackley,optimized_iso_gpc,classifier_entropy,classifier_entropy,2,53,64,65,394,2.0748712672910354,False,False,False,389,0.5518025013423937,0.8963949973152125,0.6877705392485177,Binary entropy is monotone-equivalent to classifier margin.,null,null,null,null,null,null,null,null,null,null,null,null
ackley,optimized_iso_gpc,classifier_entropy,classifier_entropy,2,54,65,66,3873,1.3358765926877663,False,False,False,3810,0.5001536969657654,0.9996926060684692,0.69314713331443,Binary entropy is monotone-equivalent to classifier margin.,null,null,null,null,null,null,null,null,null,null,null,null
ackley,optimized_iso_gpc,classifier_entropy,classifier_entropy,2,55,66,67,1673,0.5119046964796627,False,False,True,1644,0.500010965783079,0.999978068433842,0.6931471803194484,Binary entropy is monotone-equivalent to classifier margin.,null,null,null,null,null,null,null,null,null,null,null,null
ackley,optimized_iso_gpc,classifier_entropy,classifier_entropy,2,56,67,68,1077,0.5909925819914363,False,False,True,1062,0.49984685047043453,0.9996937009408691,0.6931471336503877,Binary entropy is monotone-equivalent to classifier margin.,null,null,null,null,null,null,null,null,null,null,null,null
ackley,optimized_iso_gpc,classifier_entropy,classifier_entropy,2,57,68,69,193,1.0013359283036642,False,False,False,190,0.5001735969899607,0.9996528060200787,0.6931471202881142,Binary entropy is monotone-equivalent to classifier margin.,null,null,null,null,null,null,null,null,null,null,null,null
ackley,optimized_iso_gpc,classifier_entropy,classifier_entropy,2,58,69,70,111,0.22374055607942367,False,True,True,110,0.49998759389248615,0.9999751877849723,0.6931471802521223,Binary entropy is monotone-equivalent to classifier margin.,null,null,null,null,null,null,null,null,null,null,null,null
ackley,optimized_iso_gpc,classifier_entropy,classifier_entropy,2,59,70,71,2260,0.2375259749571157,False,True,True,2215,0.5000344118225529,0.9999311763548941,0.6931471781915983,Binary entropy is monotone-equivalent to classifier margin.,null,null,null,null,null,null,null,null,null,null,null,null
ackley,optimized_iso_gpc,classifier_entropy,classifier_entropy,2,60,71,72,2222,0.2965811693707803,False,True,True,2179,0.49997459655905424,0.9999491931181085,0.6931471792692757,Binary entropy is monotone-equivalent to classifier margin.,null,null,null,null,null,null,null,null,null,null,null,null
ackley,optimized_iso_gpc,classifier_entropy,classifier_entropy,2,61,72,73,41,0.25160360322554887,False,True,True,40,0.5000778511516969,0.9998442976966062,0.6931471684383417,Binary entropy is monotone-equivalent to classifier margin.,null,null,null,null,null,null,null,null,null,null,null,null
ackley,optimized_iso_gpc,classifier_entropy,classifier_entropy,2,62,73,74,2070,1.4867178033364201,False,False,False,2029,0.49996635286841107,0.9999327057368221,0.6931471782956864,Binary entropy is monotone-equivalent to classifier margin.,null,null,null,null,null,null,null,null,null,null,null,null
ackley,optimized_iso_gpc,classifier_entropy,classifier_entropy,2,63,74,75,3850,0.32912214668273343,False,True,True,3779,0.5000550716240508,0.9998898567518983,0.6931471744941777,Binary entropy is monotone-equivalent to classifier margin.,null,null,null,null,null,null,null,null,null,null,null,null
ackley,optimized_iso_gpc,classifier_entropy,classifier_entropy,2,64,75,76,1230,0.4023590046135066,False,True,True,1207,0.5001350113719395,0.999729977256121,0.6931471441038037,Binary entropy is monotone-equivalent to classifier margin.,null,null,null,null,null,null,null,null,null,null,null,null
ackley,optimized_iso_gpc,classifier_entropy,classifier_entropy,2,65,76,77,1388,0.031592189930396586,True,True,True,1358,0.4999181709867633,0.9998363419735266,0.6931471671679704,Binary entropy is monotone-equivalent to classifier margin.,null,null,null,null,null,null,null,null,null,null,null,null
ackley,optimized_iso_gpc,classifier_entropy,classifier_entropy,2,66,77,78,2659,0.665145892797371,False,False,False,2601,0.5000010738767211,0.9999978522465578,0.6931471805576389,Binary entropy is monotone-equivalent to classifier margin.,null,null,null,null,null,null,null,null,null,null,null,null
ackley,optimized_iso_gpc,classifier_entropy,classifier_entropy,2,67,78,79,448,0.2229816883767075,False,True,True,437,0.4998939801104547,0.9997879602209094,0.6931471580795112,Binary entropy is monotone-equivalent to classifier margin.,null,null,null,null,null,null,null,null,null,null,null,null
ackley,optimized_iso_gpc,classifier_entropy,classifier_entropy,2,68,79,80,1925,0.23187569985099543,False,True,True,1884,0.4999502478170651,0.9999004956341302,0.6931471756093859,Binary entropy is monotone-equivalent to classifier margin.,null,null,null,null,null,null,null,null,null,null,null,null
ackley,optimized_iso_gpc,classifier_gated_diversity,classifier_gated_diversity,2,1,12,13,848,1.2765928356029725,False,False,False,844,0.4997961287639688,0.9995922575279376,0.6931470974329812,null,0.1,25,399,0.5,5,0.9843182644874965,0.8652535767678343,0.8825652726488964,0.9334417685681964,null,null,null
ackley,optimized_iso_gpc,classifier_gated_diversity,classifier_gated_diversity,2,2,13,14,1115,3.0574289952996097,False,False,False,1109,0.499263774079755,0.99852754815951,0.6931460965023424,null,0.1,25,399,0.5,12,0.9630498323833955,0.8410491658284585,0.9537598623796248,0.9584048473815101,null,null,null
ackley,optimized_iso_gpc,classifier_gated_diversity,classifier_gated_diversity,2,3,14,15,2479,2.7625169135532186,False,False,False,2469,0.49867744235937694,0.9973548847187539,0.6931436822384405,null,0.1,25,399,0.5,23,0.9487972967623352,0.7156236683500218,0.9619579459550577,0.9553776213586964,null,null,null
ackley,optimized_iso_gpc,classifier_gated_diversity,classifier_gated_diversity,2,4,15,16,1177,1.1755279175870648,False,False,False,1170,0.5011810711179683,0.9976378577640634,0.6931443906993795,null,0.1,25,399,0.5,22,0.9556419371869808,0.6216437160193223,0.7920212626258466,0.8738315999064137,null,null,null
ackley,optimized_iso_gpc,classifier_gated_diversity,classifier_gated_diversity,2,5,16,17,2481,1.833324492726911,False,False,False,2469,0.49974505461147234,0.9994901092229447,0.6931470505656374,null,0.1,25,399,0.5,5,0.9942031023320069,0.5354637595540809,0.6782482454861343,0.8362256739090705,null,null,null
ackley,optimized_iso_gpc,classifier_gated_diversity,classifier_gated_diversity,2,6,17,18,1919,0.7183438894011118,False,False,False,1910,0.4993605628975193,0.9987211257950386,0.6931463628001063,null,0.1,25,399,0.5,7,0.9803462128851743,0.5401029025435431,0.7969143213261374,0.8886302671056558,null,null,null
ackley,optimized_iso_gpc,classifier_gated_diversity,classifier_gated_diversity,2,7,18,19,1991,1.332744350057327,False,False,False,1981,0.5023507449985267,0.9952985100029466,0.6931361285151332,null,0.1,25,399,0.5,29,0.9298065666991902,0.5827275409196577,0.8565595247006239,0.893183045699907,null,null,null
ackley,optimized_iso_gpc,classifier_gated_diversity,classifier_gated_diversity,2,8,19,20,3906,1.4381192162802403,False,False,False,3887,0.4996210138928747,0.9992420277857494,0.693146893298979,null,0.1,25,399,0.5,5,0.9907255092944932,0.4758667640708461,0.6339906852748461,0.8123580972846697,null,null,null
ackley,optimized_iso_gpc,classifier_gated_diversity,classifier_gated_diversity,2,9,20,21,46,3.1577396742276687,False,False,False,45,0.501152399928448,0.9976952001431041,0.6931445245064036,null,0.1,25,398,0.5,22,0.9668358958043088,0.5682089744182313,0.9220640033332003,0.9444499495687546,null,null,null
ackley,optimized_iso_gpc,classifier_gated_diversity,classifier_gated_diversity,2,10,21,22,1032,2.867334655910115,False,False,False,1026,0.49721578341904227,0.9944315668380845,0.6931316767558832,null,0.1,25,398,0.5,44,0.9100888519690292,0.5792878941656927,0.9441414202885682,0.9271151361287987,null,null,null
ackley,optimized_iso_gpc,classifier_gated_diversity,classifier_gated_diversity,2,11,22,23,1978,1.5677599255764996,False,False,False,1966,0.4982410360992242,0.9964820721984484,0.6931409926391734,null,0.1,25,398,0.5,12,0.9502382706756851,0.4944684702806962,0.9067385032568095,0.9284883869662472,null,null,null
ackley,optimized_iso_gpc,classifier_gated_diversity,classifier_gated_diversity,2,12,23,24,2632,1.571747467632088,False,False,False,2614,0.4998369966060539,0.9996739932121078,0.6931471274197315,null,0.1,25,398,0.5,3,0.994528609014531,0.47614327922803573,0.8793505918904441,0.9369396004524875,null,null,null
ackley,optimized_iso_gpc,classifier_gated_diversity,classifier_gated_diversity,2,13,24,25,935,2.8845496306826757,False,False,False,929,0.4989450216981979,0.9978900433963958,0.6931449545998591,null,0.1,25,398,0.5,10,0.9633692876727818,0.458712898286571,0.8343544976674885,0.8988618926701352,null,null,null
ackley,optimized_iso_gpc,classifier_gated_diversity,classifier_gated_diversity,2,14,25,26,758,3.94767238168979,False,False,False,753,0.5014298729801592,0.9971402540396817,0.6931430914808929,null,0.1,25,398,0.5,31,0.9445502261254748,0.47604683361151984,0.8966978437195978,0.9206240349225363,null,null,null
ackley,optimized_iso_gpc,classifier_gated_diversity,classifier_gated_diversity,2,15,26,27,3589,0.8131635401670039,False,False,False,3566,0.4996159442402619,0.9992318884805238,0.6931468855622631,null,0.1,25,398,0.5,12,0.9834122366602241,0.4622254345991191,0.851366741490264,0.9173894890752441,null,null,null
ackley,optimized_iso_gpc,classifier_gated_diversity,classifier_gated_diversity,2,16,27,28,476,2.2546930923132447,False,False,False,472,0.5024150579159539,0.9951698841680923,0.6931355155051127,null,0.1,25,398,0.5,44,0.8947059681402864,0.5099300905147204,0.9966852893123479,0.9456956287263172,null,null,null
ackley,optimized_iso_gpc,classifier_gated_diversity,classifier_gated_diversity,2,17,28,29,3724,1.2599366710665993,False,False,False,3699,0.5003372646443711,0.9993254707112578,0.6931469530650474,null,0.1,25,398,0.5,3,0.9936686113836277,0.4366300175193112,0.8068718474096926,0.9002702293966602,null,null,null
ackley,optimized_iso_gpc,classifier_gated_diversity,classifier_gated_diversity,2,18,29,30,539,2.88554608440843,False,False,False,534,0.5006449905781871,0.9987100188436258,0.6931463485340227,null,0.1,25,398,0.5,12,0.9728366619288159,0.46146115569940827,0.8625573094941067,0.9176969857114613,null,null,null
ackley,optimized_iso_gpc,classifier_gated_diversity,classifier_gated_diversity,2,19,30,31,711,0.6518448543365789,False,False,False,704,0.5003436084741842,0.9993127830516315,0.6931469444263597,null,0.1,25,397,0.5,4,0.9884714251989688,0.46220485497696046,0.9507535188790657,0.9696124720390172,null,null,null
ackley,optimized_iso_gpc,classifier_gated_diversity,classifier_gated_diversity,2,20,31,32,3913,2.8229640733761716,False,False,False,3882,0.5010585264465708,0.9978829471068584,0.6931449396017952,null,0.1,25,397,0.5,7,0.9698257497123799,0.38669872084219653,0.8453989793331885,0.9076123645227843,null,null,null
ackley,optimized_iso_gpc,classifier_gated_diversity,classifier_gated_diversity,2,21,32,33,1231,1.2406120919539312,False,False,False,1216,0.5019052672596147,0.9961894654807706,0.6931399204557145,null,0.1,25,397,0.5,18,0.9440933808219858,0.433239298800235,0.9622906201334073,0.9531920004776966,null,null,null
ackley,optimized_iso_gpc,classifier_gated_diversity,classifier_gated_diversity,2,22,33,34,990,1.1797328345584575,False,False,False,979,0.4993549955102421,0.9987099910204842,0.6931463484981308,null,0.1,25,397,0.5,9,0.9790232334468687,0.39057115131253217,0.8551250027609684,0.9170741181039186,null,null,null
ackley,optimized_iso_gpc,classifier_gated_diversity,classifier_gated_diversity,2,23,34,35,1083,0.5623776195808059,False,False,True,1070,0.49959547900368084,0.9991909580073617,0.6931468532854367,null,0.1,25,397,0.5,6,0.9862942236260642,0.39358409704042707,0.8103932386472671,0.8983437311366657,null,null,null
ackley,optimized_iso_gpc,classifier_gated_diversity,classifier_gated_diversity,2,24,35,36,1993,1.4170712555047267,False,False,False,1971,0.5004411771217966,0.9991176457564068,0.6931467912853893,null,0.1,25,397,0.5,11,0.9897073145847498,0.4091129677121186,0.8641067502155231,0.9269070324001365,null,null,null
ackley,optimized_iso_gpc,classifier_gated_diversity,classifier_gated_diversity,2,25,36,37,802,1.559598855461024,False,False,False,793,0.4995790138610696,0.9991580277221392,0.693146826101245,null,0.1,25,397,0.5,5,0.9927973487996268,0.399436853550234,0.8408172312241341,0.9168072900118804,null,null,null
ackley,optimized_iso_gpc,classifier_gated_diversity,classifier_gated_diversity,2,26,37,38,2579,0.34079111121326555,False,True,True,2551,0.49899521647031797,0.9979904329406359,0.6931451613787032,null,0.1,25,397,0.5,8,0.9739916367971453,0.40733389887170746,0.8374040841436631,0.9056978604704042,null,null,null
ackley,optimized_iso_gpc,classifier_gated_diversity,classifier_gated_diversity,2,27,38,39,78,0.7001386071894835,False,False,False,76,0.5020918514629473,0.9958162970741053,0.6931384288493284,null,0.1,25,397,0.5,27,0.9422848177540467,0.41585592543408856,0.9050294998981583,0.9236571588261024,null,null,null
ackley,optimized_iso_gpc,classifier_gated_diversity,classifier_gated_diversity,2,28,39,40,2244,1.149320422067479,False,False,False,2217,0.5013558211491618,0.9972883577016765,0.6931435040534627,null,0.1,25,397,0.5,31,0.9210967358090737,0.4735519570389752,1.0,0.9605483679045368,null,null,null
ackley,optimized_iso_gpc,classifier_gated_diversity,classifier_gated_diversity,2,29,40,41,556,1.4492093710231515,False,False,False,549,0.5004970109175053,0.9990059781649894,0.6931466865201596,null,0.1,25,396,0.5,4,0.9877670587948854,0.36019170198076994,0.7418541780362855,0.8648106184155855,null,null,null
ackley,optimized_iso_gpc,classifier_gated_diversity,classifier_gated_diversity,2,30,41,42,461,1.9888727312700443,False,False,False,456,0.4936724354437825,0.987344870887565,0.6930671022759858,null,0.1,25,396,0.5,65,0.8078789000785143,0.4574346476415951,1.0,0.9039394500392571,null,null,null
ackley,optimized_iso_gpc,classifier_gated_diversity,classifier_gated_diversity,2,31,42,43,2497,2.6273812700988994,False,False,False,2465,0.5868037570969022,0.8263924858061955,0.6780007689622334,null,0.1,25,396,0.5,9,0.8189120467220457,0.3555011672430996,0.6746160046334794,0.7467640256777626,null,null,null
ackley,optimized_iso_gpc,classifier_gated_diversity,classifier_gated_diversity,2,32,43,44,513,1.2007924290224814,False,False,False,506,0.4999057095757272,0.9998114191514544,0.693147162778577,null,0.1,25,396,0.5,0,1.0,0.3747946530758331,0.8200170232197055,0.9100085116098527,null,null,null
ackley,optimized_iso_gpc,classifier_gated_diversity,classifier_gated_diversity,2,33,44,45,3435,0.44321158552022233,False,False,True,3397,0.4968970387077647,0.9937940774155294,0.6931279236987739,null,0.1,25,396,0.5,37,0.909069539247842,0.3880278385965644,0.8605978828581009,0.8848337110529714,null,null,null
ackley,optimized_iso_gpc,classifier_gated_diversity,classifier_gated_diversity,2,34,45,46,2711,2.1948561287956725,False,False,False,2674,0.501635197148,0.996729605704,0.6931418328109868,null,0.1,25,396,0.5,10,0.9565449152036313,0.36939063729222993,0.9056807349025447,0.931112825053088,null,null,null
ackley,optimized_iso_gpc,classifier_gated_diversity,classifier_gated_diversity,2,35,46,47,41,0.25160360322554887,False,True,True,40,0.4982599558696412,0.9965199117392824,0.693141125040571,null,0.1,25,396,0.5,18,0.9474371573316669,0.3658193060783726,0.7926648148691774,0.8700509861004222,null,null,null
ackley,optimized_iso_gpc,classifier_gated_diversity,classifier_gated_diversity,2,36,47,48,3857,0.7546679960452032,False,False,False,3814,0.4995342230031812,0.9990684460063624,0.693146746663461,null,0.1,25,396,0.5,14,0.9871102321391574,0.3775322170699214,0.8285539050890648,0.907832068614111,null,null,null
ackley,optimized_iso_gpc,classifier_gated_diversity,classifier_gated_diversity,2,37,48,49,1858,2.3008447332872635,False,False,False,1833,0.49487015131900414,0.9897403026380083,0.6930945489415966,null,0.1,25,396,0.5,67,0.8526867845896375,0.433486069263913,1.0,0.9263433922948188,null,null,null
ackley,optimized_iso_gpc,classifier_gated_diversity,classifier_gated_diversity,2,38,49,50,2368,3.361537924955991,False,False,False,2335,0.6057909085924962,0.7884181828150076,0.670593677543842,null,0.1,25,396,0.5,11,0.7579491131018342,0.4047178535202401,0.8892941486059678,0.823621630853901,null,null,null
ackley,optimized_iso_gpc,classifier_gated_diversity,classifier_gated_diversity,2,39,50,51,3782,0.3412629959535991,False,True,True,3737,0.5007829877050509,0.9984340245898982,0.6931459544199516,null,0.1,25,395,0.5,11,0.9790794049093364,0.3727704438153286,0.9412663049918037,0.9601728549505701,null,null,null
ackley,optimized_iso_gpc,classifier_gated_diversity,classifier_gated_diversity,2,40,51,52,3246,0.5542613551276929,False,False,True,3204,0.5030286203161616,0.9939427593676768,0.6931288353657241,null,0.1,25,395,0.5,44,0.9096937610252458,0.35449471051378756,0.8481578725572738,0.8789258167912598,null,null,null
ackley,optimized_iso_gpc,classifier_gated_diversity,classifier_gated_diversity,2,41,52,53,2499,1.097832836158565,False,False,False,2462,0.49992378145528504,0.9998475629105701,0.6931471689414122,null,0.1,25,395,0.5,3,0.9981796612454563,0.3161768870412509,0.716778957695079,0.8574793094702677,null,null,null
ackley,optimized_iso_gpc,classifier_gated_diversity,classifier_gated_diversity,2,42,53,54,3351,1.6007717054822326,False,False,False,3307,0.4973130973647599,0.9946261947295199,0.6931327415989081,null,0.1,25,395,0.5,25,0.9221382128573558,0.3626567971209768,0.8761429193131872,0.8991405660852715,null,null,null
ackley,optimized_iso_gpc,classifier_gated_diversity,classifier_gated_diversity,2,43,54,55,3987,0.9970891389963601,False,False,False,3933,0.4988883272693858,0.9977766545387716,0.693144708925389,null,0.1,25,395,0.5,14,0.9701103137750658,0.3789350942837451,0.9358423518038975,0.9529763327894817,null,null,null
ackley,optimized_iso_gpc,classifier_gated_diversity,classifier_gated_diversity,2,44,55,56,1598,0.35291618337251585,False,True,True,1574,0.5018497609200319,0.9963004781599363,0.6931403373134128,null,0.1,25,395,0.5,22,0.9520863705629967,0.3564508650867721,0.9552936446568724,0.9536900076099346,null,null,null
ackley,optimized_iso_gpc,classifier_gated_diversity,classifier_gated_diversity,2,45,56,57,1735,0.22536000532967293,False,True,True,1709,0.4987019651496878,0.9974039302993756,0.6931438107672149,null,0.1,25,395,0.5,13,0.9661366957052432,0.33421235026372786,0.7783876014348866,0.8722621485700649,null,null,null
ackley,optimized_iso_gpc,classifier_gated_diversity,classifier_gated_diversity,2,46,57,58,2526,0.11121073892774547,True,True,True,2486,0.4989255423385397,0.9978510846770794,0.6931448716396358,null,0.1,25,395,0.5,18,0.9732236309951839,0.3480478021118763,0.923008787584315,0.9481162092897495,null,null,null
ackley,optimized_iso_gpc,classifier_gated_diversity,classifier_gated_diversity,2,47,58,59,1679,0.07992769006104972,True,True,True,1654,0.5020836467316858,0.9958327065366284,0.6931384973674077,null,0.1,25,395,0.5,23,0.9439472444645098,0.32357956491975104,0.8401685689490045,0.8920579067067571,null,null,null
ackley,optimized_iso_gpc,classifier_gated_diversity,classifier_gated_diversity,2,48,59,60,1294,0.41248393512926995,False,True,True,1270,0.5020680341669612,0.9958639316660776,0.6931386270049261,null,0.1,25,395,0.5,28,0.9432863591537382,0.3987808110737416,1.0,0.9716431795768691,null,null,null
ackley,optimized_iso_gpc,classifier_gated_diversity,classifier_gated_diversity,2,49,60,61,234,0.4502095996576152,False,False,True,229,0.4973603628409009,0.9947207256818018,0.6931332451265497,null,0.1,25,394,0.5,35,0.9279223352377067,0.326331120758697,0.8797804429051388,0.9038513890714228,null,null,null
ackley,optimized_iso_gpc,classifier_gated_diversity,classifier_gated_diversity,2,50,61,62,3941,2.1913532448266526,False,False,False,3881,0.577589395621402,0.844821208757196,0.681058158019924,null,0.1,25,394,0.5,1,0.9885055629270596,0.4030426211257923,0.9192681381298,0.9538868505284298,null,null,null
ackley,optimized_iso_gpc,classifier_gated_diversity,classifier_gated_diversity,2,51,62,63,3409,1.2930487240996058,False,False,False,3358,0.5007162625270236,0.9985674749459528,0.693146154495579,null,0.1,25,394,0.5,12,0.980455705079233,0.30034091820699743,0.787896905865639,0.884176305472436,null,null,null
ackley,optimized_iso_gpc,classifier_gated_diversity,classifier_gated_diversity,2,52,63,64,679,0.18666736724696698,True,True,True,666,0.4977478862433449,0.9954957724866897,0.6931370364928987,null,0.1,25,394,0.5,30,0.94266470306778,0.35869979905451077,1.0,0.9713323515338901,null,null,null
ackley,optimized_iso_gpc,classifier_gated_diversity,classifier_gated_diversity,2,53,64,65,1088,0.6613583406919581,False,False,False,1066,0.5014854166638898,0.9970291666722204,0.6931427676281232,null,0.1,25,394,0.5,11,0.9601670452751273,0.3266434187793048,0.945426225970987,0.9527966356230572,null,null,null
ackley,optimized_iso_gpc,classifier_gated_diversity,classifier_gated_diversity,2,54,65,66,167,0.1233722137482971,True,True,True,163,0.49873441329762436,0.9974688265952487,0.6931439771371222,null,0.1,25,394,0.5,9,0.9682567666127238,0.36088972569534356,0.9999813728388136,0.9841190697257687,null,null,null
ackley,optimized_iso_gpc,classifier_gated_diversity,classifier_gated_diversity,2,55,66,67,263,0.712348921377135,False,False,False,256,0.4987947890418871,0.9975895780837742,0.6931442754902251,null,0.1,25,394,0.5,11,0.9752607431502459,0.34098458365623074,0.9295693778978296,0.9524150605240378,null,null,null
ackley,optimized_iso_gpc,classifier_gated_diversity,classifier_gated_diversity,2,56,67,68,2075,0.1688160695450449,True,True,True,2035,0.4961371261324157,0.9922742522648313,0.6931173366740245,null,0.1,25,394,0.5,39,0.900144293073318,0.3334672179737605,0.9971943063008385,0.9486692996870782,null,null,null
ackley,optimized_iso_gpc,classifier_gated_diversity,classifier_gated_diversity,2,57,68,69,1628,3.3372084246134968,False,False,False,1597,0.625282030959255,0.7494359380814899,0.661418999811819,null,0.1,25,394,0.5,0,1.0,0.2746987366622461,0.6401802169220396,0.8200901084610198,null,null,null
ackley,optimized_iso_gpc,classifier_gated_diversity,classifier_gated_diversity,2,58,69,70,1757,2.071750784337894,False,False,False,1722,0.6318680540180139,0.7362638919639721,0.6579539804478518,null,0.1,25,394,0.5,3,0.7772293508971455,0.39968365750756074,1.0,0.8886146754485728,null,null,null
ackley,optimized_iso_gpc,classifier_gated_diversity,classifier_gated_diversity,2,59,70,71,1601,0.1372097915788153,True,True,True,1570,0.4983373978842449,0.9966747957684898,0.6931416520581666,null,0.1,25,393,0.5,15,0.9623772111810748,0.3299892107261103,1.0,0.9811886055905374,null,null,null
ackley,optimized_iso_gpc,classifier_gated_diversity,classifier_gated_diversity,2,60,71,72,591,2.5199931808353373,False,False,False,577,0.6264553200680609,0.7470893598638781,0.6608153027226153,null,0.1,25,393,0.5,1,0.9734837324810837,0.2798026945285831,0.6696615797983633,0.8215726561397234,null,null,null
ackley,optimized_iso_gpc,classifier_gated_diversity,classifier_gated_diversity,2,61,72,73,3328,0.46117728141030945,False,False,True,3269,0.4994522053618349,0.9989044107236698,0.693146580401894,null,0.1,25,393,0.5,8,0.9868370748042836,0.30263775814024196,0.9170517110181091,0.9519443929111964,null,null,null
ackley,optimized_iso_gpc,classifier_gated_diversity,classifier_gated_diversity,2,62,73,74,484,1.5271597045942045,False,False,False,473,0.4980983619338879,0.9961967238677758,0.6931399480878401,null,0.1,25,393,0.5,17,0.9521002895875246,0.30191432469964885,0.91422426753734,0.9331622785624323,null,null,null
ackley,optimized_iso_gpc,classifier_gated_diversity,classifier_gated_diversity,2,63,74,75,2932,0.17213640483569215,True,True,True,2874,0.4994499934204595,0.998899986840919,0.6931465755453483,null,0.1,25,393,0.5,8,0.9862961075626148,0.29468286869465843,0.8410574380304082,0.9136767727965115,null,null,null
ackley,optimized_iso_gpc,classifier_gated_diversity,classifier_gated_diversity,2,64,75,76,865,0.6759427421109692,False,False,False,843,0.5011158236273414,0.9977683527453172,0.6931446904331438,null,0.1,25,393,0.5,15,0.9775445736535208,0.3608949915067939,1.0,0.9887722868267603,null,null,null
ackley,optimized_iso_gpc,classifier_gated_diversity,classifier_gated_diversity,2,65,76,77,291,0.04641002040928477,True,True,True,283,0.49773960770047854,0.9954792154009571,0.693136961778442,null,0.1,25,393,0.5,22,0.9434304394399088,0.31642709944204495,0.9217345626203195,0.9325825010301141,null,null,null
ackley,optimized_iso_gpc,classifier_gated_diversity,classifier_gated_diversity,2,66,77,78,2107,0.23031441382654627,False,True,True,2058,0.5000848433343339,0.9998303133313322,0.6931471661631625,null,0.1,25,393,0.5,0,1.0,0.30156769716994947,0.8666020604699942,0.9333010302349971,null,null,null
ackley,optimized_iso_gpc,classifier_gated_diversity,classifier_gated_diversity,2,67,78,79,1466,0.10651519174997937,True,True,True,1432,0.500070867928722,0.999858264142556,0.6931471705154186,null,0.1,25,393,0.5,0,1.0,0.2694717475835149,0.747517189006904,0.8737585945034521,null,null,null
ackley,optimized_iso_gpc,classifier_gated_diversity,classifier_gated_diversity,2,68,79,80,419,0.2107983402891751,False,True,True,409,0.5003939790998139,0.9992120418003723,0.693146870120851,null,0.1,25,393,0.5,4,0.9911627279186501,0.28187308109684744,0.7916572164772331,0.8914099721979416,null,null,null
ackley,optimized_iso_gpc,classifier_uncertainty_repulsion,classifier_uncertainty_repulsion,2,1,12,13,157,0.015005423434763188,True,True,True,156,0.4999798417740451,0.9999596835480902,0.6931471797472372,null,0.1,25,399,null,0,1.0,null,null,0.9999949471441879,0.15,0.7408104099800884,0.9999949471441879
ackley,optimized_iso_gpc,classifier_uncertainty_repulsion,classifier_uncertainty_repulsion,2,2,13,14,2479,2.7625169135532186,False,False,False,2470,0.5001379739215652,0.9997240521568695,0.6931471424863388,null,0.1,25,399,null,2,0.9962862787267008,null,null,0.9962659886418203,0.15,0.6971904986469799,0.9999796342825211
ackley,optimized_iso_gpc,classifier_uncertainty_repulsion,classifier_uncertainty_repulsion,2,3,14,15,2505,0.7657618040317917,False,False,False,2495,0.5000619563743354,0.9998760872513293,0.6931471728827606,null,0.1,25,399,null,1,0.9989931182968579,null,null,0.9989593030127383,0.15,0.680596475470877,0.9999661506335726
ackley,optimized_iso_gpc,classifier_uncertainty_repulsion,classifier_uncertainty_repulsion,2,4,15,16,474,1.3660503383975389,False,False,False,470,0.5001162470948466,0.9997675058103068,0.6931471535331709,null,0.1,25,399,null,2,0.9965847081068674,null,null,0.9957649765289756,0.15,0.5653671917592299,0.9991774592052
ackley,optimized_iso_gpc,classifier_uncertainty_repulsion,classifier_uncertainty_repulsion,2,5,16,17,266,2.2183138173774513,False,False,False,263,0.5000947243984059,0.9998105512031883,0.6931471626145218,null,0.1,25,399,null,0,1.0,null,null,0.9886303673710863,0.15,0.4488389663433075,0.9886303673710863
ackley,optimized_iso_gpc,classifier_uncertainty_repulsion,classifier_uncertainty_repulsion,2,6,17,18,532,1.139782177015995,False,False,False,526,0.5004284231869257,0.9991431536261486,0.6931468134670462,null,0.1,25,399,null,3,0.9917333568375735,null,null,0.9844541171521213,0.15,0.4702650887440106,0.9926600838468678
ackley,optimized_iso_gpc,classifier_uncertainty_repulsion,classifier_uncertainty_repulsion,2,7,18,19,71,1.45466730357726,False,False,False,70,0.5000480446223345,0.9999039107553309,0.6931471759433738,null,0.1,25,399,null,0,1.0,null,null,0.9906011381898164,0.15,0.45828211906247024,0.9906011381898164
ackley,optimized_iso_gpc,classifier_uncertainty_repulsion,classifier_uncertainty_repulsion,2,8,19,20,1516,2.3488340301835002,False,False,False,1506,0.49991822092124016,0.9998364418424803,0.6931471671843098,null,0.1,25,399,null,3,0.9969071134669709,null,null,0.9948847260985898,0.15,0.5282206465375006,0.9979713382108912
ackley,optimized_iso_gpc,classifier_uncertainty_repulsion,classifier_uncertainty_repulsion,2,9,20,21,2854,2.1601595336293613,False,False,False,2837,0.49982694539867945,0.9996538907973589,0.6931471206641541,null,0.1,25,398,null,2,0.996707722194728,null,null,0.9907186931208054,0.15,0.47974344371734506,0.9939911882485118
ackley,optimized_iso_gpc,classifier_uncertainty_repulsion,classifier_uncertainty_repulsion,2,10,21,22,3981,0.4870236693463905,False,False,True,3960,0.5004603250744023,0.9990793498511954,0.6931467567615373,null,0.1,25,398,null,6,0.9861995345847505,null,null,0.9789207899679054,0.15,0.4700005461505452,0.9926193996634668
ackley,optimized_iso_gpc,classifier_uncertainty_repulsion,classifier_uncertainty_repulsion,2,11,22,23,2517,1.6877001651766523,False,False,False,2501,0.4996040358381779,0.9992080716763558,0.6931468669846776,null,0.1,25,398,null,1,0.9999126943059998,null,null,0.9937229824349305,0.15,0.4783461867891939,0.9938097476846562
ackley,optimized_iso_gpc,classifier_uncertainty_repulsion,classifier_uncertainty_repulsion,2,12,23,24,2249,1.611092715072859,False,False,False,2235,0.5001882312920717,0.9996235374158566,0.6931471096979049,null,0.1,25,398,null,1,0.9949459862162753,null,null,0.9797842853685392,0.15,0.43390807178320284,0.9847612824637897
ackley,optimized_iso_gpc,classifier_uncertainty_repulsion,classifier_uncertainty_repulsion,2,13,24,25,2712,2.686792547740536,False,False,False,2693,0.5001796245373503,0.9996407509252994,0.6931471160299951,null,0.1,25,398,null,4,0.9954579409879206,null,null,0.9943363766983772,0.15,0.5527038369742481,0.9988733182554851
ackley,optimized_iso_gpc,classifier_uncertainty_repulsion,classifier_uncertainty_repulsion,2,14,25,26,776,2.6297351790442978,False,False,False,767,0.5000522793739064,0.9998954412521872,0.6931471750936793,null,0.1,25,398,null,0,1.0,null,null,0.9941841703414516,0.15,0.4812719940399052,0.9941841703414516
ackley,optimized_iso_gpc,classifier_uncertainty_repulsion,classifier_uncertainty_repulsion,2,15,26,27,2839,1.2364958725885185,False,False,False,2818,0.4998333962450893,0.9996667924901786,0.693147125046322,null,0.1,25,398,null,1,0.9946134417492454,null,null,0.9760696874110567,0.15,0.42332015129246814,0.9813558176877487
ackley,optimized_iso_gpc,classifier_uncertainty_repulsion,classifier_uncertainty_repulsion,2,16,27,28,600,1.642558557873837,False,False,False,592,0.5003395801548977,0.9993208396902047,0.6931469499305645,null,0.1,25,398,null,4,0.9878569877821476,null,null,0.9666856309627007,0.15,0.4158485233289628,0.9785683989876115
ackley,optimized_iso_gpc,classifier_uncertainty_repulsion,classifier_uncertainty_repulsion,2,17,28,29,3474,2.174071919125474,False,False,False,3449,0.5002777372440959,0.9994445255118083,0.6931470262839838,null,0.1,25,398,null,5,0.9914681444083465,null,null,0.9760579936074152,0.15,0.43288245201714803,0.9844572406205474
ackley,optimized_iso_gpc,classifier_uncertainty_repulsion,classifier_uncertainty_repulsion,2,18,29,30,1652,1.3663302195745164,False,False,False,1639,0.5001344070706855,0.9997311858586291,0.6931471444294236,null,0.1,25,398,null,1,0.9997256107771515,null,null,0.9782525264152885,0.15,0.4157290302785553,0.9785210220380665
ackley,optimized_iso_gpc,classifier_uncertainty_repulsion,classifier_uncertainty_repulsion,2,19,30,31,3334,1.4605367919197683,False,False,False,3308,0.49998416674052265,0.9999683334810453,0.6931471800585611,null,0.1,25,397,null,0,1.0,null,null,0.9668409166758213,0.15,0.3915223323053721,0.9668409166758213
ackley,optimized_iso_gpc,classifier_uncertainty_repulsion,classifier_uncertainty_repulsion,2,20,31,32,1338,1.9707363168678,False,False,False,1326,0.5009252181129784,0.9981495637740432,0.6931454685018551,null,0.1,25,397,null,12,0.9729238757978809,null,null,0.9574221509688113,0.15,0.43159118915001804,0.9840668677018982
ackley,optimized_iso_gpc,classifier_uncertainty_repulsion,classifier_uncertainty_repulsion,2,21,32,33,1043,2.298819698186753,False,False,False,1032,0.4983986758973562,0.9967973517947124,0.6931420520734147,null,0.1,25,397,null,10,0.9606542225424138,null,null,0.9322178139704317,0.15,0.3979918212945573,0.9703989136728886
ackley,optimized_iso_gpc,classifier_uncertainty_repulsion,classifier_uncertainty_repulsion,2,22,33,34,2330,1.20313287969274,False,False,False,2310,0.5005172729924035,0.9989654540151931,0.6931466454171524,null,0.1,25,397,null,5,0.9925154707410825,null,null,0.9620550005464935,0.15,0.39594390604740654,0.9693098283174921
ackley,optimized_iso_gpc,classifier_uncertainty_repulsion,classifier_uncertainty_repulsion,2,23,34,35,1435,0.9613615565398792,False,False,False,1421,0.498673053809918,0.997346107619836,0.6931436589834288,null,0.1,25,397,null,13,0.9686190542330027,null,null,0.935434767256369,0.15,0.38964185026491155,0.9657406213189658
ackley,optimized_iso_gpc,classifier_uncertainty_repulsion,classifier_uncertainty_repulsion,2,24,35,36,1097,1.8901564098435149,False,False,False,1085,0.49902262545799214,0.9980452509159843,0.6931452700367379,null,0.1,25,397,null,8,0.9793167605603089,null,null,0.9661214019836443,0.15,0.4402437393456854,0.986525954514334
ackley,optimized_iso_gpc,classifier_uncertainty_repulsion,classifier_uncertainty_repulsion,2,25,36,37,709,1.1913485755547004,False,False,False,699,0.49937797679279416,0.9987559535855883,0.693146406734005,null,0.1,25,397,null,10,0.9845318335645995,null,null,0.9491766187764726,0.15,0.3869139632363879,0.9640893127242828
ackley,optimized_iso_gpc,classifier_uncertainty_repulsion,classifier_uncertainty_repulsion,2,26,37,38,3479,1.861978599207582,False,False,False,3445,0.4999977074217715,0.999995414843543,0.6931471805494335,null,0.1,25,397,null,0,1.0,null,null,0.9644069280863914,0.15,0.3874302416161428,0.9644069280863914
ackley,optimized_iso_gpc,classifier_uncertainty_repulsion,classifier_uncertainty_repulsion,2,27,38,39,1920,3.8823985338286615,False,False,False,1900,0.5978884156278639,0.8042231687442722,0.6738585570672164,null,0.1,25,397,null,0,1.0,null,null,0.9989090713672474,0.15,0.5540150444732131,0.9989090713672474
ackley,optimized_iso_gpc,classifier_uncertainty_repulsion,classifier_uncertainty_repulsion,2,28,39,40,1858,2.3008447332872635,False,False,False,1838,0.6121345290000875,0.7757309419998251,0.667783703710989,null,0.1,25,397,null,6,0.8786132432227625,null,null,0.8408281081551776,0.15,0.3762835452384301,0.9569945759877365
ackley,optimized_iso_gpc,classifier_uncertainty_repulsion,classifier_uncertainty_repulsion,2,29,40,41,1319,3.5102090836088546,False,False,False,1304,0.6223614325105586,0.7552771349788827,0.6628962475340263,null,0.1,25,396,null,0,1.0,null,null,0.881247221140878,0.15,0.3096482110333151,0.881247221140878
ackley,optimized_iso_gpc,classifier_uncertainty_repulsion,classifier_uncertainty_repulsion,2,30,41,42,1757,2.071750784337894,False,False,False,1736,0.632988187446557,0.7340236251068859,0.6573461423526887,null,0.1,25,396,null,6,0.8810040585141804,null,null,0.8679139912472084,0.15,0.4352176273208423,0.9851418763166102
ackley,optimized_iso_gpc,classifier_uncertainty_repulsion,classifier_uncertainty_repulsion,2,31,42,43,3226,2.084783683622259,False,False,False,3190,0.6421473262095105,0.7157053475809789,0.6521726850043468,null,0.1,25,396,null,8,0.8365606731958106,null,null,0.8178126958999957,0.15,0.41342422902797765,0.9775892198898207
ackley,optimized_iso_gpc,classifier_uncertainty_repulsion,classifier_uncertainty_repulsion,2,32,43,44,394,2.0748712672910354,False,False,False,388,0.6515457984781392,0.6969084030437216,0.6464844739543516,null,0.1,25,396,null,0,1.0,null,null,0.7802861292472342,0.15,0.26114040763389584,0.7802861292472342
ackley,optimized_iso_gpc,classifier_uncertainty_repulsion,classifier_uncertainty_repulsion,2,33,44,45,1746,1.4591129502996196,False,False,False,1724,0.6610335570426287,0.6779328859147427,0.640347544085019,null,0.1,25,396,null,12,0.6004373891794704,null,null,0.543281262655287,0.15,0.32532173365368666,0.9048091815163438
ackley,optimized_iso_gpc,classifier_uncertainty_repulsion,classifier_uncertainty_repulsion,2,34,45,46,1628,3.3372084246134968,False,False,False,1608,0.6690703494473382,0.6618593011053235,0.6348350468393752,null,0.1,25,396,null,8,0.7790684013928881,null,null,0.7251601915232542,0.15,0.3466795681289285,0.9308042660012239
ackley,optimized_iso_gpc,classifier_uncertainty_repulsion,classifier_uncertainty_repulsion,2,35,46,47,1511,1.8405502402038678,False,False,False,1492,0.6749970745163978,0.6500058509672044,0.6305831665659296,null,0.1,25,396,null,7,0.8815211878530992,null,null,0.767561691195699,0.15,0.303415997473013,0.8707240413189127
ackley,optimized_iso_gpc,classifier_uncertainty_repulsion,classifier_uncertainty_repulsion,2,36,47,48,3326,3.115075178225853,False,False,False,3285,0.6826039525299166,0.6347920949401669,0.6248910687265072,null,0.1,25,396,null,6,0.6756738659882159,null,null,0.5665570431494572,0.15,0.2864404206727162,0.8385066696650041
ackley,optimized_iso_gpc,classifier_uncertainty_repulsion,classifier_uncertainty_repulsion,2,37,48,49,760,3.0902947080863203,False,False,False,748,0.6887707403297441,0.6224585193405119,0.6200806891671271,null,0.1,25,396,null,2,0.8939346155967008,null,null,0.8502274830082638,0.15,0.36853149097232857,0.9511070140635928
ackley,optimized_iso_gpc,classifier_uncertainty_repulsion,classifier_uncertainty_repulsion,2,38,49,50,2135,3.1120794613101896,False,False,False,2104,0.6943199807407154,0.6113600385185691,0.6156004280559555,null,0.1,25,396,null,3,0.7812566287939807,null,null,0.51085223602798,0.15,0.21850475816090567,0.6538853139928916
ackley,optimized_iso_gpc,classifier_uncertainty_repulsion,classifier_uncertainty_repulsion,2,39,50,51,2592,1.1760719177409236,False,False,False,2555,0.5015412241120503,0.9969175517758995,0.6931424298088951,null,0.1,25,395,null,14,0.9621830680568283,null,null,0.8997945815169424,0.15,0.3508733094619977,0.9351594425103714
ackley,optimized_iso_gpc,classifier_uncertainty_repulsion,classifier_uncertainty_repulsion,2,40,51,52,2368,3.361537924955991,False,False,False,2334,0.7059504284482045,0.5880991431035909,0.6057378902327409,null,0.1,25,395,null,0,1.0,null,null,0.9920201633647866,0.15,0.4662485177270581,0.9920201633647866
ackley,optimized_iso_gpc,classifier_uncertainty_repulsion,classifier_uncertainty_repulsion,2,41,52,53,2711,2.1948561287956725,False,False,False,2671,0.7115291947977198,0.5769416104045604,0.6007767814676808,null,0.1,25,395,null,4,0.7355869811864086,null,null,0.6020987387150741,0.15,0.277127213804535,0.818528269415488
ackley,optimized_iso_gpc,classifier_uncertainty_repulsion,classifier_uncertainty_repulsion,2,42,53,54,2677,2.8107151828432038,False,False,False,2637,0.7180416227678279,0.5639167544643442,0.5947934310447834,null,0.1,25,395,null,8,0.7249159709413904,null,null,0.6714467188602953,0.15,0.3425094222307663,0.9262407586197074
ackley,optimized_iso_gpc,classifier_uncertainty_repulsion,classifier_uncertainty_repulsion,2,43,54,55,2399,2.931453052206482,False,False,False,2364,0.7241506550615213,0.5516986898769574,0.5889903248440768,null,0.1,25,395,null,12,0.6163057232517161,null,null,0.6037717622796316,0.15,0.41867476493116945,0.9796627542156293
ackley,optimized_iso_gpc,classifier_uncertainty_repulsion,classifier_uncertainty_repulsion,2,44,55,56,138,2.5879964610562407,False,False,False,136,0.7277126355027121,0.5445747289945757,0.5855206554490702,null,0.1,25,395,null,6,0.8711251480376682,null,null,0.7593842905904573,0.15,0.30399366020806934,0.8717281234516959
ackley,optimized_iso_gpc,classifier_uncertainty_repulsion,classifier_uncertainty_repulsion,2,45,56,57,584,1.5346313275189267,False,False,False,574,0.5014583958343528,0.9970832083312944,0.6931429267170942,null,0.1,25,395,null,13,0.9690777545889835,null,null,0.942408340999447,0.15,0.40209108112984254,0.9724795936515458
ackley,optimized_iso_gpc,classifier_uncertainty_repulsion,classifier_uncertainty_repulsion,2,46,57,58,591,2.5199931808353373,False,False,False,580,0.7161245156974019,0.5677509686051962,0.5965764172705726,null,0.1,25,395,null,0,1.0,null,null,0.9446338888874772,0.15,0.36086069519362524,0.9446338888874772
ackley,optimized_iso_gpc,classifier_uncertainty_repulsion,classifier_uncertainty_repulsion,2,47,58,59,3974,2.9360229992110973,False,False,False,3917,0.7225994749309166,0.5548010501381668,0.5904814221916089,null,0.1,25,395,null,2,0.9488953936613117,null,null,0.9001945975264923,0.15,0.36555730523740654,0.9486763278016269
ackley,optimized_iso_gpc,classifier_uncertainty_repulsion,classifier_uncertainty_repulsion,2,48,59,60,1623,2.345191163073636,False,False,False,1598,0.7290740701656659,0.5418518596686681,0.584177617506983,null,0.1,25,395,null,9,0.8456023994254004,null,null,0.8292702074202402,0.15,0.42143920250577727,0.9806857312417063
ackley,optimized_iso_gpc,classifier_uncertainty_repulsion,classifier_uncertainty_repulsion,2,49,60,61,3890,1.6084233730849231,False,False,False,3833,0.49897994419988123,0.9979598883997625,0.693145099530831,null,0.1,25,394,null,6,0.9756618488266331,null,null,0.921131972014889,0.15,0.36027285348818194,0.9441098605246031
ackley,optimized_iso_gpc,classifier_uncertainty_repulsion,classifier_uncertainty_repulsion,2,50,61,62,3941,2.1913532448266526,False,False,False,3882,0.7180055596269312,0.5639888807461375,0.5948271385058016,null,0.1,25,394,null,1,0.8961062363208068,null,null,0.8804794496555625,0.15,0.42685859449751573,0.9825614575238265
ackley,optimized_iso_gpc,classifier_uncertainty_repulsion,classifier_uncertainty_repulsion,2,51,62,63,2604,3.471700572540973,False,False,False,2560,0.7241260110325243,0.5517479779349515,0.5890141083752654,null,0.1,25,394,null,1,0.981644801717707,null,null,0.692108221118281,0.15,0.23439849597590548,0.7050495453214976
ackley,optimized_iso_gpc,classifier_uncertainty_repulsion,classifier_uncertainty_repulsion,2,52,63,64,2534,0.784346122729012,False,False,False,2491,0.499652946381008,0.999305892762016,0.6931469396674971,null,0.1,25,394,null,1,0.9996987080735619,null,null,0.9561394996708131,0.15,0.37549963613567283,0.9564276636040792
ackley,optimized_iso_gpc,classifier_uncertainty_repulsion,classifier_uncertainty_repulsion,2,53,64,65,926,2.6023496589678583,False,False,False,909,0.716370172835866,0.567259654328268,0.5963489577598818,null,0.1,25,394,null,10,0.8039773440525505,null,null,0.7630704752445101,0.15,0.3660905481851152,0.9491193761731592
ackley,optimized_iso_gpc,classifier_uncertainty_repulsion,classifier_uncertainty_repulsion,2,54,65,66,951,1.5757768177753526,False,False,False,933,0.7206997865753237,0.5586004268493525,0.5922911807365754,null,0.1,25,394,null,10,0.7295749138787544,null,null,0.6959377017583961,0.15,0.37209852105412383,0.9538947797128502
ackley,optimized_iso_gpc,classifier_uncertainty_repulsion,classifier_uncertainty_repulsion,2,55,66,67,1293,1.534686064649783,False,False,False,1271,0.4991124277647776,0.9982248555295552,0.6931456049901724,null,0.1,25,394,null,8,0.9779884075619276,null,null,0.9096694720578553,0.15,0.34606211607433657,0.9301434097011562
ackley,optimized_iso_gpc,classifier_uncertainty_repulsion,classifier_uncertainty_repulsion,2,56,67,68,3366,2.1996460967176077,False,False,False,3307,0.7112988464377281,0.5774023071245438,0.600984615930551,null,0.1,25,394,null,1,0.9629270618392105,null,null,0.6719262315484565,0.15,0.2320545618162884,0.6977955633161494
ackley,optimized_iso_gpc,classifier_uncertainty_repulsion,classifier_uncertainty_repulsion,2,57,68,69,2497,2.6273812700988994,False,False,False,2453,0.7178680322014088,0.5642639355971824,0.5949556235542268,null,0.1,25,394,null,3,0.9382166921620985,null,null,0.6551824314956978,0.15,0.2322252878390886,0.6983274087629427
ackley,optimized_iso_gpc,classifier_uncertainty_repulsion,classifier_uncertainty_repulsion,2,58,69,70,2878,0.3863581643634344,False,True,True,2822,0.5000842484263769,0.9998315031472462,0.6931471663643505,null,0.1,25,394,null,0,1.0,null,null,0.9326859737341003,0.15,0.34846434430558854,0.9326859737341003
ackley,optimized_iso_gpc,classifier_uncertainty_repulsion,classifier_uncertainty_repulsion,2,59,70,71,788,0.22926458073473377,False,True,True,771,0.498838607291586,0.997677214583172,0.6931444828914731,null,0.1,25,393,null,12,0.9707962702891845,null,null,0.9253627414443378,0.15,0.37119264882666697,0.9531997286811653
ackley,optimized_iso_gpc,classifier_uncertainty_repulsion,classifier_uncertainty_repulsion,2,60,71,72,2423,3.0991106137946733,False,False,False,2379,0.6962688942652449,0.6074622114695103,0.6139925922450882,null,0.1,25,393,null,8,0.793170002012089,null,null,0.7348086619561974,0.15,0.3426693378889887,0.9264201370351346
ackley,optimized_iso_gpc,classifier_uncertainty_repulsion,classifier_uncertainty_repulsion,2,61,72,73,2204,0.17383384958523784,True,True,True,2164,0.49961462451935734,0.9992292490387147,0.6931468835313938,null,0.1,25,393,null,1,0.9972708841860516,null,null,0.9802308272549013,0.15,0.42793165418127016,0.982913311517103
ackley,optimized_iso_gpc,classifier_uncertainty_repulsion,classifier_uncertainty_repulsion,2,62,73,74,2527,0.1337017018687785,True,True,True,2477,0.5008911495248773,0.9982177009502453,0.6931455922641531,null,0.1,25,393,null,7,0.9772338840685917,null,null,0.8620142771381966,0.15,0.3101691048917655,0.8820961810588345
ackley,optimized_iso_gpc,classifier_uncertainty_repulsion,classifier_uncertainty_repulsion,2,63,74,75,3759,0.4663019624719116,False,False,True,3691,0.4975329199148435,0.995065839829687,0.693135007542258,null,0.1,25,393,null,23,0.9389373730338874,null,null,0.8841358744191229,0.15,0.35755615761639525,0.941634553923772
ackley,optimized_iso_gpc,classifier_uncertainty_repulsion,classifier_uncertainty_repulsion,2,64,75,76,2390,0.931825206331931,False,False,False,2346,0.5005603773864813,0.9988792452270374,0.6931465525141833,null,0.1,25,393,null,10,0.9887493148183962,null,null,0.9409036634251329,0.15,0.3691621955955276,0.9516099271309724
ackley,optimized_iso_gpc,classifier_uncertainty_repulsion,classifier_uncertainty_repulsion,2,65,76,77,2913,0.1429298664278349,True,True,True,2851,0.5002966408650183,0.9994067182699633,0.6931470045683295,null,0.1,25,393,null,1,0.9932468404852922,null,null,0.9263979748533229,0.15,0.34847456085730555,0.9326966239335758
ackley,optimized_iso_gpc,classifier_uncertainty_repulsion,classifier_uncertainty_repulsion,2,66,77,78,2538,0.7785748817431042,False,False,False,2485,0.4987548365045007,0.9975096730090014,0.693144079692479,null,0.1,25,393,null,14,0.9699244174733387,null,null,0.9009429929439448,0.15,0.3448943896890245,0.9288795876393223
ackley,optimized_iso_gpc,classifier_uncertainty_repulsion,classifier_uncertainty_repulsion,2,67,78,79,1241,2.8592980708743934,False,False,False,1218,0.6944053462573265,0.6111893074853469,0.6155303775251457,null,0.1,25,393,null,1,0.9612786148287239,null,null,0.7422411518539456,0.15,0.2579844335213999,0.7721394613425314
ackley,optimized_iso_gpc,classifier_uncertainty_repulsion,classifier_uncertainty_repulsion,2,68,79,80,1093,2.5999741178217732,False,False,False,1072,0.7002345684284137,0.5995308631431726,0.6106654217022736,null,0.1,25,393,null,11,0.7208056906697071,null,null,0.6363199281596287,0.15,0.310596837948811,0.8827898231053337
ackley,optimized_ard_gpc,random,random,2,1,12,13,2916,3.2598237939378567,False,False,False,2907,0.5342118816305685,0.9315762367388629,0.6908044448280404,null,null,null,null,null,null,null,null,null,null,null,null,null
ackley,optimized_ard_gpc,random,random,2,2,13,14,1313,0.7905656769460343,False,False,False,1308,0.15483434004829633,0.30966868009659265,0.43100388632832864,null,null,null,null,null,null,null,null,null,null,null,null,null
ackley,optimized_ard_gpc,random,random,2,3,14,15,1428,0.7422215885325052,False,False,False,1422,0.522162195644782,0.9556756087104361,0.6921645328206283,null,null,null,null,null,null,null,null,null,null,null,null,null
ackley,optimized_ard_gpc,random,random,2,4,15,16,1717,1.3351888768889069,False,False,False,1709,0.3866666069224891,0.7733332138449782,0.6672336418655099,null,null,null,null,null,null,null,null,null,null,null,null,null
ackley,optimized_ard_gpc,random,random,2,5,16,17,2797,2.6427307160297957,False,False,False,2785,0.5166803363904862,0.9666393272190277,0.6925906100511702,null,null,null,null,null,null,null,null,null,null,null,null,null
ackley,optimized_ard_gpc,random,random,2,6,17,18,2952,1.1474364519962634,False,False,False,2938,0.26111752274869104,0.5222350454973821,0.5742225683240602,null,null,null,null,null,null,null,null,null,null,null,null,null
ackley,optimized_ard_gpc,random,random,2,7,18,19,1962,1.1544585903493711,False,False,False,1953,0.38567292810469667,0.7713458562093933,0.6667731298862316,null,null,null,null,null,null,null,null,null,null,null,null,null
ackley,optimized_ard_gpc,random,random,2,8,19,20,3505,0.318406309742457,False,True,True,3488,0.549304218634262,0.9013915627314759,0.6882774587320035,null,null,null,null,null,null,null,null,null,null,null,null,null
ackley,optimized_ard_gpc,random,random,2,9,20,21,677,0.5799360780491138,False,False,True,673,0.46160431610746855,0.9232086322149371,0.6901958188201682,null,null,null,null,null,null,null,null,null,null,null,null,null
ackley,optimized_ard_gpc,random,random,2,10,21,22,1387,0.5503879182767317,False,False,True,1380,0.37427571061544995,0.7485514212308999,0.661192133156357,null,null,null,null,null,null,null,null,null,null,null,null,null
ackley,optimized_ard_gpc,random,random,2,11,22,23,732,4.097020162702817,False,False,False,727,0.25097524057559895,0.5019504811511979,0.5634040218420564,null,null,null,null,null,null,null,null,null,null,null,null,null
ackley,optimized_ard_gpc,random,random,2,12,23,24,38,0.7631725631122901,False,False,False,37,0.3830235969031719,0.7660471938063438,0.6655249410047432,null,null,null,null,null,null,null,null,null,null,null,null,null
ackley,optimized_ard_gpc,random,random,2,13,24,25,3848,0.9560805467105364,False,False,False,3826,0.4837439973702189,0.9674879947404378,0.6926185721681022,null,null,null,null,null,null,null,null,null,null,null,null,null
ackley,optimized_ard_gpc,random,random,2,14,25,26,593,0.6646234321109272,False,False,False,589,0.5792905274053055,0.841418945189389,0.6805199660769466,null,null,null,null,null,null,null,null,null,null,null,null,null
ackley,optimized_ard_gpc,random,random,2,15,26,27,2699,0.8553898835290301,False,False,False,2681,0.40596421550154105,0.8119284310030821,0.675355960889725,null,null,null,null,null,null,null,null,null,null,null,null,null
ackley,optimized_ard_gpc,random,random,2,16,27,28,1152,1.0653088562452062,False,False,False,1143,0.7107166621166243,0.5785666757667514,0.6015087469390797,null,null,null,null,null,null,null,null,null,null,null,null,null
ackley,optimized_ard_gpc,random,random,2,17,28,29,136,1.5667502544033773,False,False,False,134,0.6985420541622034,0.6029158916755932,0.6120945601468268,null,null,null,null,null,null,null,null,null,null,null,null,null
ackley,optimized_ard_gpc,random,random,2,18,29,30,3194,0.2536944372143477,False,True,True,3169,0.7361894647419263,0.5276210705161475,0.5770050013768557,null,null,null,null,null,null,null,null,null,null,null,null,null
ackley,optimized_ard_gpc,random,random,2,19,30,31,3961,0.39834890703803794,False,True,True,3931,0.6485447011384622,0.7029105977230756,0.6483428743436019,null,null,null,null,null,null,null,null,null,null,null,null,null
ackley,optimized_ard_gpc,random,random,2,20,31,32,119,5.222664197895144,False,False,False,117,0.31515703446552834,0.6303140689310567,0.623164928032844,null,null,null,null,null,null,null,null,null,null,null,null,null
ackley,optimized_ard_gpc,random,random,2,21,32,33,2114,1.0291702579795814,False,False,False,2094,0.2498442616349621,0.4996885232699242,0.5621639838497015,null,null,null,null,null,null,null,null,null,null,null,null,null
ackley,optimized_ard_gpc,random,random,2,22,33,34,1921,1.1020342547172888,False,False,False,1904,0.723764860012011,0.552470279975978,0.5893623004093194,null,null,null,null,null,null,null,null,null,null,null,null,null
ackley,optimized_ard_gpc,random,random,2,23,34,35,1237,0.17032182656529926,True,True,True,1225,0.6924984386662913,0.6150031226674173,0.617087002332972,null,null,null,null,null,null,null,null,null,null,null,null,null
ackley,optimized_ard_gpc,random,random,2,24,35,36,2121,0.7515027002973316,False,False,False,2098,0.6119208132035396,0.7761583735929207,0.6678811246641587,null,null,null,null,null,null,null,null,null,null,null,null,null
ackley,optimized_ard_gpc,random,random,2,25,36,37,3627,0.5808963555682851,False,False,True,3595,0.5911352218655281,0.8177295562689437,0.6764427007644204,null,null,null,null,null,null,null,null,null,null,null,null,null
ackley,optimized_ard_gpc,random,random,2,26,37,38,54,2.3922270313024363,False,False,False,52,0.7535440674659526,0.4929118650680948,0.5584079877143292,null,null,null,null,null,null,null,null,null,null,null,null,null
ackley,optimized_ard_gpc,random,random,2,27,38,39,1603,0.7231102791115518,False,False,False,1586,0.14391562584785333,0.28783125169570667,0.4120082996795616,null,null,null,null,null,null,null,null,null,null,null,null,null
ackley,optimized_ard_gpc,random,random,2,28,39,40,1620,0.16282566754779815,True,True,True,1602,0.7818416101001731,0.4363167797996539,0.5245671954916032,null,null,null,null,null,null,null,null,null,null,null,null,null
ackley,optimized_ard_gpc,random,random,2,29,40,41,3623,0.11093740320152001,True,True,True,3588,0.4344956029356126,0.8689912058712252,0.6845408101416921,null,null,null,null,null,null,null,null,null,null,null,null,null
ackley,optimized_ard_gpc,random,random,2,30,41,42,295,0.2405699810737829,False,True,True,289,0.6200001613610766,0.7599996772778468,0.6640640475700241,null,null,null,null,null,null,null,null,null,null,null,null,null
ackley,optimized_ard_gpc,random,random,2,31,42,43,3935,0.17221396949845946,True,True,True,3894,0.30154825637475824,0.6030965127495165,0.612170434584224,null,null,null,null,null,null,null,null,null,null,null,null,null
ackley,optimized_ard_gpc,random,random,2,32,43,44,3698,0.23606651857615368,False,True,True,3660,0.720778663954718,0.558442672090564,0.5922163946189348,null,null,null,null,null,null,null,null,null,null,null,null,null
ackley,optimized_ard_gpc,random,random,2,33,44,45,3776,1.3434714625734614,False,False,False,3737,0.1407670867380375,0.281534173476075,0.4063535300357637,null,null,null,null,null,null,null,null,null,null,null,null,null
ackley,optimized_ard_gpc,random,random,2,34,45,46,298,0.4523625353252143,False,False,True,291,0.23796532930850844,0.4759306586170169,0.5487232344534088,null,null,null,null,null,null,null,null,null,null,null,null,null
ackley,optimized_ard_gpc,random,random,2,35,46,47,2712,2.686792547740536,False,False,False,2681,0.7242882993908211,0.5514234012183579,0.588857430736391,null,null,null,null,null,null,null,null,null,null,null,null,null
ackley,optimized_ard_gpc,random,random,2,36,47,48,3779,0.5390532848969798,False,False,True,3737,0.4111869992472066,0.8223739984944132,0.6772876619252202,null,null,null,null,null,null,null,null,null,null,null,null,null
ackley,optimized_ard_gpc,random,random,2,37,48,49,1135,3.3988476835117307,False,False,False,1121,0.15315662078353398,0.30631324156706796,0.42814571333744417,null,null,null,null,null,null,null,null,null,null,null,null,null
ackley,optimized_ard_gpc,random,random,2,38,49,50,2157,0.5511676890056165,False,False,True,2127,0.31009883024819374,0.6201976604963875,0.6191797175841987,null,null,null,null,null,null,null,null,null,null,null,null,null
ackley,optimized_ard_gpc,random,random,2,39,50,51,2507,0.09440219450964271,True,True,True,2476,0.3993774883920196,0.7987549767840392,0.6727584527981743,null,null,null,null,null,null,null,null,null,null,null,null,null
ackley,optimized_ard_gpc,random,random,2,40,51,52,1521,1.813839764393304,False,False,False,1501,0.7838171700853991,0.43236565982920183,0.5220340639327276,null,null,null,null,null,null,null,null,null,null,null,null,null
ackley,optimized_ard_gpc,random,random,2,41,52,53,1461,1.751523864696356,False,False,False,1441,0.8369377768515278,0.32612444629694437,0.4447130367304044,null,null,null,null,null,null,null,null,null,null,null,null,null
ackley,optimized_ard_gpc,random,random,2,42,53,54,138,2.5879964610562407,False,False,False,133,0.7764366723636158,0.4471266552727684,0.5313810907205436,null,null,null,null,null,null,null,null,null,null,null,null,null
ackley,optimized_ard_gpc,random,random,2,43,54,55,2856,0.09382551642843495,True,True,True,2817,0.8221277584516429,0.35574448309671425,0.4681516815886427,null,null,null,null,null,null,null,null,null,null,null,null,null
ackley,optimized_ard_gpc,random,random,2,44,55,56,665,1.7086154761083705,False,False,False,653,0.34027216456252063,0.6805443291250413,0.6412158380349839,null,null,null,null,null,null,null,null,null,null,null,null,null
ackley,optimized_ard_gpc,random,random,2,45,56,57,3895,1.0963418676911125,False,False,False,3842,0.12865944790621597,0.25731889581243195,0.3838304040393332,null,null,null,null,null,null,null,null,null,null,null,null,null
ackley,optimized_ard_gpc,random,random,2,46,57,58,3738,3.0603459748279835,False,False,False,3689,0.137455053713893,0.274910107427786,0.40031663505563186,null,null,null,null,null,null,null,null,null,null,null,null,null
ackley,optimized_ard_gpc,random,random,2,47,58,59,205,3.4973095518647668,False,False,False,199,0.09533336628487632,0.19066673256975264,0.31470663155537365,null,null,null,null,null,null,null,null,null,null,null,null,null
ackley,optimized_ard_gpc,random,random,2,48,59,60,3867,1.8725543805547442,False,False,False,3813,0.745915078844746,0.5081698423105081,0.5667785516959144,null,null,null,null,null,null,null,null,null,null,null,null,null
ackley,optimized_ard_gpc,random,random,2,49,60,61,596,1.1309171543241145,False,False,False,584,0.7055346359084069,0.5889307281831861,0.6061016236461421,null,null,null,null,null,null,null,null,null,null,null,null,null
ackley,optimized_ard_gpc,random,random,2,50,61,62,3228,0.18225899571603144,True,True,True,3181,0.6999486422407131,0.6001027155185739,0.61090781109461,null,null,null,null,null,null,null,null,null,null,null,null,null
ackley,optimized_ard_gpc,random,random,2,51,62,63,1551,2.2162444664976864,False,False,False,1525,0.5366496931126505,0.9267006137746989,0.6904583697829563,null,null,null,null,null,null,null,null,null,null,null,null,null
ackley,optimized_ard_gpc,random,random,2,52,63,64,3676,1.8972920973708707,False,False,False,3624,0.7543840012133387,0.4912319975733226,0.5574673733144514,null,null,null,null,null,null,null,null,null,null,null,null,null
ackley,optimized_ard_gpc,random,random,2,53,64,65,3530,1.0420466077421047,False,False,False,3480,0.27560536636735833,0.5512107327347167,0.588754701222914,null,null,null,null,null,null,null,null,null,null,null,null,null
ackley,optimized_ard_gpc,random,random,2,54,65,66,3341,0.7440644374951546,False,False,False,3292,0.21279881400812428,0.42559762801624856,0.517641358192805,null,null,null,null,null,null,null,null,null,null,null,null,null
ackley,optimized_ard_gpc,random,random,2,55,66,67,1367,1.050282015766582,False,False,False,1345,0.14373038454914422,0.28746076909828844,0.41167784887926273,null,null,null,null,null,null,null,null,null,null,null,null,null
ackley,optimized_ard_gpc,random,random,2,56,67,68,2625,0.27512665328906927,False,True,True,2585,0.43391659443150843,0.8678331888630169,0.6843875404489634,null,null,null,null,null,null,null,null,null,null,null,null,null
ackley,optimized_ard_gpc,random,random,2,57,68,69,2740,0.18821427462180296,True,True,True,2696,0.14240472863320974,0.2848094572664195,0.4093048643111625,null,null,null,null,null,null,null,null,null,null,null,null,null
ackley,optimized_ard_gpc,random,random,2,58,69,70,2987,0.210804494865517,False,True,True,2938,0.16869995670015214,0.3373999134003043,0.4538188276787034,null,null,null,null,null,null,null,null,null,null,null,null,null
ackley,optimized_ard_gpc,random,random,2,59,70,71,3005,2.800488433034314,False,False,False,2955,0.26668479292078473,0.5333695858415695,0.5799335071132331,null,null,null,null,null,null,null,null,null,null,null,null,null
ackley,optimized_ard_gpc,random,random,2,60,71,72,1230,0.4023590046135066,False,True,True,1210,0.4621138916710237,0.9242277833420474,0.6902737128227536,null,null,null,null,null,null,null,null,null,null,null,null,null
ackley,optimized_ard_gpc,random,random,2,61,72,73,906,1.9255076621858507,False,False,False,889,0.45125536758409623,0.9025107351681925,0.688387546001649,null,null,null,null,null,null,null,null,null,null,null,null,null
ackley,optimized_ard_gpc,random,random,2,62,73,74,2860,0.08764876938754185,True,True,True,2811,0.6354406141292657,0.7291187717414687,0.65599647151855,null,null,null,null,null,null,null,null,null,null,null,null,null
ackley,optimized_ard_gpc,random,random,2,63,74,75,971,2.208830513946337,False,False,False,953,0.15439780751501075,0.3087956150300215,0.4302622847388714,null,null,null,null,null,null,null,null,null,null,null,null,null
ackley,optimized_ard_gpc,random,random,2,64,75,76,3648,0.6582168225041087,False,False,False,3585,0.7911392932932131,0.4177214134135738,0.5124432748061901,null,null,null,null,null,null,null,null,null,null,null,null,null
ackley,optimized_ard_gpc,random,random,2,65,76,77,2391,1.3766568804606631,False,False,False,2349,0.5270211059576511,0.9459577880846979,0.6916861885876951,null,null,null,null,null,null,null,null,null,null,null,null,null
ackley,optimized_ard_gpc,random,random,2,66,77,78,3313,2.2875532354606474,False,False,False,3254,0.6992329488020914,0.6015341023958172,0.6115128226996916,null,null,null,null,null,null,null,null,null,null,null,null,null
ackley,optimized_ard_gpc,random,random,2,67,78,79,2069,2.1545082300466785,False,False,False,2031,0.6854894030631726,0.6290211938736547,0.6226622474655592,null,null,null,null,null,null,null,null,null,null,null,null,null
ackley,optimized_ard_gpc,random,random,2,68,79,80,2680,2.295690265337223,False,False,False,2633,0.6778457816758419,0.6443084366483163,0.628482595935504,null,null,null,null,null,null,null,null,null,null,null,null,null
ackley,optimized_ard_gpc,classifier_margin,classifier_margin,2,1,12,13,3196,0.1690526427673067,True,True,True,3186,0.5000664623891399,0.9998670752217202,0.6931471717254469,null,null,null,null,null,null,null,null,null,null,null,null,null
ackley,optimized_ard_gpc,classifier_margin,classifier_margin,2,2,13,14,1101,0.7976381333688263,False,False,False,1097,0.5000283748972236,0.9999432502055527,0.6931471789496757,null,null,null,null,null,null,null,null,null,null,null,null,null
ackley,optimized_ard_gpc,classifier_margin,classifier_margin,2,3,14,15,1924,0.5865501601814778,False,False,True,1917,0.5000335477204985,0.9999329045590031,0.6931471783090462,null,null,null,null,null,null,null,null,null,null,null,null,null
ackley,optimized_ard_gpc,classifier_margin,classifier_margin,2,4,15,16,3687,0.7121996060331828,False,False,False,3674,0.5000941858983746,0.9998116282032508,0.6931471628179784,null,null,null,null,null,null,null,null,null,null,null,null,null
ackley,optimized_ard_gpc,classifier_margin,classifier_margin,2,5,16,17,2895,1.8596363462345007,False,False,False,2884,0.4998797967764256,0.9997595935528512,0.6931471516623151,null,null,null,null,null,null,null,null,null,null,null,null,null
ackley,optimized_ard_gpc,classifier_margin,classifier_margin,2,6,17,18,2709,0.2657873333335825,False,True,True,2698,0.49969231323922236,0.9993846264784447,0.6931469912176478,null,null,null,null,null,null,null,null,null,null,null,null,null
ackley,optimized_ard_gpc,classifier_margin,classifier_margin,2,7,18,19,3689,1.8076859870558284,False,False,False,3673,0.500565269369319,0.998869461261362,0.6931465415008894,null,null,null,null,null,null,null,null,null,null,null,null,null
ackley,optimized_ard_gpc,classifier_margin,classifier_margin,2,8,19,20,2035,1.9674837413261326,False,False,False,2027,0.5001982350927772,0.9996035298144457,0.6931471019656392,null,null,null,null,null,null,null,null,null,null,null,null,null
ackley,optimized_ard_gpc,classifier_margin,classifier_margin,2,9,20,21,3201,0.7732179751703381,False,False,False,3185,0.49970386960786783,0.9994077392157357,0.6931470051735168,null,null,null,null,null,null,null,null,null,null,null,null,null
ackley,optimized_ard_gpc,classifier_margin,classifier_margin,2,10,21,22,2876,1.7085622664691495,False,False,False,2863,0.5000738546704053,0.9998522906591893,0.6931471696509206,null,null,null,null,null,null,null,null,null,null,null,null,null
ackley,optimized_ard_gpc,classifier_margin,classifier_margin,2,11,22,23,3506,2.034711415510559,False,False,False,3488,0.4999625967715669,0.9999251935431338,0.6931471777619423,null,null,null,null,null,null,null,null,null,null,null,null,null
ackley,optimized_ard_gpc,classifier_margin,classifier_margin,2,12,23,24,3463,0.49317166918987176,False,False,True,3445,0.500083978576704,0.9998320428465921,0.6931471664551425,null,null,null,null,null,null,null,null,null,null,null,null,null
ackley,optimized_ard_gpc,classifier_margin,classifier_margin,2,13,24,25,1893,1.820472777446641,False,False,False,1886,0.4998453012481461,0.9996906024962922,0.6931471326965369,null,null,null,null,null,null,null,null,null,null,null,null,null
ackley,optimized_ard_gpc,classifier_margin,classifier_margin,2,14,25,26,1867,0.7699360817534817,False,False,False,1860,0.4998752693396832,0.9997505386793664,0.6931471494444696,null,null,null,null,null,null,null,null,null,null,null,null,null
ackley,optimized_ard_gpc,classifier_margin,classifier_margin,2,15,26,27,2549,2.181691568705995,False,False,False,2536,0.500251927141474,0.9994961457170519,0.6931470536253708,null,null,null,null,null,null,null,null,null,null,null,null,null
ackley,optimized_ard_gpc,classifier_margin,classifier_margin,2,16,27,28,1630,1.6429153357908337,False,False,False,1624,0.4997711428385089,0.9995422856770177,0.6931470758087409,null,null,null,null,null,null,null,null,null,null,null,null,null
ackley,optimized_ard_gpc,classifier_margin,classifier_margin,2,17,28,29,901,0.8988993900401443,False,False,False,897,0.5002632862566385,0.999473427486723,0.6931470419206329,null,null,null,null,null,null,null,null,null,null,null,null,null
ackley,optimized_ard_gpc,classifier_margin,classifier_margin,2,18,29,30,3673,0.808571819384019,False,False,False,3648,0.4998374948874113,0.9996749897748226,0.6931471277441212,null,null,null,null,null,null,null,null,null,null,null,null,null
ackley,optimized_ard_gpc,classifier_margin,classifier_margin,2,19,30,31,2718,2.2912638019154787,False,False,False,2700,0.5006526055865161,0.9986947888269677,0.6931463287716004,null,null,null,null,null,null,null,null,null,null,null,null,null
ackley,optimized_ard_gpc,classifier_margin,classifier_margin,2,20,31,32,3086,0.5912131703126189,False,False,True,3065,0.4998955068251034,0.9997910136502068,0.693147158722298,null,null,null,null,null,null,null,null,null,null,null,null,null
ackley,optimized_ard_gpc,classifier_margin,classifier_margin,2,21,32,33,1758,1.2844068956310366,False,False,False,1749,0.5000061141438574,0.9999877717122851,0.6931471804851799,null,null,null,null,null,null,null,null,null,null,null,null,null
ackley,optimized_ard_gpc,classifier_margin,classifier_margin,2,22,33,34,3999,0.01412020487359733,True,True,True,3966,0.4996624278899341,0.9993248557798682,0.693146952650069,null,null,null,null,null,null,null,null,null,null,null,null,null
ackley,optimized_ard_gpc,classifier_margin,classifier_margin,2,23,34,35,1863,1.3576814078434332,False,False,False,1853,0.4999503176401012,0.9999006352802025,0.6931471756232714,null,null,null,null,null,null,null,null,null,null,null,null,null
ackley,optimized_ard_gpc,classifier_margin,classifier_margin,2,24,35,36,2447,1.6939479336749539,False,False,False,2430,0.5001320174193324,0.9997359651613351,0.6931471457027469,null,null,null,null,null,null,null,null,null,null,null,null,null
ackley,optimized_ard_gpc,classifier_margin,classifier_margin,2,25,36,37,3188,2.075978250598615,False,False,False,3162,0.4995818768115571,0.9991637536231142,0.6931468309059031,null,null,null,null,null,null,null,null,null,null,null,null,null
ackley,optimized_ard_gpc,classifier_margin,classifier_margin,2,26,37,38,750,1.3848247954868054,False,False,False,746,0.4999390002077302,0.9998780004154604,0.693147173117996,null,null,null,null,null,null,null,null,null,null,null,null,null
ackley,optimized_ard_gpc,classifier_margin,classifier_margin,2,27,38,39,1482,0.8427288400592943,False,False,False,1474,0.5002446531068991,0.9995106937862017,0.693147060849655,null,null,null,null,null,null,null,null,null,null,null,null,null
ackley,optimized_ard_gpc,classifier_margin,classifier_margin,2,28,39,40,653,0.7807222638583049,False,False,False,649,0.4999265247327156,0.9998530494654312,0.6931471697627154,null,null,null,null,null,null,null,null,null,null,null,null,null
ackley,optimized_ard_gpc,classifier_margin,classifier_margin,2,29,40,41,2529,0.018391277903678116,True,True,True,2508,0.49993669448494615,0.9998733889698923,0.6931471725447689,null,null,null,null,null,null,null,null,null,null,null,null,null
ackley,optimized_ard_gpc,classifier_margin,classifier_margin,2,30,41,42,374,0.6764627813217619,False,False,False,372,0.4999774589260732,0.9999549178521464,0.6931471795437453,null,null,null,null,null,null,null,null,null,null,null,null,null
ackley,optimized_ard_gpc,classifier_margin,classifier_margin,2,31,42,43,2852,0.9445837686628025,False,False,False,2825,0.5001332012177939,0.9997335975644122,0.6931471450748161,null,null,null,null,null,null,null,null,null,null,null,null,null
ackley,optimized_ard_gpc,classifier_margin,classifier_margin,2,32,43,44,2539,3.6237785854089406,False,False,False,2516,0.5000285592859146,0.9999428814281708,0.6931471789286796,null,null,null,null,null,null,null,null,null,null,null,null,null
ackley,optimized_ard_gpc,classifier_margin,classifier_margin,2,33,44,45,1036,0.5457232450428755,False,False,True,1028,0.5000383567014826,0.9999232865970349,0.6931471776174721,null,null,null,null,null,null,null,null,null,null,null,null,null
ackley,optimized_ard_gpc,classifier_margin,classifier_margin,2,34,45,46,752,0.09223953205176194,True,True,True,745,0.5002177476560288,0.9995645046879424,0.6931470857318589,null,null,null,null,null,null,null,null,null,null,null,null,null
ackley,optimized_ard_gpc,classifier_margin,classifier_margin,2,35,46,47,3151,2.385661227001746,False,False,False,3117,0.5003035850021375,0.9993928299957251,0.693146996232227,null,null,null,null,null,null,null,null,null,null,null,null,null
ackley,optimized_ard_gpc,classifier_margin,classifier_margin,2,36,47,48,135,1.1412288830742536,False,False,False,134,0.50003893201335,0.9999221359732999,0.693147177528542,null,null,null,null,null,null,null,null,null,null,null,null,null
ackley,optimized_ard_gpc,classifier_margin,classifier_margin,2,37,48,49,1397,1.1347850863558602,False,False,False,1384,0.49991048457842496,0.9998209691568499,0.6931471645339238,null,null,null,null,null,null,null,null,null,null,null,null,null
ackley,optimized_ard_gpc,classifier_margin,classifier_margin,2,38,49,50,2016,3.276136404562026,False,False,False,1994,0.49937588510293374,0.9987517702058675,0.6931464015209335,null,null,null,null,null,null,null,null,null,null,null,null,null
ackley,optimized_ard_gpc,classifier_margin,classifier_margin,2,39,50,51,1729,2.6507558281229375,False,False,False,1712,0.5001402416667515,0.9997195166664969,0.6931471412244945,null,null,null,null,null,null,null,null,null,null,null,null,null
ackley,optimized_ard_gpc,classifier_margin,classifier_margin,2,40,51,52,656,1.25996039150799,False,False,False,649,0.49973009767275534,0.9994601953455107,0.6931470348654057,null,null,null,null,null,null,null,null,null,null,null,null,null
ackley,optimized_ard_gpc,classifier_margin,classifier_margin,2,41,52,53,1939,1.7359292827553237,False,False,False,1915,0.49986351568969123,0.9997270313793825,0.693147143304011,null,null,null,null,null,null,null,null,null,null,null,null,null
ackley,optimized_ard_gpc,classifier_margin,classifier_margin,2,42,53,54,965,0.26939736776916945,False,True,True,954,0.4999794685073212,0.9999589370146424,0.6931471797168609,null,null,null,null,null,null,null,null,null,null,null,null,null
ackley,optimized_ard_gpc,classifier_margin,classifier_margin,2,43,54,55,3994,1.4436464425387978,False,False,False,3941,0.49998565279514384,0.9999713055902877,0.6931471801482607,null,null,null,null,null,null,null,null,null,null,null,null,null
ackley,optimized_ard_gpc,classifier_margin,classifier_margin,2,44,55,56,1901,0.4779926238332042,False,False,True,1877,0.49991702282302736,0.9998340456460547,0.6931471667895215,null,null,null,null,null,null,null,null,null,null,null,null,null
ackley,optimized_ard_gpc,classifier_margin,classifier_margin,2,45,56,57,431,0.2029577874165014,True,True,True,426,0.5000088040929882,0.9999823918140236,0.6931471804049212,null,null,null,null,null,null,null,null,null,null,null,null,null
ackley,optimized_ard_gpc,classifier_margin,classifier_margin,2,46,57,58,1762,0.490633884400939,False,False,True,1740,0.499939836625515,0.99987967325103,0.693147173320682,null,null,null,null,null,null,null,null,null,null,null,null,null
ackley,optimized_ard_gpc,classifier_margin,classifier_margin,2,47,58,59,2541,0.44155681344074615,False,False,True,2505,0.5001667283368771,0.9996665433262457,0.6931471249632677,null,null,null,null,null,null,null,null,null,null,null,null,null
ackley,optimized_ard_gpc,classifier_margin,classifier_margin,2,48,59,60,2944,0.5130251348860035,False,False,True,2900,0.4998455202966133,0.9996910405932266,0.6931471328319869,null,null,null,null,null,null,null,null,null,null,null,null,null
ackley,optimized_ard_gpc,classifier_margin,classifier_margin,2,49,60,61,3139,2.8002494445998707,False,False,False,3093,0.5000695893175068,0.9998608213649864,0.6931471708745991,null,null,null,null,null,null,null,null,null,null,null,null,null
ackley,optimized_ard_gpc,classifier_margin,classifier_margin,2,50,61,62,675,0.4612461443858038,False,False,True,666,0.5000337024725349,0.9999325950549303,0.693147178288232,null,null,null,null,null,null,null,null,null,null,null,null,null
ackley,optimized_ard_gpc,classifier_margin,classifier_margin,2,51,62,63,2779,1.2400037153021923,False,False,False,2737,0.5000774813705086,0.9998450372589829,0.6931471685532197,null,null,null,null,null,null,null,null,null,null,null,null,null
ackley,optimized_ard_gpc,classifier_margin,classifier_margin,2,52,63,64,850,1.4310607404466023,False,False,False,838,0.5001263042800951,0.9997473914398098,0.6931471486544026,null,null,null,null,null,null,null,null,null,null,null,null,null
ackley,optimized_ard_gpc,classifier_margin,classifier_margin,2,53,64,65,2499,1.097832836158565,False,False,False,2463,0.5000897932307621,0.9998204135384758,0.6931471644342966,null,null,null,null,null,null,null,null,null,null,null,null,null
ackley,optimized_ard_gpc,classifier_margin,classifier_margin,2,54,65,66,957,0.22837125855617302,False,True,True,943,0.49980863027924505,0.9996172605584901,0.6931471073152036,null,null,null,null,null,null,null,null,null,null,null,null,null
ackley,optimized_ard_gpc,classifier_margin,classifier_margin,2,55,66,67,2610,0.9353305176000948,False,False,False,2568,0.4999558953368986,0.9999117906737972,0.6931471766695027,null,null,null,null,null,null,null,null,null,null,null,null,null
ackley,optimized_ard_gpc,classifier_margin,classifier_margin,2,56,67,68,773,0.2559683375466246,False,True,True,761,0.4999559706005872,0.9999119412011744,0.6931471766827693,null,null,null,null,null,null,null,null,null,null,null,null,null
ackley,optimized_ard_gpc,classifier_margin,classifier_margin,2,57,68,69,2238,1.3020580102142603,False,False,False,2201,0.49961886571405345,0.9992377314281069,0.6931468900332293,null,null,null,null,null,null,null,null,null,null,null,null,null
ackley,optimized_ard_gpc,classifier_margin,classifier_margin,2,58,69,70,890,0.5831868450925359,False,False,True,876,0.5000803495631757,0.9998393008736486,0.6931471676478407,null,null,null,null,null,null,null,null,null,null,null,null,null
ackley,optimized_ard_gpc,classifier_margin,classifier_margin,2,59,70,71,2441,0.25272519119183734,False,True,True,2402,0.4997430336640137,0.9994860673280274,0.6931470484965438,null,null,null,null,null,null,null,null,null,null,null,null,null
ackley,optimized_ard_gpc,classifier_margin,classifier_margin,2,60,71,72,3791,1.0232310547548469,False,False,False,3724,0.4999360919670184,0.9998721839340368,0.6931471723914719,null,null,null,null,null,null,null,null,null,null,null,null,null
ackley,optimized_ard_gpc,classifier_margin,classifier_margin,2,61,72,73,1997,0.15583783712432364,True,True,True,1963,0.4999816828428072,0.9999633656856144,0.6931471798889088,null,null,null,null,null,null,null,null,null,null,null,null,null
ackley,optimized_ard_gpc,classifier_margin,classifier_margin,2,62,73,74,2269,0.818877443260412,False,False,False,2229,0.5000402869352665,0.999919426129467,0.693147177313871,null,null,null,null,null,null,null,null,null,null,null,null,null
ackley,optimized_ard_gpc,classifier_margin,classifier_margin,2,63,74,75,1186,1.0076395178971982,False,False,False,1165,0.49998806380205935,0.9999761276041187,0.6931471802749997,null,null,null,null,null,null,null,null,null,null,null,null,null
ackley,optimized_ard_gpc,classifier_margin,classifier_margin,2,64,75,76,305,0.1440187619189004,True,True,True,302,0.4998616522224003,0.9997233044448006,0.6931471422797297,null,null,null,null,null,null,null,null,null,null,null,null,null
ackley,optimized_ard_gpc,classifier_margin,classifier_margin,2,65,76,77,1704,1.952106000547996,False,False,False,1677,0.5002844385763937,0.9994311228472126,0.6931470187493292,null,null,null,null,null,null,null,null,null,null,null,null,null
ackley,optimized_ard_gpc,classifier_margin,classifier_margin,2,66,77,78,805,0.6890686511284585,False,False,False,791,0.5000619220159026,0.9998761559681948,0.6931471728912733,null,null,null,null,null,null,null,null,null,null,null,null,null
ackley,optimized_ard_gpc,classifier_margin,classifier_margin,2,67,78,79,287,1.5469712109738136,False,False,False,284,0.4999871164847995,0.999974232969599,0.6931471802279754,null,null,null,null,null,null,null,null,null,null,null,null,null
ackley,optimized_ard_gpc,classifier_margin,classifier_margin,2,68,79,80,2283,0.1560795668852979,True,True,True,2237,0.5005923228255633,0.9988153543488734,0.6931464788671218,null,null,null,null,null,null,null,null,null,null,null,null,null
ackley,optimized_ard_gpc,classifier_entropy,classifier_entropy,2,1,12,13,3196,0.1690526427673067,True,True,True,3186,0.5000664623891399,0.9998670752217202,0.6931471717254469,Binary entropy is monotone-equivalent to classifier margin.,null,null,null,null,null,null,null,null,null,null,null,null
ackley,optimized_ard_gpc,classifier_entropy,classifier_entropy,2,2,13,14,1101,0.7976381333688263,False,False,False,1097,0.5000283748972236,0.9999432502055527,0.6931471789496757,Binary entropy is monotone-equivalent to classifier margin.,null,null,null,null,null,null,null,null,null,null,null,null
ackley,optimized_ard_gpc,classifier_entropy,classifier_entropy,2,3,14,15,1924,0.5865501601814778,False,False,True,1917,0.5000335477204985,0.9999329045590031,0.6931471783090462,Binary entropy is monotone-equivalent to classifier margin.,null,null,null,null,null,null,null,null,null,null,null,null
ackley,optimized_ard_gpc,classifier_entropy,classifier_entropy,2,4,15,16,3687,0.7121996060331828,False,False,False,3674,0.5000941858983746,0.9998116282032508,0.6931471628179784,Binary entropy is monotone-equivalent to classifier margin.,null,null,null,null,null,null,null,null,null,null,null,null
ackley,optimized_ard_gpc,classifier_entropy,classifier_entropy,2,5,16,17,2895,1.8596363462345007,False,False,False,2884,0.4998797967764256,0.9997595935528512,0.6931471516623151,Binary entropy is monotone-equivalent to classifier margin.,null,null,null,null,null,null,null,null,null,null,null,null
ackley,optimized_ard_gpc,classifier_entropy,classifier_entropy,2,6,17,18,2709,0.2657873333335825,False,True,True,2698,0.49969231323922236,0.9993846264784447,0.6931469912176478,Binary entropy is monotone-equivalent to classifier margin.,null,null,null,null,null,null,null,null,null,null,null,null
ackley,optimized_ard_gpc,classifier_entropy,classifier_entropy,2,7,18,19,3689,1.8076859870558284,False,False,False,3673,0.500565269369319,0.998869461261362,0.6931465415008894,Binary entropy is monotone-equivalent to classifier margin.,null,null,null,null,null,null,null,null,null,null,null,null
ackley,optimized_ard_gpc,classifier_entropy,classifier_entropy,2,8,19,20,2035,1.9674837413261326,False,False,False,2027,0.5001982350927772,0.9996035298144457,0.6931471019656392,Binary entropy is monotone-equivalent to classifier margin.,null,null,null,null,null,null,null,null,null,null,null,null
ackley,optimized_ard_gpc,classifier_entropy,classifier_entropy,2,9,20,21,3201,0.7732179751703381,False,False,False,3185,0.49970386960786783,0.9994077392157357,0.6931470051735168,Binary entropy is monotone-equivalent to classifier margin.,null,null,null,null,null,null,null,null,null,null,null,null
ackley,optimized_ard_gpc,classifier_entropy,classifier_entropy,2,10,21,22,2876,1.7085622664691495,False,False,False,2863,0.5000738546704053,0.9998522906591893,0.6931471696509206,Binary entropy is monotone-equivalent to classifier margin.,null,null,null,null,null,null,null,null,null,null,null,null
ackley,optimized_ard_gpc,classifier_entropy,classifier_entropy,2,11,22,23,3506,2.034711415510559,False,False,False,3488,0.4999625967715669,0.9999251935431338,0.6931471777619423,Binary entropy is monotone-equivalent to classifier margin.,null,null,null,null,null,null,null,null,null,null,null,null
ackley,optimized_ard_gpc,classifier_entropy,classifier_entropy,2,12,23,24,3463,0.49317166918987176,False,False,True,3445,0.500083978576704,0.9998320428465921,0.6931471664551425,Binary entropy is monotone-equivalent to classifier margin.,null,null,null,null,null,null,null,null,null,null,null,null
ackley,optimized_ard_gpc,classifier_entropy,classifier_entropy,2,13,24,25,1893,1.820472777446641,False,False,False,1886,0.4998453012481461,0.9996906024962922,0.6931471326965369,Binary entropy is monotone-equivalent to classifier margin.,null,null,null,null,null,null,null,null,null,null,null,null
ackley,optimized_ard_gpc,classifier_entropy,classifier_entropy,2,14,25,26,1867,0.7699360817534817,False,False,False,1860,0.4998752693396832,0.9997505386793664,0.6931471494444696,Binary entropy is monotone-equivalent to classifier margin.,null,null,null,null,null,null,null,null,null,null,null,null
ackley,optimized_ard_gpc,classifier_entropy,classifier_entropy,2,15,26,27,2549,2.181691568705995,False,False,False,2536,0.500251927141474,0.9994961457170519,0.6931470536253708,Binary entropy is monotone-equivalent to classifier margin.,null,null,null,null,null,null,null,null,null,null,null,null
ackley,optimized_ard_gpc,classifier_entropy,classifier_entropy,2,16,27,28,1630,1.6429153357908337,False,False,False,1624,0.4997711428385089,0.9995422856770177,0.6931470758087409,Binary entropy is monotone-equivalent to classifier margin.,null,null,null,null,null,null,null,null,null,null,null,null
ackley,optimized_ard_gpc,classifier_entropy,classifier_entropy,2,17,28,29,901,0.8988993900401443,False,False,False,897,0.5002632862566385,0.999473427486723,0.6931470419206329,Binary entropy is monotone-equivalent to classifier margin.,null,null,null,null,null,null,null,null,null,null,null,null
ackley,optimized_ard_gpc,classifier_entropy,classifier_entropy,2,18,29,30,3673,0.808571819384019,False,False,False,3648,0.4998374948874113,0.9996749897748226,0.6931471277441212,Binary entropy is monotone-equivalent to classifier margin.,null,null,null,null,null,null,null,null,null,null,null,null
ackley,optimized_ard_gpc,classifier_entropy,classifier_entropy,2,19,30,31,2718,2.2912638019154787,False,False,False,2700,0.5006526055865161,0.9986947888269677,0.6931463287716004,Binary entropy is monotone-equivalent to classifier margin.,null,null,null,null,null,null,null,null,null,null,null,null
ackley,optimized_ard_gpc,classifier_entropy,classifier_entropy,2,20,31,32,3086,0.5912131703126189,False,False,True,3065,0.4998955068251034,0.9997910136502068,0.693147158722298,Binary entropy is monotone-equivalent to classifier margin.,null,null,null,null,null,null,null,null,null,null,null,null
ackley,optimized_ard_gpc,classifier_entropy,classifier_entropy,2,21,32,33,1758,1.2844068956310366,False,False,False,1749,0.5000061141438574,0.9999877717122851,0.6931471804851799,Binary entropy is monotone-equivalent to classifier margin.,null,null,null,null,null,null,null,null,null,null,null,null
ackley,optimized_ard_gpc,classifier_entropy,classifier_entropy,2,22,33,34,3999,0.01412020487359733,True,True,True,3966,0.4996624278899341,0.9993248557798682,0.693146952650069,Binary entropy is monotone-equivalent to classifier margin.,null,null,null,null,null,null,null,null,null,null,null,null
ackley,optimized_ard_gpc,classifier_entropy,classifier_entropy,2,23,34,35,1863,1.3576814078434332,False,False,False,1853,0.4999503176401012,0.9999006352802025,0.6931471756232714,Binary entropy is monotone-equivalent to classifier margin.,null,null,null,null,null,null,null,null,null,null,null,null
ackley,optimized_ard_gpc,classifier_entropy,classifier_entropy,2,24,35,36,2447,1.6939479336749539,False,False,False,2430,0.5001320174193324,0.9997359651613351,0.6931471457027469,Binary entropy is monotone-equivalent to classifier margin.,null,null,null,null,null,null,null,null,null,null,null,null
ackley,optimized_ard_gpc,classifier_entropy,classifier_entropy,2,25,36,37,3188,2.075978250598615,False,False,False,3162,0.4995818768115571,0.9991637536231142,0.6931468309059031,Binary entropy is monotone-equivalent to classifier margin.,null,null,null,null,null,null,null,null,null,null,null,null
ackley,optimized_ard_gpc,classifier_entropy,classifier_entropy,2,26,37,38,750,1.3848247954868054,False,False,False,746,0.4999390002077302,0.9998780004154604,0.693147173117996,Binary entropy is monotone-equivalent to classifier margin.,null,null,null,null,null,null,null,null,null,null,null,null
ackley,optimized_ard_gpc,classifier_entropy,classifier_entropy,2,27,38,39,1482,0.8427288400592943,False,False,False,1474,0.5002446531068991,0.9995106937862017,0.693147060849655,Binary entropy is monotone-equivalent to classifier margin.,null,null,null,null,null,null,null,null,null,null,null,null
ackley,optimized_ard_gpc,classifier_entropy,classifier_entropy,2,28,39,40,653,0.7807222638583049,False,False,False,649,0.4999265247327156,0.9998530494654312,0.6931471697627154,Binary entropy is monotone-equivalent to classifier margin.,null,null,null,null,null,null,null,null,null,null,null,null
ackley,optimized_ard_gpc,classifier_entropy,classifier_entropy,2,29,40,41,2529,0.018391277903678116,True,True,True,2508,0.49993669448494615,0.9998733889698923,0.6931471725447689,Binary entropy is monotone-equivalent to classifier margin.,null,null,null,null,null,null,null,null,null,null,null,null
ackley,optimized_ard_gpc,classifier_entropy,classifier_entropy,2,30,41,42,374,0.6764627813217619,False,False,False,372,0.4999774589260732,0.9999549178521464,0.6931471795437453,Binary entropy is monotone-equivalent to classifier margin.,null,null,null,null,null,null,null,null,null,null,null,null
ackley,optimized_ard_gpc,classifier_entropy,classifier_entropy,2,31,42,43,2852,0.9445837686628025,False,False,False,2825,0.5001332012177939,0.9997335975644122,0.6931471450748161,Binary entropy is monotone-equivalent to classifier margin.,null,null,null,null,null,null,null,null,null,null,null,null
ackley,optimized_ard_gpc,classifier_entropy,classifier_entropy,2,32,43,44,2539,3.6237785854089406,False,False,False,2516,0.5000285592859146,0.9999428814281708,0.6931471789286796,Binary entropy is monotone-equivalent to classifier margin.,null,null,null,null,null,null,null,null,null,null,null,null
ackley,optimized_ard_gpc,classifier_entropy,classifier_entropy,2,33,44,45,1036,0.5457232450428755,False,False,True,1028,0.5000383567014826,0.9999232865970349,0.6931471776174721,Binary entropy is monotone-equivalent to classifier margin.,null,null,null,null,null,null,null,null,null,null,null,null
ackley,optimized_ard_gpc,classifier_entropy,classifier_entropy,2,34,45,46,752,0.09223953205176194,True,True,True,745,0.5002177476560288,0.9995645046879424,0.6931470857318589,Binary entropy is monotone-equivalent to classifier margin.,null,null,null,null,null,null,null,null,null,null,null,null
ackley,optimized_ard_gpc,classifier_entropy,classifier_entropy,2,35,46,47,3151,2.385661227001746,False,False,False,3117,0.5003035850021375,0.9993928299957251,0.693146996232227,Binary entropy is monotone-equivalent to classifier margin.,null,null,null,null,null,null,null,null,null,null,null,null
ackley,optimized_ard_gpc,classifier_entropy,classifier_entropy,2,36,47,48,135,1.1412288830742536,False,False,False,134,0.50003893201335,0.9999221359732999,0.693147177528542,Binary entropy is monotone-equivalent to classifier margin.,null,null,null,null,null,null,null,null,null,null,null,null
ackley,optimized_ard_gpc,classifier_entropy,classifier_entropy,2,37,48,49,1397,1.1347850863558602,False,False,False,1384,0.49991048457842496,0.9998209691568499,0.6931471645339238,Binary entropy is monotone-equivalent to classifier margin.,null,null,null,null,null,null,null,null,null,null,null,null
ackley,optimized_ard_gpc,classifier_entropy,classifier_entropy,2,38,49,50,2016,3.276136404562026,False,False,False,1994,0.49937588510293374,0.9987517702058675,0.6931464015209335,Binary entropy is monotone-equivalent to classifier margin.,null,null,null,null,null,null,null,null,null,null,null,null
ackley,optimized_ard_gpc,classifier_entropy,classifier_entropy,2,39,50,51,1729,2.6507558281229375,False,False,False,1712,0.5001402416667515,0.9997195166664969,0.6931471412244945,Binary entropy is monotone-equivalent to classifier margin.,null,null,null,null,null,null,null,null,null,null,null,null
ackley,optimized_ard_gpc,classifier_entropy,classifier_entropy,2,40,51,52,656,1.25996039150799,False,False,False,649,0.49973009767275534,0.9994601953455107,0.6931470348654057,Binary entropy is monotone-equivalent to classifier margin.,null,null,null,null,null,null,null,null,null,null,null,null
ackley,optimized_ard_gpc,classifier_entropy,classifier_entropy,2,41,52,53,1939,1.7359292827553237,False,False,False,1915,0.49986351568969123,0.9997270313793825,0.693147143304011,Binary entropy is monotone-equivalent to classifier margin.,null,null,null,null,null,null,null,null,null,null,null,null
ackley,optimized_ard_gpc,classifier_entropy,classifier_entropy,2,42,53,54,965,0.26939736776916945,False,True,True,954,0.4999794685073212,0.9999589370146424,0.6931471797168609,Binary entropy is monotone-equivalent to classifier margin.,null,null,null,null,null,null,null,null,null,null,null,null
ackley,optimized_ard_gpc,classifier_entropy,classifier_entropy,2,43,54,55,3994,1.4436464425387978,False,False,False,3941,0.49998565279514384,0.9999713055902877,0.6931471801482607,Binary entropy is monotone-equivalent to classifier margin.,null,null,null,null,null,null,null,null,null,null,null,null
ackley,optimized_ard_gpc,classifier_entropy,classifier_entropy,2,44,55,56,1901,0.4779926238332042,False,False,True,1877,0.49991702282302736,0.9998340456460547,0.6931471667895215,Binary entropy is monotone-equivalent to classifier margin.,null,null,null,null,null,null,null,null,null,null,null,null
ackley,optimized_ard_gpc,classifier_entropy,classifier_entropy,2,45,56,57,431,0.2029577874165014,True,True,True,426,0.5000088040929882,0.9999823918140236,0.6931471804049212,Binary entropy is monotone-equivalent to classifier margin.,null,null,null,null,null,null,null,null,null,null,null,null
ackley,optimized_ard_gpc,classifier_entropy,classifier_entropy,2,46,57,58,1762,0.490633884400939,False,False,True,1740,0.499939836625515,0.99987967325103,0.693147173320682,Binary entropy is monotone-equivalent to classifier margin.,null,null,null,null,null,null,null,null,null,null,null,null
ackley,optimized_ard_gpc,classifier_entropy,classifier_entropy,2,47,58,59,2541,0.44155681344074615,False,False,True,2505,0.5001667283368771,0.9996665433262457,0.6931471249632677,Binary entropy is monotone-equivalent to classifier margin.,null,null,null,null,null,null,null,null,null,null,null,null
ackley,optimized_ard_gpc,classifier_entropy,classifier_entropy,2,48,59,60,2944,0.5130251348860035,False,False,True,2900,0.4998455202966133,0.9996910405932266,0.6931471328319869,Binary entropy is monotone-equivalent to classifier margin.,null,null,null,null,null,null,null,null,null,null,null,null
ackley,optimized_ard_gpc,classifier_entropy,classifier_entropy,2,49,60,61,3139,2.8002494445998707,False,False,False,3093,0.5000695893175068,0.9998608213649864,0.6931471708745991,Binary entropy is monotone-equivalent to classifier margin.,null,null,null,null,null,null,null,null,null,null,null,null
ackley,optimized_ard_gpc,classifier_entropy,classifier_entropy,2,50,61,62,675,0.4612461443858038,False,False,True,666,0.5000337024725349,0.9999325950549303,0.693147178288232,Binary entropy is monotone-equivalent to classifier margin.,null,null,null,null,null,null,null,null,null,null,null,null
ackley,optimized_ard_gpc,classifier_entropy,classifier_entropy,2,51,62,63,2779,1.2400037153021923,False,False,False,2737,0.5000774813705086,0.9998450372589829,0.6931471685532197,Binary entropy is monotone-equivalent to classifier margin.,null,null,null,null,null,null,null,null,null,null,null,null
ackley,optimized_ard_gpc,classifier_entropy,classifier_entropy,2,52,63,64,850,1.4310607404466023,False,False,False,838,0.5001263042800951,0.9997473914398098,0.6931471486544026,Binary entropy is monotone-equivalent to classifier margin.,null,null,null,null,null,null,null,null,null,null,null,null
ackley,optimized_ard_gpc,classifier_entropy,classifier_entropy,2,53,64,65,2499,1.097832836158565,False,False,False,2463,0.5000897932307621,0.9998204135384758,0.6931471644342966,Binary entropy is monotone-equivalent to classifier margin.,null,null,null,null,null,null,null,null,null,null,null,null
ackley,optimized_ard_gpc,classifier_entropy,classifier_entropy,2,54,65,66,957,0.22837125855617302,False,True,True,943,0.49980863027924505,0.9996172605584901,0.6931471073152036,Binary entropy is monotone-equivalent to classifier margin.,null,null,null,null,null,null,null,null,null,null,null,null
ackley,optimized_ard_gpc,classifier_entropy,classifier_entropy,2,55,66,67,2610,0.9353305176000948,False,False,False,2568,0.4999558953368986,0.9999117906737972,0.6931471766695027,Binary entropy is monotone-equivalent to classifier margin.,null,null,null,null,null,null,null,null,null,null,null,null
ackley,optimized_ard_gpc,classifier_entropy,classifier_entropy,2,56,67,68,773,0.2559683375466246,False,True,True,761,0.4999559706005872,0.9999119412011744,0.6931471766827693,Binary entropy is monotone-equivalent to classifier margin.,null,null,null,null,null,null,null,null,null,null,null,null
ackley,optimized_ard_gpc,classifier_entropy,classifier_entropy,2,57,68,69,2238,1.3020580102142603,False,False,False,2201,0.49961886571405345,0.9992377314281069,0.6931468900332293,Binary entropy is monotone-equivalent to classifier margin.,null,null,null,null,null,null,null,null,null,null,null,null
ackley,optimized_ard_gpc,classifier_entropy,classifier_entropy,2,58,69,70,890,0.5831868450925359,False,False,True,876,0.5000803495631757,0.9998393008736486,0.6931471676478407,Binary entropy is monotone-equivalent to classifier margin.,null,null,null,null,null,null,null,null,null,null,null,null
ackley,optimized_ard_gpc,classifier_entropy,classifier_entropy,2,59,70,71,2441,0.25272519119183734,False,True,True,2402,0.4997430336640137,0.9994860673280274,0.6931470484965438,Binary entropy is monotone-equivalent to classifier margin.,null,null,null,null,null,null,null,null,null,null,null,null
ackley,optimized_ard_gpc,classifier_entropy,classifier_entropy,2,60,71,72,3791,1.0232310547548469,False,False,False,3724,0.4999360919670184,0.9998721839340368,0.6931471723914719,Binary entropy is monotone-equivalent to classifier margin.,null,null,null,null,null,null,null,null,null,null,null,null
ackley,optimized_ard_gpc,classifier_entropy,classifier_entropy,2,61,72,73,1997,0.15583783712432364,True,True,True,1963,0.4999816828428072,0.9999633656856144,0.6931471798889088,Binary entropy is monotone-equivalent to classifier margin.,null,null,null,null,null,null,null,null,null,null,null,null
ackley,optimized_ard_gpc,classifier_entropy,classifier_entropy,2,62,73,74,2269,0.818877443260412,False,False,False,2229,0.5000402869352665,0.999919426129467,0.693147177313871,Binary entropy is monotone-equivalent to classifier margin.,null,null,null,null,null,null,null,null,null,null,null,null
ackley,optimized_ard_gpc,classifier_entropy,classifier_entropy,2,63,74,75,1186,1.0076395178971982,False,False,False,1165,0.49998806380205935,0.9999761276041187,0.6931471802749997,Binary entropy is monotone-equivalent to classifier margin.,null,null,null,null,null,null,null,null,null,null,null,null
ackley,optimized_ard_gpc,classifier_entropy,classifier_entropy,2,64,75,76,305,0.1440187619189004,True,True,True,302,0.4998616522224003,0.9997233044448006,0.6931471422797297,Binary entropy is monotone-equivalent to classifier margin.,null,null,null,null,null,null,null,null,null,null,null,null
ackley,optimized_ard_gpc,classifier_entropy,classifier_entropy,2,65,76,77,1704,1.952106000547996,False,False,False,1677,0.5002844385763937,0.9994311228472126,0.6931470187493292,Binary entropy is monotone-equivalent to classifier margin.,null,null,null,null,null,null,null,null,null,null,null,null
ackley,optimized_ard_gpc,classifier_entropy,classifier_entropy,2,66,77,78,805,0.6890686511284585,False,False,False,791,0.5000619220159026,0.9998761559681948,0.6931471728912733,Binary entropy is monotone-equivalent to classifier margin.,null,null,null,null,null,null,null,null,null,null,null,null
ackley,optimized_ard_gpc,classifier_entropy,classifier_entropy,2,67,78,79,287,1.5469712109738136,False,False,False,284,0.4999871164847995,0.999974232969599,0.6931471802279754,Binary entropy is monotone-equivalent to classifier margin.,null,null,null,null,null,null,null,null,null,null,null,null
ackley,optimized_ard_gpc,classifier_entropy,classifier_entropy,2,68,79,80,2283,0.1560795668852979,True,True,True,2237,0.5005923228255633,0.9988153543488734,0.6931464788671218,Binary entropy is monotone-equivalent to classifier margin.,null,null,null,null,null,null,null,null,null,null,null,null
ackley,optimized_ard_gpc,classifier_gated_diversity,classifier_gated_diversity,2,1,12,13,2658,2.0378560213700005,False,False,False,2649,0.5001516631915338,0.9996966736169324,0.6931471345564972,null,0.1,25,399,0.5,3,0.9952640386502914,0.8789896000608193,0.9070265731922886,0.95114530592129,null,null,null
ackley,optimized_ard_gpc,classifier_gated_diversity,classifier_gated_diversity,2,2,13,14,3288,2.476438686327235,False,False,False,3277,0.4979960217556245,0.995992043511249,0.6931391486808338,null,0.1,25,399,0.5,23,0.9295795721210877,0.82701702233211,1.0,0.9647897860605439,null,null,null
ackley,optimized_ard_gpc,classifier_gated_diversity,classifier_gated_diversity,2,3,14,15,2988,1.1991063715544232,False,False,False,2978,0.5001135308541554,0.9997729382916891,0.6931471547814354,null,0.1,25,399,0.5,0,1.0,0.6845338204975825,0.8539789883518383,0.9269894941759191,null,null,null
ackley,optimized_ard_gpc,classifier_gated_diversity,classifier_gated_diversity,2,4,15,16,845,0.6285697782157076,False,False,False,841,0.5007141856352377,0.9985716287295245,0.6931461604373552,null,0.1,25,399,0.5,7,0.9846168032840759,0.572658178589314,0.7147297136405343,0.849673258462305,null,null,null
ackley,optimized_ard_gpc,classifier_gated_diversity,classifier_gated_diversity,2,5,16,17,3942,1.2230947669629835,False,False,False,3926,0.48647102850852875,0.9729420570170575,0.6927810697394855,null,0.1,25,399,0.5,69,0.7992068256380737,0.5830954715799845,1.0,0.8996034128190369,null,null,null
ackley,optimized_ard_gpc,classifier_gated_diversity,classifier_gated_diversity,2,6,17,18,33,2.379587106347273,False,False,False,32,0.49191581947242113,0.9838316389448423,0.6930164669148887,null,0.1,25,399,0.5,65,0.8272461749456156,0.5944192442019605,0.8952981641862618,0.8612721695659387,null,null,null
ackley,optimized_ard_gpc,classifier_gated_diversity,classifier_gated_diversity,2,7,18,19,1162,0.5713408710594887,False,False,True,1155,0.4955108112352473,0.9910216224704946,0.693106874386882,null,0.1,25,399,0.5,27,0.9426988031231401,0.5408627916616405,0.9837122396299011,0.9632055213765206,null,null,null
ackley,optimized_ard_gpc,classifier_gated_diversity,classifier_gated_diversity,2,8,19,20,938,2.3652475134035065,False,False,False,932,0.49332963723506573,0.9866592744701315,0.6930581904413353,null,0.1,25,399,0.5,34,0.9208322678910237,0.5486845484399625,1.0,0.9604161339455118,null,null,null
ackley,optimized_ard_gpc,classifier_gated_diversity,classifier_gated_diversity,2,9,20,21,474,1.3660503383975389,False,False,False,470,0.5057009418300655,0.9885981163398689,0.6930821776759752,null,0.1,25,398,0.5,28,0.9254675338612217,0.46613270430822723,0.8442501911081438,0.8848588624846827,null,null,null
ackley,optimized_ard_gpc,classifier_gated_diversity,classifier_gated_diversity,2,10,21,22,1613,0.09596284659802379,True,True,True,1603,0.5044628490613299,0.9910743018773402,0.693107345987523,null,0.1,25,398,0.5,18,0.9489175486342227,0.4442627710873497,0.7932623007769357,0.8710899247055792,null,null,null
ackley,optimized_ard_gpc,classifier_gated_diversity,classifier_gated_diversity,2,11,22,23,3827,2.2439481468477425,False,False,False,3808,0.5052564847569716,0.9894870304860568,0.693091918277964,null,0.1,25,398,0.5,18,0.9376464110152499,0.45843571284946244,0.836379953552259,0.8870131822837545,null,null,null
ackley,optimized_ard_gpc,classifier_gated_diversity,classifier_gated_diversity,2,12,23,24,3702,1.9425918275081955,False,False,False,3683,0.5036016634462861,0.9927966731074278,0.693121236376417,null,0.1,25,398,0.5,30,0.9283442918427665,0.5653955925010743,0.8366484144239147,0.8824963531333405,null,null,null
ackley,optimized_ard_gpc,classifier_gated_diversity,classifier_gated_diversity,2,13,24,25,2241,1.2244659790967223,False,False,False,2227,0.49632519984252976,0.9926503996850595,0.6931201720043958,null,0.1,25,398,0.5,29,0.9272726428410221,0.5086757893230797,0.9754463800911805,0.9513595114661013,null,null,null
ackley,optimized_ard_gpc,classifier_gated_diversity,classifier_gated_diversity,2,14,25,26,2602,0.372225194728971,False,True,True,2587,0.5013545703444269,0.9972908593111462,0.6931435108338204,null,0.1,25,398,0.5,7,0.9764875196999228,0.47390401269682153,0.9259623996605036,0.9512249596802131,null,null,null
ackley,optimized_ard_gpc,classifier_gated_diversity,classifier_gated_diversity,2,15,26,27,3127,1.9800284421340546,False,False,False,3108,0.5015314855143913,0.9969370289712174,0.6931424896568489,null,0.1,25,398,0.5,8,0.9727244634400511,0.42186184058848547,0.8288240620183192,0.9007742627291851,null,null,null
ackley,optimized_ard_gpc,classifier_gated_diversity,classifier_gated_diversity,2,16,27,28,1338,1.9707363168678,False,False,False,1328,0.49973137570189663,0.9994627514037933,0.6931470362419112,null,0.1,25,398,0.5,1,0.9979860372389666,0.5197713347091684,1.0,0.9989930186194833,null,null,null
ackley,optimized_ard_gpc,classifier_gated_diversity,classifier_gated_diversity,2,17,28,29,1891,0.6145777490249085,False,False,True,1878,0.5009065852579246,0.9981868294841507,0.6931455367653849,null,0.1,25,398,0.5,11,0.980797364854688,0.43100676999129217,0.8670192359810548,0.9239083004178714,null,null,null
ackley,optimized_ard_gpc,classifier_gated_diversity,classifier_gated_diversity,2,18,29,30,2293,0.8322348676888502,False,False,False,2276,0.49584273116155586,0.9916854623231117,0.69311261439328,null,0.1,25,398,0.5,41,0.9133733603757254,0.5557938484902107,1.0,0.9566866801878626,null,null,null
ackley,optimized_ard_gpc,classifier_gated_diversity,classifier_gated_diversity,2,19,30,31,2399,2.931453052206482,False,False,False,2381,0.5027750798165664,0.9944498403668671,0.6931317783448925,null,0.1,25,397,0.5,25,0.9500233228622893,0.4260605272176962,0.9077083940145394,0.9288658584384144,null,null,null
ackley,optimized_ard_gpc,classifier_gated_diversity,classifier_gated_diversity,2,20,31,32,3122,0.3097135416581178,False,True,True,3099,0.4996696713525556,0.9993393427051112,0.6931469623258988,null,0.1,25,397,0.5,2,0.9969420915520213,0.42665133605779165,0.8330592047701587,0.91500064816109,null,null,null
ackley,optimized_ard_gpc,classifier_gated_diversity,classifier_gated_diversity,2,21,32,33,3070,0.928253502714453,False,False,False,3047,0.49915049719013505,0.9983009943802701,0.6931457372492029,null,0.1,25,397,0.5,9,0.9839807951653086,0.4746028462186567,1.0,0.9919903975826543,null,null,null
ackley,optimized_ard_gpc,classifier_gated_diversity,classifier_gated_diversity,2,22,33,34,1220,0.20432855448549248,True,True,True,1210,0.4985181234302045,0.997036246860409,0.6931427886371795,null,0.1,25,397,0.5,12,0.9691361299684931,0.42034028996541806,0.8456194469520266,0.9073777884602598,null,null,null
ackley,optimized_ard_gpc,classifier_gated_diversity,classifier_gated_diversity,2,23,34,35,1757,2.071750784337894,False,False,False,1743,0.49765885180185343,0.9953177036037069,0.6931362185701189,null,0.1,25,397,0.5,25,0.9436957224789662,0.4352176273208423,0.8854957938296816,0.9145957581543238,null,null,null
ackley,optimized_ard_gpc,classifier_gated_diversity,classifier_gated_diversity,2,24,35,36,3205,3.6333662529319017,False,False,False,3176,0.5005755819352067,0.9988488361295866,0.6931465179706707,null,0.1,25,397,0.5,7,0.9945666471660224,0.4300571776628625,0.8765306464122755,0.935548646789149,null,null,null
ackley,optimized_ard_gpc,classifier_gated_diversity,classifier_gated_diversity,2,25,36,37,1906,1.1727210500893506,False,False,False,1890,0.5070247830448817,0.9859504339102365,0.6930484821591225,null,0.1,25,397,0.5,56,0.8471753582215226,0.4791684376325873,1.0,0.9235876791107613,null,null,null
ackley,optimized_ard_gpc,classifier_gated_diversity,classifier_gated_diversity,2,26,37,38,2640,0.6882574698462989,False,False,False,2616,0.5020416182328491,0.9959167635343018,0.6931388441267625,null,0.1,25,397,0.5,17,0.961417753868323,0.36074712888834604,0.7703223330946607,0.8658700434814919,null,null,null
ackley,optimized_ard_gpc,classifier_gated_diversity,classifier_gated_diversity,2,27,38,39,1858,2.3008447332872635,False,False,False,1843,0.4994369747571319,0.9988739495142638,0.6931465465649631,null,0.1,25,397,0.5,6,0.9777662158061798,0.433486069263913,0.9895670728703301,0.9836666443382549,null,null,null
ackley,optimized_ard_gpc,classifier_gated_diversity,classifier_gated_diversity,2,28,39,40,1534,1.8581723786142952,False,False,False,1522,0.4935067891806746,0.9870135783613492,0.6930628546161419,null,0.1,25,397,0.5,28,0.9241707049026141,0.40378715281681216,0.9688221478517901,0.9464964263772021,null,null,null
ackley,optimized_ard_gpc,classifier_gated_diversity,classifier_gated_diversity,2,29,40,41,409,0.9142856021115033,False,False,False,405,0.5001486857143647,0.9997026285712707,0.6931471363450613,null,0.1,25,396,0.5,2,0.9975578961566405,0.36726773068545543,0.7790258843426596,0.88829189024965,null,null,null
ackley,optimized_ard_gpc,classifier_gated_diversity,classifier_gated_diversity,2,30,41,42,3065,2.866593808975793,False,False,False,3035,0.5040341324818511,0.9919317350362977,0.69311463175704,null,0.1,25,396,0.5,26,0.9292166492711587,0.41751805376457096,0.913162630441428,0.9211896398562933,null,null,null
ackley,optimized_ard_gpc,classifier_gated_diversity,classifier_gated_diversity,2,31,42,43,3430,1.5993619546102078,False,False,False,3393,0.5025122557841231,0.9949754884317539,0.6931345576485829,null,0.1,25,396,0.5,44,0.8725154306721157,0.4631512590797426,1.0,0.9362577153360578,null,null,null
ackley,optimized_ard_gpc,classifier_gated_diversity,classifier_gated_diversity,2,32,43,44,2190,1.0862983735335074,False,False,False,2168,0.5002310742179138,0.9995378515641724,0.693147073769353,null,0.1,25,396,0.5,6,0.9950509764829815,0.4039347361001256,0.8464762622779711,0.9207636193804762,null,null,null
ackley,optimized_ard_gpc,classifier_gated_diversity,classifier_gated_diversity,2,33,44,45,1551,2.2162444664976864,False,False,False,1537,0.500267420414966,0.9994651591700681,0.6931470375325819,null,0.1,25,396,0.5,9,0.9900470889592449,0.42744545018473756,0.8456974895555753,0.91787228925741,null,null,null
ackley,optimized_ard_gpc,classifier_gated_diversity,classifier_gated_diversity,2,34,45,46,837,0.5940022975088972,False,False,True,830,0.5067881130168548,0.9864237739662904,0.6930550207721091,null,0.1,25,396,0.5,67,0.8167495200708657,0.40457055667752245,0.9887823770015011,0.9027659485361834,null,null,null
ackley,optimized_ard_gpc,classifier_gated_diversity,classifier_gated_diversity,2,35,46,47,1835,0.5737096909115849,False,False,True,1816,0.5005144565455996,0.9989710869088009,0.6931466512287774,null,0.1,25,396,0.5,5,0.9903643310417042,0.3630094358224585,0.9436410537439684,0.9670026923928363,null,null,null
ackley,optimized_ard_gpc,classifier_gated_diversity,classifier_gated_diversity,2,36,47,48,2019,1.5774125423160505,False,False,False,1996,0.4987552102273827,0.9975104204547653,0.6931440815535881,null,0.1,25,396,0.5,5,0.9730856360198771,0.3494821433258208,0.815071680135413,0.894078658077645,null,null,null
ackley,optimized_ard_gpc,classifier_gated_diversity,classifier_gated_diversity,2,37,48,49,1669,2.9712304207077906,False,False,False,1652,0.4991068624182171,0.9982137248364342,0.6931455851696169,null,0.1,25,396,0.5,11,0.9814495464238029,0.36530041479472114,0.8607052910649465,0.9210774187443747,null,null,null
ackley,optimized_ard_gpc,classifier_gated_diversity,classifier_gated_diversity,2,38,49,50,775,0.4764488544446781,False,False,True,768,0.4999059797455217,0.9998119594910434,0.6931471628803287,null,0.1,25,396,0.5,0,1.0,0.3735644362112711,0.8906565865355048,0.9453282932677525,null,null,null
ackley,optimized_ard_gpc,classifier_gated_diversity,classifier_gated_diversity,2,39,50,51,1570,0.15193543243946728,True,True,True,1553,0.5035993609333049,0.9928012781333901,0.6931212695378944,null,0.1,25,395,0.5,20,0.9386749700423237,0.3801095164661472,0.9199162589013078,0.9292956144718157,null,null,null
ackley,optimized_ard_gpc,classifier_gated_diversity,classifier_gated_diversity,2,40,51,52,909,0.09869108877749966,True,True,True,899,0.5005711209944816,0.9988577580110367,0.6931465282014228,null,0.1,25,395,0.5,4,0.988326352098714,0.3245660996948728,0.723057477411425,0.8556919147550694,null,null,null
ackley,optimized_ard_gpc,classifier_gated_diversity,classifier_gated_diversity,2,41,52,53,207,1.6356278519356007,False,False,False,205,0.501388248909334,0.997223502181332,0.6931433260849245,null,0.1,25,395,0.5,10,0.980305578177924,0.4072332291680805,0.9910896597175399,0.985697618947732,null,null,null
ackley,optimized_ard_gpc,classifier_gated_diversity,classifier_gated_diversity,2,42,53,54,2236,1.2524653202404838,False,False,False,2204,0.4928723610742498,0.9857447221484996,0.693045570645062,null,0.1,25,395,0.5,51,0.8756708530789598,0.3682181710820824,0.8838610132588645,0.879765933168912,null,null,null
ackley,optimized_ard_gpc,classifier_gated_diversity,classifier_gated_diversity,2,43,54,55,1693,1.7190572524342453,False,False,False,1671,0.5015929979322951,0.9968140041354099,0.6931421052665345,null,0.1,25,395,0.5,13,0.9673325813523568,0.40918058582133887,0.9847394771507955,0.9760360292515762,null,null,null
ackley,optimized_ard_gpc,classifier_gated_diversity,classifier_gated_diversity,2,44,55,56,1531,4.142148709323356,False,False,False,1514,0.49901431328029777,0.9980286265605955,0.6931452374020679,null,0.1,25,395,0.5,9,0.9801334463635956,0.3292455765622518,0.7645601592813572,0.8723468028224763,null,null,null
ackley,optimized_ard_gpc,classifier_gated_diversity,classifier_gated_diversity,2,45,56,57,1000,1.404202534493523,False,False,False,987,0.5027784876801711,0.9944430246396578,0.6931317404929022,null,0.1,25,395,0.5,16,0.9565889804297678,0.3969705366015961,0.9543920317947695,0.9554905061122687,null,null,null
ackley,optimized_ard_gpc,classifier_gated_diversity,classifier_gated_diversity,2,46,57,58,3931,0.39611302484589217,False,True,True,3875,0.5026117922164737,0.9947764155670527,0.6931335375807375,null,0.1,25,395,0.5,13,0.9647458922165716,0.3282033011994758,0.7733918195066665,0.8690688558616191,null,null,null
ackley,optimized_ard_gpc,classifier_gated_diversity,classifier_gated_diversity,2,47,58,59,947,1.6764933028947837,False,False,False,934,0.4990037438951649,0.9980074877903298,0.6931451955061789,null,0.1,25,395,0.5,9,0.9797067594147394,0.34226614246670284,0.8419353591857368,0.9108210593002382,null,null,null
ackley,optimized_ard_gpc,classifier_gated_diversity,classifier_gated_diversity,2,48,59,60,1875,1.683787455643122,False,False,False,1845,0.49702158798641527,0.9940431759728305,0.6931294385787738,null,0.1,25,395,0.5,13,0.9538076024045136,0.32212121424993756,0.8177368474876962,0.8857722249461049,null,null,null
ackley,optimized_ard_gpc,classifier_gated_diversity,classifier_gated_diversity,2,49,60,61,2180,0.9780847451220342,False,False,False,2144,0.5080460261665127,0.9839079476669745,0.6930176978971178,null,0.1,25,394,0.5,71,0.8204182714884302,0.380098670804107,1.0,0.910209135744215,null,null,null
ackley,optimized_ard_gpc,classifier_gated_diversity,classifier_gated_diversity,2,50,61,62,2451,2.280944567743113,False,False,False,2409,0.5000077996853688,0.9999844006292624,0.6931471804382752,null,0.1,25,394,0.5,0,1.0,0.3056082233123601,0.7847317097148291,0.8923658548574145,null,null,null
ackley,optimized_ard_gpc,classifier_gated_diversity,classifier_gated_diversity,2,51,62,63,3211,1.1590379049133883,False,False,False,3157,0.49182270637084713,0.9836454127416943,0.6930134383353166,null,0.1,25,394,0.5,40,0.8773895481504222,0.3300597120334093,0.9453193449956017,0.9113544465730119,null,null,null
ackley,optimized_ard_gpc,classifier_gated_diversity,classifier_gated_diversity,2,52,63,64,2881,1.9259701373001334,False,False,False,2834,0.5018131691500725,0.9963736616998551,0.6931406053808008,null,0.1,25,394,0.5,9,0.9763870960355878,0.3044936528221751,0.7102109950213581,0.843299045528473,null,null,null
ackley,optimized_ard_gpc,classifier_gated_diversity,classifier_gated_diversity,2,53,64,65,3515,1.526583889588613,False,False,False,3457,0.4926224685227645,0.985244937045529,0.6930383206683342,null,0.1,25,394,0.5,56,0.8477729296351676,0.37268674656837775,1.0,0.9238864648175837,null,null,null
ackley,optimized_ard_gpc,classifier_gated_diversity,classifier_gated_diversity,2,54,65,66,2287,0.23843752431000453,False,True,True,2247,0.4984582160329034,0.9969164320658068,0.6931424263568087,null,0.1,25,394,0.5,7,0.9649389408668432,0.34656239670670247,1.0,0.9824694704334216,null,null,null
ackley,optimized_ard_gpc,classifier_gated_diversity,classifier_gated_diversity,2,55,66,67,1208,2.0661994556316152,False,False,False,1191,0.4938686087659043,0.9877372175318087,0.6930719907584932,null,0.1,25,394,0.5,37,0.909985448675145,0.319049133997348,0.9072738662646042,0.9086296574698746,null,null,null
ackley,optimized_ard_gpc,classifier_gated_diversity,classifier_gated_diversity,2,56,67,68,3570,0.2689001878408117,False,True,True,3509,0.4906879202448593,0.9813758404897186,0.692973740873873,null,0.1,25,394,0.5,58,0.8603773615777848,0.3458846047426273,1.0,0.9301886807888924,null,null,null
ackley,optimized_ard_gpc,classifier_gated_diversity,classifier_gated_diversity,2,57,68,69,2633,0.6572744456379649,False,False,False,2587,0.5006298491929619,0.9987403016140761,0.6931463871397237,null,0.1,25,394,0.5,5,0.9910167549148997,0.2974217967916214,0.8593702419201574,0.9251934984175285,null,null,null
ackley,optimized_ard_gpc,classifier_gated_diversity,classifier_gated_diversity,2,58,69,70,1712,1.1558502936641446,False,False,False,1684,0.49936045240388305,0.9987209048077661,0.6931463625174669,null,0.1,25,394,0.5,3,0.9916105939151049,0.3144441507771256,0.9008449787677474,0.9462277863414261,null,null,null
ackley,optimized_ard_gpc,classifier_gated_diversity,classifier_gated_diversity,2,59,70,71,1400,0.2542671926094542,False,True,True,1380,0.5000011847281177,0.9999976305437646,0.6931471805571381,null,0.1,25,393,0.5,0,1.0,0.3205611369678361,0.9853872634427923,0.9926936317213961,null,null,null
ackley,optimized_ard_gpc,classifier_gated_diversity,classifier_gated_diversity,2,60,71,72,69,0.10096910745668985,True,True,True,67,0.5003851894599993,0.9992296210800014,0.6931468838180759,null,0.1,25,393,0.5,3,0.9958910899862427,0.2859157617377697,0.865816247045033,0.9308536685156379,null,null,null
ackley,optimized_ard_gpc,classifier_gated_diversity,classifier_gated_diversity,2,61,72,73,2303,0.6717295527722946,False,False,False,2257,0.49774829633919726,0.9954965926783945,0.6931370401869174,null,0.1,25,393,0.5,11,0.9700407201188503,0.287353368752082,0.8198350537353437,0.894937886927097,null,null,null
ackley,optimized_ard_gpc,classifier_gated_diversity,classifier_gated_diversity,2,62,73,74,3603,1.552017968709558,False,False,False,3536,0.5092386109309857,0.9815227781380287,0.6929764669814806,null,0.1,25,393,0.5,56,0.8551261283640187,0.3214737653502581,0.9489686993204707,0.9020474138422447,null,null,null
ackley,optimized_ard_gpc,classifier_gated_diversity,classifier_gated_diversity,2,63,74,75,1524,0.37605482315665384,False,True,True,1502,0.5010876492472698,0.9978247015054604,0.6931448145963092,null,0.1,25,393,0.5,11,0.9768443088802568,0.3367190504912619,0.9420655220092189,0.9594549154447378,null,null,null
ackley,optimized_ard_gpc,classifier_gated_diversity,classifier_gated_diversity,2,64,75,76,1315,0.11605837880803627,True,True,True,1295,0.49582880972549237,0.9916576194509847,0.6931123824996961,null,0.1,25,393,0.5,28,0.934635206067686,0.3088553019887431,0.9454732584309934,0.9400542322493397,null,null,null
ackley,optimized_ard_gpc,classifier_gated_diversity,classifier_gated_diversity,2,65,76,77,1187,1.5538545480464467,False,False,False,1169,0.4891373377178958,0.9782746754357916,0.6929111671282041,null,0.1,25,393,0.5,88,0.7843809468605691,0.33689086497573173,1.0,0.8921904734302846,null,null,null
ackley,optimized_ard_gpc,classifier_gated_diversity,classifier_gated_diversity,2,66,77,78,3950,1.1450859844081709,False,False,False,3873,0.49416714839669673,0.9883342967933935,0.693079134700866,null,0.1,25,393,0.5,51,0.8856059919040069,0.29970634422057896,0.9133302156416876,0.8994681037728472,null,null,null
ackley,optimized_ard_gpc,classifier_gated_diversity,classifier_gated_diversity,2,67,78,79,3744,0.15128361602238272,True,True,True,3672,0.49816681875725477,0.9963336375145095,0.69314045943795,null,0.1,25,393,0.5,12,0.9728807104150409,0.3007691672988106,0.9172496080796491,0.9450651592473449,null,null,null
ackley,optimized_ard_gpc,classifier_gated_diversity,classifier_gated_diversity,2,68,79,80,3081,1.0647657572025775,False,False,False,3020,0.49796324353260824,0.9959264870652165,0.6931388837831849,null,0.1,25,393,0.5,10,0.9685300091080595,0.2985822175669308,0.9096163312501907,0.9390731701791251,null,null,null
ackley,optimized_ard_gpc,classifier_uncertainty_repulsion,classifier_uncertainty_repulsion,2,1,12,13,3162,2.3070934208933327,False,False,False,3152,0.4999251513942137,0.9998503027884273,0.6931471693553177,null,0.1,25,399,null,1,0.9995338447902845,null,null,0.9995331066138174,0.15,0.7970807674203597,0.9999992614792677
ackley,optimized_ard_gpc,classifier_uncertainty_repulsion,classifier_uncertainty_repulsion,2,2,13,14,1071,2.094546900375919,False,False,False,1067,0.5000004739225755,0.999999052154849,0.693147180559496,null,0.1,25,399,null,0,1.0,null,null,0.9999655962186255,0.15,0.68005917641626,0.9999655962186255
ackley,optimized_ard_gpc,classifier_uncertainty_repulsion,classifier_uncertainty_repulsion,2,3,14,15,462,0.7190534578263374,False,False,False,459,0.49994912981180695,0.9998982596236139,0.6931471753843932,null,0.1,25,399,null,1,0.9993293203273852,null,null,0.9956750563604942,0.15,0.5024972990324252,0.996343283547716
ackley,optimized_ard_gpc,classifier_uncertainty_repulsion,classifier_uncertainty_repulsion,2,4,15,16,871,1.1383639337981428,False,False,False,866,0.5002588961884192,0.9994822076231615,0.6931470465054665,null,0.1,25,399,null,3,0.9957415981334093,null,null,0.9956107151834719,0.15,0.6341626639303093,0.9998685573142844
ackley,optimized_ard_gpc,classifier_uncertainty_repulsion,classifier_uncertainty_repulsion,2,5,16,17,717,0.1943199484112359,True,True,True,712,0.5009644062192693,0.9980711875614614,0.6931453204000804,null,0.1,25,399,null,7,0.9866270362817404,null,null,0.9839783656731268,0.15,0.5161497268981431,0.9973154287170201
ackley,optimized_ard_gpc,classifier_uncertainty_repulsion,classifier_uncertainty_repulsion,2,6,17,18,3868,2.7374309990469765,False,False,False,3853,0.5006942382450399,0.9986115235099202,0.6931462166261539,null,0.1,25,399,null,3,0.9928072347840686,null,null,0.9834374940928395,0.15,0.4580800142847772,0.9905623767001789
ackley,optimized_ard_gpc,classifier_uncertainty_repulsion,classifier_uncertainty_repulsion,2,7,18,19,1188,0.2560214876045457,False,True,True,1179,0.5013491909174022,0.9973016181651957,0.693143539923264,null,0.1,25,399,null,11,0.9798419441381467,null,null,0.9788345230604207,0.15,0.5564170126928323,0.9989718534874397
ackley,optimized_ard_gpc,classifier_uncertainty_repulsion,classifier_uncertainty_repulsion,2,8,19,20,2578,2.255505557420923,False,False,False,2565,0.5003123811505595,0.9993752376988809,0.6931469853959662,null,0.1,25,399,null,2,0.9951335333107203,null,null,0.9786064770278422,0.15,0.42942346861357716,0.983392122032212
ackley,optimized_ard_gpc,classifier_uncertainty_repulsion,classifier_uncertainty_repulsion,2,9,20,21,2930,0.1838235189748989,True,True,True,2915,0.5003726930787055,0.9992546138425891,0.6931469027596577,null,0.1,25,398,null,3,0.9929246900486735,null,null,0.9803044514019182,0.15,0.4432165242837278,0.9872898329820597
ackley,optimized_ard_gpc,classifier_uncertainty_repulsion,classifier_uncertainty_repulsion,2,10,21,22,1594,1.8352541332653995,False,False,False,1584,0.5002344312944567,0.9995311374110867,0.6931470706438776,null,0.1,25,398,null,1,0.9962705905879917,null,null,0.9701064119787436,0.15,0.40470142613513904,0.9737378791902246
ackley,optimized_ard_gpc,classifier_uncertainty_repulsion,classifier_uncertainty_repulsion,2,11,22,23,1079,1.2632081052562238,False,False,False,1071,0.4991375606585451,0.9982751213170902,0.6931456929559723,null,0.1,25,398,null,5,0.9849058055609704,null,null,0.980350122979802,0.15,0.49186144246508257,0.9953744992105376
ackley,optimized_ard_gpc,classifier_uncertainty_repulsion,classifier_uncertainty_repulsion,2,12,23,24,883,1.2600997707037305,False,False,False,876,0.5001465215299007,0.9997069569401986,0.6931471376228273,null,0.1,25,398,null,1,0.9991860421620881,null,null,0.9739326584342589,0.15,0.40682814250091265,0.9747260443378646
ackley,optimized_ard_gpc,classifier_uncertainty_repulsion,classifier_uncertainty_repulsion,2,13,24,25,2193,2.0417933338626124,False,False,False,2177,0.4985333386370754,0.9970666772741508,0.6931428783626686,null,0.1,25,398,null,17,0.9703591860604411,null,null,0.9643676720575698,0.15,0.4784657744522515,0.9938254678381556
ackley,optimized_ard_gpc,classifier_uncertainty_repulsion,classifier_uncertainty_repulsion,2,14,25,26,1913,0.33611155206682497,False,True,True,1899,0.4972360916507359,0.9944721833014718,0.6931319021034085,null,0.1,25,398,null,21,0.957828602341501,null,null,0.9446603852744871,0.15,0.43921386872912394,0.986252011022825
ackley,optimized_ard_gpc,classifier_uncertainty_repulsion,classifier_uncertainty_repulsion,2,15,26,27,461,1.9888727312700443,False,False,False,458,0.5039248576794204,0.9921502846411592,0.6931163712279316,null,0.1,25,398,null,20,0.9476781779169083,null,null,0.9455802920665248,0.15,0.5244891029965429,0.9977862887430891
ackley,optimized_ard_gpc,classifier_uncertainty_repulsion,classifier_uncertainty_repulsion,2,16,27,28,1823,0.722059539604663,False,False,False,1808,0.5005130373128962,0.9989739253742076,0.6931466541452841,null,0.1,25,398,null,1,0.9995511279351651,null,null,0.9631665978279862,0.15,0.3861247439021904,0.9635991305593935
ackley,optimized_ard_gpc,classifier_uncertainty_repulsion,classifier_uncertainty_repulsion,2,17,28,29,699,2.4105918782334594,False,False,False,693,0.49979611187574613,0.9995922237514923,0.6931470974192087,null,0.1,25,398,null,1,0.9989162674006242,null,null,0.9383960494107353,0.15,0.3551988260910081,0.9394141231202747
ackley,optimized_ard_gpc,classifier_uncertainty_repulsion,classifier_uncertainty_repulsion,2,18,29,30,3109,4.064861284865453,False,False,False,3085,0.5003263167353834,0.9993473665292332,0.6931469675947066,null,0.1,25,398,null,2,0.995793252649471,null,null,0.9285907806604887,0.15,0.3482992006472251,0.9325136299024128
ackley,optimized_ard_gpc,classifier_uncertainty_repulsion,classifier_uncertainty_repulsion,2,19,30,31,685,0.500122187079981,False,False,True,679,0.5004006728200757,0.9991986543598486,0.6931468594824934,null,0.1,25,397,null,1,0.9979271199483256,null,null,0.9665519576972627,0.15,0.39456921515417653,0.9685596657071635
ackley,optimized_ard_gpc,classifier_uncertainty_repulsion,classifier_uncertainty_repulsion,2,20,31,32,3920,0.22889843747097416,False,True,True,3889,0.5022679265497763,0.9954641469004475,0.6931368935430007,null,0.1,25,397,null,5,0.9772320782911246,null,null,0.9513219334136817,0.15,0.40417079444146026,0.9734861907902658
ackley,optimized_ard_gpc,classifier_uncertainty_repulsion,classifier_uncertainty_repulsion,2,21,32,33,3608,0.7650703366041149,False,False,False,3580,0.502565668290079,0.994868663419842,0.6931340151946201,null,0.1,25,397,null,9,0.9692954714378347,null,null,0.9128735530285741,0.15,0.357724796739373,0.9417907954056925
ackley,optimized_ard_gpc,classifier_uncertainty_repulsion,classifier_uncertainty_repulsion,2,22,33,34,542,0.5914208902863951,False,False,True,537,0.49796816270999633,0.9959363254199927,0.6931389238116745,null,0.1,25,397,null,4,0.9825178559238461,null,null,0.9114315384014712,0.15,0.34377327377957273,0.9276488288800272
ackley,optimized_ard_gpc,classifier_uncertainty_repulsion,classifier_uncertainty_repulsion,2,23,34,35,1100,0.7977599423861506,False,False,False,1086,0.4969349584657996,0.9938699169315992,0.6931283914830557,null,0.1,25,397,null,35,0.9249506929328959,null,null,0.9146609204478037,0.15,0.4499294940738218,0.9888753286378275
ackley,optimized_ard_gpc,classifier_uncertainty_repulsion,classifier_uncertainty_repulsion,2,24,35,36,1335,0.6236188407193008,False,False,False,1318,0.5004682588546017,0.9990634822907967,0.6931467420271713,null,0.1,25,397,null,2,0.9971009304362886,null,null,0.9543071664054598,0.15,0.37640494461149593,0.9570818131599736
ackley,optimized_ard_gpc,classifier_uncertainty_repulsion,classifier_uncertainty_repulsion,2,25,36,37,683,0.7244042010375473,False,False,False,676,0.5013403233352203,0.9973193533295595,0.6931435876223564,null,0.1,25,397,null,4,0.969849357631171,null,null,0.9385662084217161,0.15,0.3931065410608758,0.9677443213594913
ackley,optimized_ard_gpc,classifier_uncertainty_repulsion,classifier_uncertainty_repulsion,2,26,37,38,1157,1.0862305510216554,False,False,False,1140,0.4994660514358429,0.9989321028716858,0.6931466103576986,null,0.1,25,397,null,5,0.9871875701515633,null,null,0.9618421839903543,0.15,0.40595794232459415,0.9743256631996311
ackley,optimized_ard_gpc,classifier_uncertainty_repulsion,classifier_uncertainty_repulsion,2,27,38,39,2949,1.3574598435146168,False,False,False,2919,0.49989647726660796,0.9997929545332159,0.6931471591260325,null,0.1,25,397,null,1,0.9995529502987245,null,null,0.8943269654556942,0.15,0.3182827414284331,0.8947269528726991
ackley,optimized_ard_gpc,classifier_uncertainty_repulsion,classifier_uncertainty_repulsion,2,28,39,40,1599,1.8854322579959124,False,False,False,1578,0.49801919360668157,0.9960383872133631,0.6931393333514835,null,0.1,25,397,null,6,0.978568505617447,null,null,0.9180505756624436,0.15,0.35389518223253047,0.9381566751764422
ackley,optimized_ard_gpc,classifier_uncertainty_repulsion,classifier_uncertainty_repulsion,2,29,40,41,2808,0.3214826676197102,False,True,True,2778,0.4991979774028059,0.9983959548056118,0.6931458940789008,null,0.1,25,396,null,6,0.9876132521528698,null,null,0.9560095459711015,0.15,0.3935616279724407,0.9679999168572554
ackley,optimized_ard_gpc,classifier_uncertainty_repulsion,classifier_uncertainty_repulsion,2,30,41,42,1399,0.8152755396473541,False,False,False,1379,0.5023926794421598,0.9952146411156804,0.6931357306864195,null,0.1,25,396,null,23,0.9536928087885438,null,null,0.9449436094780977,0.15,0.4594693398244565,0.9908259774742771
ackley,optimized_ard_gpc,classifier_uncertainty_repulsion,classifier_uncertainty_repulsion,2,31,42,43,61,0.9738120312215699,False,False,False,60,0.5007784719286439,0.9984430561427122,0.6931459685223683,null,0.1,25,396,null,2,0.9923765387860689,null,null,0.9343442030801713,0.15,0.35743475062006524,0.9415218584501343
ackley,optimized_ard_gpc,classifier_uncertainty_repulsion,classifier_uncertainty_repulsion,2,32,43,44,1468,1.1935666179651303,False,False,False,1446,0.5019141067242576,0.9961717865514848,0.6931398529329436,null,0.1,25,396,null,22,0.9423069444659644,null,null,0.9067954899165142,0.15,0.3840981763455108,0.9623143448554592
ackley,optimized_ard_gpc,classifier_uncertainty_repulsion,classifier_uncertainty_repulsion,2,33,44,45,272,0.5374613283752492,False,False,True,269,0.5026342435109044,0.9947315129781913,0.6931333020179911,null,0.1,25,396,null,28,0.9446124256549407,null,null,0.8643852506746516,0.15,0.3331156835685202,0.9150686855250033
ackley,optimized_ard_gpc,classifier_uncertainty_repulsion,classifier_uncertainty_repulsion,2,34,45,46,1413,2.0381769413894,False,False,False,1390,0.4973381398086447,0.9946762796172894,0.6931330094936488,null,0.1,25,396,null,22,0.9404733525616579,null,null,0.888422577457988,0.15,0.36088414108953204,0.9446547050356141
ackley,optimized_ard_gpc,classifier_uncertainty_repulsion,classifier_uncertainty_repulsion,2,35,46,47,456,0.9714868379260935,False,False,False,451,0.5016109487225884,0.9967781025548232,0.6931419902393918,null,0.1,25,396,null,12,0.9655961414570581,null,null,0.8552978519324678,0.15,0.3124581195653192,0.8857718203407967
ackley,optimized_ard_gpc,classifier_uncertainty_repulsion,classifier_uncertainty_repulsion,2,36,47,48,2014,2.3700180015397425,False,False,False,1983,0.5023644378105061,0.9952711243789878,0.6931359993859529,null,0.1,25,396,null,18,0.9456150295924742,null,null,0.8774744676315201,0.15,0.34403754107108664,0.9279404833589413
ackley,optimized_ard_gpc,classifier_uncertainty_repulsion,classifier_uncertainty_repulsion,2,37,48,49,3768,0.7444018633884966,False,False,False,3724,0.5006398351734971,0.9987203296530058,0.6931463617816234,null,0.1,25,396,null,0,1.0,null,null,0.9119242119756723,0.15,0.33065101291899573,0.9119242119756723
ackley,optimized_ard_gpc,classifier_uncertainty_repulsion,classifier_uncertainty_repulsion,2,38,49,50,2582,1.1079283148883405,False,False,False,2546,0.4997356941930562,0.9994713883861124,0.6931470408448197,null,0.1,25,396,null,2,0.9978921240149781,null,null,0.9335928729741827,0.15,0.35127535321779396,0.935564927817959
ackley,optimized_ard_gpc,classifier_uncertainty_repulsion,classifier_uncertainty_repulsion,2,39,50,51,772,2.57940351088571,False,False,False,758,0.4998165001145377,0.9996330002290754,0.6931471132155278,null,0.1,25,395,null,4,0.9951648968636968,null,null,0.9320257314565437,0.15,0.3522648482081713,0.9365540669630341
ackley,optimized_ard_gpc,classifier_uncertainty_repulsion,classifier_uncertainty_repulsion,2,40,51,52,594,1.4471895239801569,False,False,False,585,0.5030732289111519,0.9938535421776962,0.6931282909691254,null,0.1,25,395,null,16,0.940252617616641,null,null,0.8597536670115863,0.15,0.33257435181351935,0.9143858266418826
ackley,optimized_ard_gpc,classifier_uncertainty_repulsion,classifier_uncertainty_repulsion,2,41,52,53,1179,2.025892220527478,False,False,False,1156,0.4981038487528693,0.9962076975057386,0.6931399897636055,null,0.1,25,395,null,18,0.9481887778829559,null,null,0.8355153950698679,0.15,0.309600901122284,0.8811698836336616
ackley,optimized_ard_gpc,classifier_uncertainty_repulsion,classifier_uncertainty_repulsion,2,42,53,54,3239,0.2317491482937264,False,True,True,3192,0.49816796226146165,0.9963359245229233,0.6931404678203741,null,0.1,25,395,null,12,0.9474330701127442,null,null,0.8132054500550824,0.15,0.296546569031007,0.8583249579395738
ackley,optimized_ard_gpc,classifier_uncertainty_repulsion,classifier_uncertainty_repulsion,2,43,54,55,2715,0.6228995570857219,False,False,False,2674,0.500496298139905,0.9990074037201899,0.6931466879361771,null,0.1,25,395,null,1,0.9936128870305769,null,null,0.900241558329127,0.15,0.3262121258219824,0.9060284644853076
ackley,optimized_ard_gpc,classifier_uncertainty_repulsion,classifier_uncertainty_repulsion,2,44,55,56,1811,3.095826964809877,False,False,False,1779,0.5018131957023018,0.9963736085953965,0.6931406051882238,null,0.1,25,395,null,14,0.9699441330827476,null,null,0.9233398657881747,0.15,0.3695938127746453,0.951951596277559
ackley,optimized_ard_gpc,classifier_uncertainty_repulsion,classifier_uncertainty_repulsion,2,45,56,57,2163,1.1634326062261202,False,False,False,2125,0.5029116566821381,0.9941766866357238,0.6931302249748452,null,0.1,25,395,null,29,0.9277249563667538,null,null,0.862442991356735,0.15,0.34558772727103954,0.9296321991103027
ackley,optimized_ard_gpc,classifier_uncertainty_repulsion,classifier_uncertainty_repulsion,2,46,57,58,908,0.7687780582907564,False,False,False,890,0.4991815677781435,0.998363135556287,0.6931458408967435,null,0.1,25,395,null,11,0.9843355369694061,null,null,0.8886956537295099,0.15,0.32390115923431795,0.9028381282114893
ackley,optimized_ard_gpc,classifier_uncertainty_repulsion,classifier_uncertainty_repulsion,2,47,58,59,3003,1.8535659033397316,False,False,False,2955,0.49854467073375597,0.9970893414675119,0.6931429445874178,null,0.1,25,395,null,10,0.9790538419110192,null,null,0.9110808837572311,0.15,0.3464627698212084,0.9305728089263084
ackley,optimized_ard_gpc,classifier_uncertainty_repulsion,classifier_uncertainty_repulsion,2,48,59,60,1283,2.0360899997498834,False,False,False,1257,0.5041546758702014,0.9916906482595973,0.6931126574994901,null,0.1,25,395,null,26,0.9343459676255594,null,null,0.8586985254876045,0.15,0.3363321900412817,0.9190370111724282
ackley,optimized_ard_gpc,classifier_uncertainty_repulsion,classifier_uncertainty_repulsion,2,49,60,61,3183,1.0222763388867335,False,False,False,3130,0.4981929354141279,0.9963858708282558,0.6931406495808923,null,0.1,25,394,null,18,0.9715007535436488,null,null,0.913378392271551,0.15,0.3559959565226502,0.9401726029958386
ackley,optimized_ard_gpc,classifier_uncertainty_repulsion,classifier_uncertainty_repulsion,2,50,61,62,2002,1.4606896763447565,False,False,False,1965,0.49401257425787115,0.9880251485157423,0.6930754803122521,null,0.1,25,394,null,41,0.9024165635132402,null,null,0.8364520926023253,0.15,0.3431008570549995,0.9269024156049336
ackley,optimized_ard_gpc,classifier_uncertainty_repulsion,classifier_uncertainty_repulsion,2,51,62,63,447,0.2784851023923025,False,True,True,442,0.5033598382898159,0.9932803234203682,0.6931246033633673,null,0.1,25,394,null,24,0.9453766331369086,null,null,0.8084459557579471,0.15,0.29486418463752445,0.8551575397790361
ackley,optimized_ard_gpc,classifier_uncertainty_repulsion,classifier_uncertainty_repulsion,2,52,63,64,1277,1.4700383732981432,False,False,False,1250,0.4995924896995916,0.9991849793991832,0.6931468484306187,null,0.1,25,394,null,2,0.9941249091934673,null,null,0.8586332093872376,0.15,0.2994709695128829,0.8637075697900438
ackley,optimized_ard_gpc,classifier_uncertainty_repulsion,classifier_uncertainty_repulsion,2,53,64,65,3815,0.3001412946387454,False,True,True,3755,0.5036049484353811,0.9927901031292379,0.6931211890283144,null,0.1,25,394,null,21,0.9416494326038641,null,null,0.8144728363831655,0.15,0.3001541912097217,0.8649427357811623
ackley,optimized_ard_gpc,classifier_uncertainty_repulsion,classifier_uncertainty_repulsion,2,54,65,66,1278,1.3593214480141729,False,False,False,1250,0.5000986175320266,0.9998027649359469,0.69314716110911,null,0.1,25,394,null,0,1.0,null,null,0.8481211928510635,0.15,0.29122200791118685,0.8481211928510635
ackley,optimized_ard_gpc,classifier_uncertainty_repulsion,classifier_uncertainty_repulsion,2,55,66,67,2083,0.9597646407316898,False,False,False,2040,0.5027080716708365,0.9945838566583269,0.6931325131838857,null,0.1,25,394,null,22,0.9585838464629246,null,null,0.8480841089668417,0.15,0.31180117872545743,0.8847260592760712
ackley,optimized_ard_gpc,classifier_uncertainty_repulsion,classifier_uncertainty_repulsion,2,56,67,68,3583,2.8343716629386098,False,False,False,3523,0.5018062761493707,0.9963874477012586,0.6931406552786966,null,0.1,25,394,null,18,0.9712844066180543,null,null,0.8256943933154084,0.15,0.29223640297344095,0.850105682423565
ackley,optimized_ard_gpc,classifier_uncertainty_repulsion,classifier_uncertainty_repulsion,2,57,68,69,2399,2.931453052206482,False,False,False,2352,0.5054321730706874,0.9891356538586251,0.6930881623903482,null,0.1,25,394,null,53,0.8684263771157306,null,null,0.8502898839827391,0.15,0.4172457931188957,0.9791156814084488
ackley,optimized_ard_gpc,classifier_uncertainty_repulsion,classifier_uncertainty_repulsion,2,58,69,70,2172,2.0473078265440208,False,False,False,2126,0.4990649571999968,0.9981299143999935,0.6931454319488504,null,0.1,25,394,null,9,0.9786880228068361,null,null,0.8528954320905969,0.15,0.3038437616279499,0.8714681412413005
ackley,optimized_ard_gpc,classifier_uncertainty_repulsion,classifier_uncertainty_repulsion,2,59,70,71,2262,2.3226568469583544,False,False,False,2214,0.5041330735120937,0.9917338529758126,0.6931130155775487,null,0.1,25,393,null,34,0.9067870113125719,null,null,0.8442094769564132,0.15,0.34685379712561626,0.930989820569245
ackley,optimized_ard_gpc,classifier_uncertainty_repulsion,classifier_uncertainty_repulsion,2,60,71,72,1361,1.3367266411688998,False,False,False,1330,0.5025847440132836,0.9948305119734329,0.6931338186972036,null,0.1,25,393,null,18,0.9441913434457272,null,null,0.8551090017276607,0.15,0.32593641551074903,0.9056522363433561
ackley,optimized_ard_gpc,classifier_uncertainty_repulsion,classifier_uncertainty_repulsion,2,61,72,73,718,1.4485917472329124,False,False,False,702,0.5007820698636414,0.9984358602727172,0.6931459572929033,null,0.1,25,393,null,4,0.9900982822506327,null,null,0.8763172501763491,0.15,0.3120236805806813,0.8850810731479674
ackley,optimized_ard_gpc,classifier_uncertainty_repulsion,classifier_uncertainty_repulsion,2,62,73,74,761,1.9885318609577354,False,False,False,744,0.5024552206803472,0.9950895586393056,0.6931351242943157,null,0.1,25,393,null,17,0.9672792645832247,null,null,0.8401040914237654,0.15,0.3021613490084955,0.8685227960363073
ackley,optimized_ard_gpc,classifier_uncertainty_repulsion,classifier_uncertainty_repulsion,2,63,74,75,3632,0.3932250265043695,False,True,True,3564,0.5010331403763566,0.9979337192472868,0.6931450458003516,null,0.1,25,393,null,5,0.9917777353242795,null,null,0.8232355923214568,0.15,0.28240767338653355,0.8300605700250825
ackley,optimized_ard_gpc,classifier_uncertainty_repulsion,classifier_uncertainty_repulsion,2,64,75,76,2346,2.147582657062527,False,False,False,2294,0.5047018418905544,0.9905963162188911,0.69310296527395,null,0.1,25,393,null,22,0.9409764901572485,null,null,0.7831085587613409,0.15,0.2834293046120461,0.8322296751861187
ackley,optimized_ard_gpc,classifier_uncertainty_repulsion,classifier_uncertainty_repulsion,2,65,76,77,2287,0.23843752431000453,False,True,True,2235,0.4925738835199649,0.9851477670399298,0.6930368820926849,null,0.1,25,393,null,30,0.904096243300055,null,null,0.8068656244124085,0.15,0.31677003747575916,0.8924554552591175
ackley,optimized_ard_gpc,classifier_uncertainty_repulsion,classifier_uncertainty_repulsion,2,66,77,78,3652,0.2029243334854982,True,True,True,3581,0.5009960154095676,0.9980079691808648,0.693145196465241,null,0.1,25,393,null,4,0.9898787539307474,null,null,0.8767211704047703,0.15,0.31240366241974055,0.8856854103832057
ackley,optimized_ard_gpc,classifier_uncertainty_repulsion,classifier_uncertainty_repulsion,2,67,78,79,390,2.7739343131247,False,False,False,385,0.4987727209428847,0.9975454418857694,0.6931441681291524,null,0.1,25,393,null,6,0.9836532637487536,null,null,0.7964165833028786,0.15,0.27322243465852897,0.809651746864229
ackley,optimized_ard_gpc,classifier_uncertainty_repulsion,classifier_uncertainty_repulsion,2,68,79,80,2374,2.441049199694719,False,False,False,2319,0.5003581167239638,0.9992837665520724,0.6931469240647474,null,0.1,25,393,null,3,0.9952969156111937,null,null,0.9241646249365529,0.15,0.3445758071354131,0.92853158734953
ackley,fixed_iso_gpc,random,random,3,1,12,13,1524,0.4966236378185034,False,False,True,1523,0.49358586893570155,0.9871717378714031,0.6930648961483925,null,null,null,null,null,null,null,null,null,null,null,null,null
ackley,fixed_iso_gpc,random,random,3,2,13,14,2419,1.804155530091096,False,False,False,2414,0.5252423612035741,0.9495152775928517,0.6918722850833571,null,null,null,null,null,null,null,null,null,null,null,null,null
ackley,fixed_iso_gpc,random,random,3,3,14,15,2875,1.024013252299648,False,False,False,2867,0.49716567974355996,0.9943313594871199,0.6931311137312655,null,null,null,null,null,null,null,null,null,null,null,null,null
ackley,fixed_iso_gpc,random,random,3,4,15,16,3217,0.7075266627833674,False,False,False,3205,0.46871025210131734,0.9374205042026347,0.6911878038590831,null,null,null,null,null,null,null,null,null,null,null,null,null
ackley,fixed_iso_gpc,random,random,3,5,16,17,1323,1.6036912538952741,False,False,False,1322,0.47572136734616066,0.9514427346923213,0.6919678128438378,null,null,null,null,null,null,null,null,null,null,null,null,null
ackley,fixed_iso_gpc,random,random,3,6,17,18,41,2.573923472867227,False,False,False,41,0.48182594373106014,0.9636518874621203,0.6924864423796055,null,null,null,null,null,null,null,null,null,null,null,null,null
ackley,fixed_iso_gpc,random,random,3,7,18,19,1201,0.8715206666720441,False,False,False,1199,0.5030124347871157,0.9939751304257687,0.6931290309234487,null,null,null,null,null,null,null,null,null,null,null,null,null
ackley,fixed_iso_gpc,random,random,3,8,19,20,3667,0.07243766076774172,True,True,True,3651,0.5008340608322372,0.9983318783355255,0.6931457892443562,null,null,null,null,null,null,null,null,null,null,null,null,null
ackley,fixed_iso_gpc,random,random,3,9,20,21,3018,0.9250404211656011,False,False,False,3004,0.49954743007909774,0.9990948601581955,0.6931467709208228,null,null,null,null,null,null,null,null,null,null,null,null,null
ackley,fixed_iso_gpc,random,random,3,10,21,22,3219,1.0409777314041317,False,False,False,3202,0.44541372166985127,0.8908274433397025,0.6871759623508098,null,null,null,null,null,null,null,null,null,null,null,null,null
ackley,fixed_iso_gpc,random,random,3,11,22,23,3253,3.7512847857888882,False,False,False,3235,0.4780498700335869,0.9560997400671738,0.6921832543911453,null,null,null,null,null,null,null,null,null,null,null,null,null
ackley,fixed_iso_gpc,random,random,3,12,23,24,2368,0.1505717907784856,True,True,True,2361,0.4867317915292979,0.9734635830585958,0.6927950485136343,null,null,null,null,null,null,null,null,null,null,null,null,null
ackley,fixed_iso_gpc,random,random,3,13,24,25,3802,5.292636292137006,False,False,False,3780,0.38712663920904333,0.7742532784180867,0.6674454297192218,null,null,null,null,null,null,null,null,null,null,null,null,null
ackley,fixed_iso_gpc,random,random,3,14,25,26,1646,1.3660676517185184,False,False,False,1641,0.5341443144341582,0.9317113711316836,0.6908136965288425,null,null,null,null,null,null,null,null,null,null,null,null,null
ackley,fixed_iso_gpc,random,random,3,15,26,27,3320,4.978652849208293,False,False,False,3299,0.34035018500640035,0.6807003700128007,0.6412674803776486,null,null,null,null,null,null,null,null,null,null,null,null,null
ackley,fixed_iso_gpc,random,random,3,16,27,28,1616,0.7199215845816376,False,False,False,1611,0.4895853252514506,0.9791706505029012,0.6929302339706478,null,null,null,null,null,null,null,null,null,null,null,null,null
ackley,fixed_iso_gpc,random,random,3,17,28,29,354,2.581006022976556,False,False,False,352,0.4807095529743677,0.9614191059487354,0.6924027531246357,null,null,null,null,null,null,null,null,null,null,null,null,null
ackley,fixed_iso_gpc,random,random,3,18,29,30,2181,2.016022862226052,False,False,False,2171,0.50251988303524,0.99496023392952,0.693134480885162,null,null,null,null,null,null,null,null,null,null,null,null,null
ackley,fixed_iso_gpc,random,random,3,19,30,31,204,0.45971425236354335,False,False,True,202,0.4431664987612436,0.8863329975224872,0.6866731035024414,null,null,null,null,null,null,null,null,null,null,null,null,null
ackley,fixed_iso_gpc,random,random,3,20,31,32,49,3.1280629284367745,False,False,False,48,0.2987508546578397,0.5975017093156794,0.6098021857719409,null,null,null,null,null,null,null,null,null,null,null,null,null
ackley,fixed_iso_gpc,random,random,3,21,32,33,581,0.6909267912731085,False,False,False,576,0.5465940285967008,0.9068119428065984,0.6887988672851744,null,null,null,null,null,null,null,null,null,null,null,null,null
ackley,fixed_iso_gpc,random,random,3,22,33,34,2090,1.8332773914190437,False,False,False,2078,0.4285110552244191,0.8570221104488382,0.6828907289290411,null,null,null,null,null,null,null,null,null,null,null,null,null
ackley,fixed_iso_gpc,random,random,3,23,34,35,2352,0.2952240359184639,False,True,True,2337,0.6033107373244206,0.7933785253511587,0.6716464219597389,null,null,null,null,null,null,null,null,null,null,null,null,null
ackley,fixed_iso_gpc,random,random,3,24,35,36,776,2.224249493806516,False,False,False,770,0.5573020360622252,0.8853959278755497,0.6865656824601165,null,null,null,null,null,null,null,null,null,null,null,null,null
ackley,fixed_iso_gpc,random,random,3,25,36,37,3259,1.3594023377307511,False,False,False,3229,0.4644849399722659,0.9289698799445318,0.6906224160540979,null,null,null,null,null,null,null,null,null,null,null,null,null
ackley,fixed_iso_gpc,random,random,3,26,37,38,3964,5.945678713338479,False,False,False,3927,0.3194559645679078,0.6389119291358156,0.6264586987113523,null,null,null,null,null,null,null,null,null,null,null,null,null
ackley,fixed_iso_gpc,random,random,3,27,38,39,1142,2.3504359298398807,False,False,False,1135,0.5558526809588074,0.8882946380823853,0.686895096197579,null,null,null,null,null,null,null,null,null,null,null,null,null
ackley,fixed_iso_gpc,random,random,3,28,39,40,234,0.01110602897401769,True,True,True,230,0.4290928643948462,0.8581857287896923,0.6830575573753681,null,null,null,null,null,null,null,null,null,null,null,null,null
ackley,fixed_iso_gpc,random,random,3,29,40,41,717,1.8959388143909344,False,False,False,710,0.46398758084137626,0.9279751616827525,0.6905511446463524,null,null,null,null,null,null,null,null,null,null,null,null,null
ackley,fixed_iso_gpc,random,random,3,30,41,42,2293,3.8784975892663045,False,False,False,2274,0.2650854266713054,0.5301708533426108,0.5783091866639087,null,null,null,null,null,null,null,null,null,null,null,null,null
ackley,fixed_iso_gpc,random,random,3,31,42,43,1090,1.6804739415279997,False,False,False,1081,0.5210350872700289,0.9579298254599422,0.6922619695366661,null,null,null,null,null,null,null,null,null,null,null,null,null
ackley,fixed_iso_gpc,random,random,3,32,43,44,373,0.19791882838365993,False,True,True,367,0.5279054827960223,0.9441890344079553,0.6915889390793006,null,null,null,null,null,null,null,null,null,null,null,null,null
ackley,fixed_iso_gpc,random,random,3,33,44,45,1724,1.5908768492066567,False,False,False,1706,0.36050009892704793,0.7210001978540959,0.6537053911456231,null,null,null,null,null,null,null,null,null,null,null,null,null
ackley,fixed_iso_gpc,random,random,3,34,45,46,3803,0.6403973123043141,False,False,False,3761,0.529362476324124,0.9412750473517519,0.6914218780768038,null,null,null,null,null,null,null,null,null,null,null,null,null
ackley,fixed_iso_gpc,random,random,3,35,46,47,67,0.2970271730373213,False,True,True,65,0.3913132410147,0.7826264820294,0.6693318924286238,null,null,null,null,null,null,null,null,null,null,null,null,null
ackley,fixed_iso_gpc,random,random,3,36,47,48,3939,0.8854682158077374,False,False,False,3895,0.48630474001724266,0.9726094800344853,0.6927720133487951,null,null,null,null,null,null,null,null,null,null,null,null,null
ackley,fixed_iso_gpc,random,random,3,37,48,49,2108,0.1296194706746352,True,True,True,2087,0.49215839892414337,0.9843167978482867,0.6930241941031073,null,null,null,null,null,null,null,null,null,null,null,null,null
ackley,fixed_iso_gpc,random,random,3,38,49,50,2893,1.856235347160153,False,False,False,2861,0.5162882308822141,0.9674235382355718,0.6926164737395122,null,null,null,null,null,null,null,null,null,null,null,null,null
ackley,fixed_iso_gpc,random,random,3,39,50,51,1490,0.2577070101753982,False,True,True,1475,0.5187520682337805,0.962495863532439,0.6924437354733829,null,null,null,null,null,null,null,null,null,null,null,null,null
ackley,fixed_iso_gpc,random,random,3,40,51,52,2415,0.4665829615120938,False,False,True,2387,0.5741495572752342,0.8517008854495316,0.6821102017546148,null,null,null,null,null,null,null,null,null,null,null,null,null
ackley,fixed_iso_gpc,random,random,3,41,52,53,2408,0.4913277280076098,False,False,True,2380,0.4918256003185544,0.9836512006371088,0.6930135329856437,null,null,null,null,null,null,null,null,null,null,null,null,null
ackley,fixed_iso_gpc,random,random,3,42,53,54,2816,0.30486288139142204,False,True,True,2782,0.4350472757529076,0.8700945515058152,0.6846855744637134,null,null,null,null,null,null,null,null,null,null,null,null,null
ackley,fixed_iso_gpc,random,random,3,43,54,55,3530,2.0083741862938425,False,False,False,3484,0.24984376037684797,0.49968752075369594,0.5621634327442734,null,null,null,null,null,null,null,null,null,null,null,null,null
ackley,fixed_iso_gpc,random,random,3,44,55,56,3675,0.3039625706557185,False,True,True,3627,0.49808816769173125,0.9961763353834625,0.6931398703365823,null,null,null,null,null,null,null,null,null,null,null,null,null
ackley,fixed_iso_gpc,random,random,3,45,56,57,2197,1.271705339359917,False,False,False,2172,0.46974254360493006,0.9394850872098601,0.6913150340310097,null,null,null,null,null,null,null,null,null,null,null,null,null
ackley,fixed_iso_gpc,random,random,3,46,57,58,221,0.853377469246194,False,False,False,216,0.37963567610350424,0.7592713522070085,0.6638854907231618,null,null,null,null,null,null,null,null,null,null,null,null,null
ackley,fixed_iso_gpc,random,random,3,47,58,59,2203,0.14879175564879255,True,True,True,2176,0.5660657727428884,0.8678684545142232,0.6843922281920325,null,null,null,null,null,null,null,null,null,null,null,null,null
ackley,fixed_iso_gpc,random,random,3,48,59,60,3008,0.09641228227995846,True,True,True,2966,0.5962992345514522,0.8074015308970957,0.6744836946524706,null,null,null,null,null,null,null,null,null,null,null,null,null
ackley,fixed_iso_gpc,random,random,3,49,60,61,2038,0.1645498396575178,True,True,True,2016,0.48165310294679387,0.9633062058935877,0.6924738121417325,null,null,null,null,null,null,null,null,null,null,null,null,null
ackley,fixed_iso_gpc,random,random,3,50,61,62,759,2.1001844847789233,False,False,False,748,0.6025461524410218,0.7949076951179563,0.6719657753855304,null,null,null,null,null,null,null,null,null,null,null,null,null
ackley,fixed_iso_gpc,random,random,3,51,62,63,1564,0.7997982117425266,False,False,False,1545,0.41671280724341386,0.8334256144868277,0.6792087866350689,null,null,null,null,null,null,null,null,null,null,null,null,null
ackley,fixed_iso_gpc,random,random,3,52,63,64,682,1.2767461020284916,False,False,False,672,0.3849722566735352,0.7699445133470704,0.666445904565289,null,null,null,null,null,null,null,null,null,null,null,null,null
ackley,fixed_iso_gpc,random,random,3,53,64,65,1126,2.721525536887224,False,False,False,1111,0.40831949015040436,0.8166389803008087,0.6762410595305042,null,null,null,null,null,null,null,null,null,null,null,null,null
ackley,fixed_iso_gpc,random,random,3,54,65,66,3529,0.5730149841705447,False,False,True,3474,0.38368687799535905,0.7673737559907181,0.6658402191444464,null,null,null,null,null,null,null,null,null,null,null,null,null
ackley,fixed_iso_gpc,random,random,3,55,66,67,415,0.9152456675000646,False,False,False,406,0.5334798579393407,0.9330402841213186,0.6909037005479473,null,null,null,null,null,null,null,null,null,null,null,null,null
ackley,fixed_iso_gpc,random,random,3,56,67,68,3329,1.858499090462864,False,False,False,3273,0.3916492824468776,0.7832985648937552,0.6694801169683451,null,null,null,null,null,null,null,null,null,null,null,null,null
ackley,fixed_iso_gpc,random,random,3,57,68,69,2795,4.312355386115476,False,False,False,2752,0.28482997240672603,0.5696599448134521,0.5974573833845807,null,null,null,null,null,null,null,null,null,null,null,null,null
ackley,fixed_iso_gpc,random,random,3,58,69,70,2988,0.789165512242425,False,False,False,2939,0.36136635323470045,0.7227327064694009,0.6542002962111761,null,null,null,null,null,null,null,null,null,null,null,null,null
ackley,fixed_iso_gpc,random,random,3,59,70,71,3024,0.08133344692287636,True,True,True,2972,0.36694325857627064,0.7338865171525413,0.6573087663626346,null,null,null,null,null,null,null,null,null,null,null,null,null
ackley,fixed_iso_gpc,random,random,3,60,71,72,3187,0.793439817680266,False,False,False,3133,0.38114822552856253,0.7622964510571251,0.664623441412503,null,null,null,null,null,null,null,null,null,null,null,null,null
ackley,fixed_iso_gpc,random,random,3,61,72,73,194,0.5798984425669538,False,False,True,190,0.39189744331619636,0.7837948866323927,0.669589274016857,null,null,null,null,null,null,null,null,null,null,null,null,null
ackley,fixed_iso_gpc,random,random,3,62,73,74,3496,4.514555157631323,False,False,False,3434,0.261095524302732,0.522191048605464,0.5741996849838997,null,null,null,null,null,null,null,null,null,null,null,null,null
ackley,fixed_iso_gpc,random,random,3,63,74,75,887,0.35578304259512805,False,True,True,871,0.5407929234971931,0.9184141530056138,0.6898153533403806,null,null,null,null,null,null,null,null,null,null,null,null,null
ackley,fixed_iso_gpc,random,random,3,64,75,76,2940,2.56301313624032,False,False,False,2890,0.37021235322845314,0.7404247064569063,0.6590686019228333,null,null,null,null,null,null,null,null,null,null,null,null,null
ackley,fixed_iso_gpc,random,random,3,65,76,77,3404,1.125070991256079,False,False,False,3340,0.4607892439624095,0.921578487924819,0.6900690541959673,null,null,null,null,null,null,null,null,null,null,null,null,null
ackley,fixed_iso_gpc,random,random,3,66,77,78,997,0.13290434982587662,True,True,True,980,0.5155392836103303,0.9689214327793394,0.692664164116396,null,null,null,null,null,null,null,null,null,null,null,null,null
ackley,fixed_iso_gpc,random,random,3,67,78,79,1960,0.59410655297226,False,False,True,1930,0.4667305140107132,0.9334610280214264,0.6909318267492668,null,null,null,null,null,null,null,null,null,null,null,null,null
ackley,fixed_iso_gpc,random,random,3,68,79,80,668,3.627010459013709,False,False,False,656,0.2717302667806507,0.5434605335613014,0.5849722180320918,null,null,null,null,null,null,null,null,null,null,null,null,null
ackley,fixed_iso_gpc,classifier_margin,classifier_margin,3,1,12,13,1583,2.3624861693336534,False,False,False,1582,0.4999974470717367,0.9999948941434734,0.6931471805469105,null,null,null,null,null,null,null,null,null,null,null,null,null
ackley,fixed_iso_gpc,classifier_margin,classifier_margin,3,2,13,14,3196,0.9661928577911105,False,False,False,3186,0.49998981834761236,0.9999796366952247,0.6931471803526132,null,null,null,null,null,null,null,null,null,null,null,null,null
ackley,fixed_iso_gpc,classifier_margin,classifier_margin,3,3,14,15,3105,0.15719873581628185,True,True,True,3095,0.499995146387887,0.999990292775774,0.6931471805128302,null,null,null,null,null,null,null,null,null,null,null,null,null
ackley,fixed_iso_gpc,classifier_margin,classifier_margin,3,4,15,16,2661,0.20838704622347137,False,True,True,2655,0.5000008150739368,0.9999983698521264,0.6931471805586167,null,null,null,null,null,null,null,null,null,null,null,null,null
ackley,fixed_iso_gpc,classifier_margin,classifier_margin,3,5,16,17,3874,0.2641902933250293,False,True,True,3860,0.5000104640415176,0.9999790719169648,0.6931471803409529,null,null,null,null,null,null,null,null,null,null,null,null,null
ackley,fixed_iso_gpc,classifier_margin,classifier_margin,3,6,17,18,3671,0.3228647033591123,False,True,True,3658,0.5000103535834306,0.9999792928331388,0.693147180345552,null,null,null,null,null,null,null,null,null,null,null,null,null
ackley,fixed_iso_gpc,classifier_margin,classifier_margin,3,7,18,19,888,0.9482938853128502,False,False,False,887,0.5000017877660847,0.9999964244678305,0.6931471805535531,null,null,null,null,null,null,null,null,null,null,null,null,null
ackley,fixed_iso_gpc,classifier_margin,classifier_margin,3,8,19,20,1340,4.432367231360212,False,False,False,1338,0.49995188664405193,0.9999037732881039,0.6931471759301553,null,null,null,null,null,null,null,null,null,null,null,null,null
ackley,fixed_iso_gpc,classifier_margin,classifier_margin,3,9,20,21,1290,0.06624734875213356,True,True,True,1288,0.4999891446149189,0.9999782892298378,0.6931471803242666,null,null,null,null,null,null,null,null,null,null,null,null,null
ackley,fixed_iso_gpc,classifier_margin,classifier_margin,3,10,21,22,1254,3.016733434465701,False,False,False,1252,0.5000090205785823,0.9999819588428354,0.6931471803972036,null,null,null,null,null,null,null,null,null,null,null,null,null
ackley,fixed_iso_gpc,classifier_margin,classifier_margin,3,11,22,23,927,0.4296559434961438,False,False,True,925,0.49998349907665374,0.9999669981533075,0.6931471800153843,null,null,null,null,null,null,null,null,null,null,null,null,null
ackley,fixed_iso_gpc,classifier_margin,classifier_margin,3,12,23,24,772,1.132889471487747,False,False,False,771,0.49995955334703424,0.9999191066940685,0.6931471772880817,null,null,null,null,null,null,null,null,null,null,null,null,null
ackley,fixed_iso_gpc,classifier_margin,classifier_margin,3,13,24,25,1601,0.5810113304217435,False,False,True,1593,0.49999506153999224,0.9999901230799845,0.6931471805111684,null,null,null,null,null,null,null,null,null,null,null,null,null
ackley,fixed_iso_gpc,classifier_margin,classifier_margin,3,14,25,26,3163,0.294065256639664,False,True,True,3144,0.5000179862826957,0.9999640274346087,0.6931471799129326,null,null,null,null,null,null,null,null,null,null,null,null,null
ackley,fixed_iso_gpc,classifier_margin,classifier_margin,3,15,26,27,3032,1.1210151917123632,False,False,False,3015,0.4999919441086849,0.9999838882173698,0.6931471804301506,null,null,null,null,null,null,null,null,null,null,null,null,null
ackley,fixed_iso_gpc,classifier_margin,classifier_margin,3,16,27,28,2481,0.32770091530606216,False,True,True,2469,0.5000069455157321,0.9999861089685358,0.6931471804634649,null,null,null,null,null,null,null,null,null,null,null,null,null
ackley,fixed_iso_gpc,classifier_margin,classifier_margin,3,17,28,29,3167,0.6179690818662582,False,False,True,3145,0.4999819986735428,0.9999639973470856,0.6931471799118498,null,null,null,null,null,null,null,null,null,null,null,null,null
ackley,fixed_iso_gpc,classifier_margin,classifier_margin,3,18,29,30,762,2.1445273494888895,False,False,False,761,0.4999644724753952,0.9999289449507904,0.6931471780355353,null,null,null,null,null,null,null,null,null,null,null,null,null
ackley,fixed_iso_gpc,classifier_margin,classifier_margin,3,19,30,31,2133,0.33705944227579643,False,True,True,2121,0.499966973675352,0.999933947350704,0.6931471783784691,null,null,null,null,null,null,null,null,null,null,null,null,null
ackley,fixed_iso_gpc,classifier_margin,classifier_margin,3,20,31,32,1973,0.10889602947955268,True,True,True,1962,0.50000828620538,0.9999834275892401,0.693147180422623,null,null,null,null,null,null,null,null,null,null,null,null,null
ackley,fixed_iso_gpc,classifier_margin,classifier_margin,3,21,32,33,505,1.3765643265435603,False,False,False,504,0.49993126128535964,0.9998625225707193,0.6931471711099235,null,null,null,null,null,null,null,null,null,null,null,null,null
ackley,fixed_iso_gpc,classifier_margin,classifier_margin,3,22,33,34,1298,0.5083673381139686,False,False,True,1290,0.5000276803537824,0.9999446392924352,0.6931471790275414,null,null,null,null,null,null,null,null,null,null,null,null,null
ackley,fixed_iso_gpc,classifier_margin,classifier_margin,3,23,34,35,1567,0.7766154524272597,False,False,False,1557,0.4999879405313785,0.999975881062757,0.6931471802690836,null,null,null,null,null,null,null,null,null,null,null,null,null
ackley,fixed_iso_gpc,classifier_margin,classifier_margin,3,24,35,36,3832,1.573581597796208,False,False,False,3800,0.49998247795440326,0.9999649559088065,0.6931471799459012,null,null,null,null,null,null,null,null,null,null,null,null,null
ackley,fixed_iso_gpc,classifier_margin,classifier_margin,3,25,36,37,1452,1.4588940715894605,False,False,False,1442,0.49998942981614136,0.9999788596322827,0.6931471803364877,null,null,null,null,null,null,null,null,null,null,null,null,null
ackley,fixed_iso_gpc,classifier_margin,classifier_margin,3,26,37,38,3284,2.0342147543531137,False,False,False,3253,0.49996706562700993,0.9999341312540199,0.6931471783905995,null,null,null,null,null,null,null,null,null,null,null,null,null
ackley,fixed_iso_gpc,classifier_margin,classifier_margin,3,27,38,39,1670,0.9977522733441067,False,False,False,1656,0.4999446232308548,0.9998892464617096,0.6931471744267722,null,null,null,null,null,null,null,null,null,null,null,null,null
ackley,fixed_iso_gpc,classifier_margin,classifier_margin,3,28,39,40,3538,0.3045822518339687,False,True,True,3505,0.5000100943459248,0.9999798113081504,0.6931471803561537,null,null,null,null,null,null,null,null,null,null,null,null,null
ackley,fixed_iso_gpc,classifier_margin,classifier_margin,3,29,40,41,3010,3.101910886060656,False,False,False,2984,0.5000584155472307,0.9998831689055385,0.693147173735193,null,null,null,null,null,null,null,null,null,null,null,null,null
ackley,fixed_iso_gpc,classifier_margin,classifier_margin,3,30,41,42,475,0.5533697796723107,False,False,True,474,0.5000192235218042,0.9999615529563917,0.6931471798208577,null,null,null,null,null,null,null,null,null,null,null,null,null
ackley,fixed_iso_gpc,classifier_margin,classifier_margin,3,31,42,43,3899,0.027739627571969905,True,True,True,3859,0.49992174789446875,0.9998434957889375,0.6931471683131611,null,null,null,null,null,null,null,null,null,null,null,null,null
ackley,fixed_iso_gpc,classifier_margin,classifier_margin,3,32,43,44,1765,1.7277543405133873,False,False,False,1748,0.4999400593293618,0.9998801186587236,0.6931471733741774,null,null,null,null,null,null,null,null,null,null,null,null,null
ackley,fixed_iso_gpc,classifier_margin,classifier_margin,3,33,44,45,421,0.28639224219515924,False,True,True,420,0.5000211229917529,0.9999577540164941,0.6931471796675838,null,null,null,null,null,null,null,null,null,null,null,null,null
ackley,fixed_iso_gpc,classifier_margin,classifier_margin,3,34,45,46,332,1.1457609553206165,False,False,False,331,0.49997192571360055,0.9999438514272011,0.6931471789836141,null,null,null,null,null,null,null,null,null,null,null,null,null
ackley,fixed_iso_gpc,classifier_margin,classifier_margin,3,35,46,47,839,1.2111445404699772,False,False,False,832,0.5000106108070769,0.9999787783858463,0.6931471803347669,null,null,null,null,null,null,null,null,null,null,null,null,null
ackley,fixed_iso_gpc,classifier_margin,classifier_margin,3,36,47,48,3820,0.8328403289150916,False,False,False,3778,0.49996047489719825,0.9999209497943965,0.6931471774354778,null,null,null,null,null,null,null,null,null,null,null,null,null
ackley,fixed_iso_gpc,classifier_margin,classifier_margin,3,37,48,49,1524,0.4966236378185034,False,False,True,1509,0.5000170931525629,0.9999658136948741,0.6931471799755936,null,null,null,null,null,null,null,null,null,null,null,null,null
ackley,fixed_iso_gpc,classifier_margin,classifier_margin,3,38,49,50,3458,1.7523322043478213,False,False,False,3418,0.49995899060161797,0.9999179812032359,0.6931471771964037,null,null,null,null,null,null,null,null,null,null,null,null,null
ackley,fixed_iso_gpc,classifier_margin,classifier_margin,3,39,50,51,3131,0.31408468399929923,False,True,True,3095,0.49995352851638264,0.9999070570327653,0.6931471762407477,null,null,null,null,null,null,null,null,null,null,null,null,null
ackley,fixed_iso_gpc,classifier_margin,classifier_margin,3,40,51,52,401,0.37900543370163575,False,True,True,399,0.5000315881327121,0.9999368237345758,0.6931471785643251,null,null,null,null,null,null,null,null,null,null,null,null,null
ackley,fixed_iso_gpc,classifier_margin,classifier_margin,3,41,52,53,1360,1.4557608830965023,False,False,False,1345,0.499929756041648,0.999859512083296,0.693147170691518,null,null,null,null,null,null,null,null,null,null,null,null,null
ackley,fixed_iso_gpc,classifier_margin,classifier_margin,3,42,53,54,3217,0.7075266627833674,False,False,False,3175,0.5000500645057417,0.9998998709885165,0.6931471755470359,null,null,null,null,null,null,null,null,null,null,null,null,null
ackley,fixed_iso_gpc,classifier_margin,classifier_margin,3,43,54,55,1220,1.9399042719194117,False,False,False,1209,0.4999387970523263,0.9998775941046526,0.6931471730683437,null,null,null,null,null,null,null,null,null,null,null,null,null
ackley,fixed_iso_gpc,classifier_margin,classifier_margin,3,44,55,56,3933,0.15785009259657734,True,True,True,3880,0.49989612384748683,0.9997922476949737,0.693147158979435,null,null,null,null,null,null,null,null,null,null,null,null,null
ackley,fixed_iso_gpc,classifier_margin,classifier_margin,3,45,56,57,1799,0.7244196805234004,False,False,False,1774,0.49998859124276557,0.9999771824855311,0.6931471802996259,null,null,null,null,null,null,null,null,null,null,null,null,null
ackley,fixed_iso_gpc,classifier_margin,classifier_margin,3,46,57,58,1225,1.280740959421932,False,False,False,1213,0.5000029533222069,0.9999940933555862,0.6931471805425011,null,null,null,null,null,null,null,null,null,null,null,null,null
ackley,fixed_iso_gpc,classifier_margin,classifier_margin,3,47,58,59,1021,0.4247488920843363,False,False,True,1010,0.500003053137199,0.9999938937256021,0.693147180541302,null,null,null,null,null,null,null,null,null,null,null,null,null
ackley,fixed_iso_gpc,classifier_margin,classifier_margin,3,48,59,60,604,2.2796046346291305,False,False,False,598,0.5000144353679461,0.9999711292641078,0.6931471801431857,null,null,null,null,null,null,null,null,null,null,null,null,null
ackley,fixed_iso_gpc,classifier_margin,classifier_margin,3,49,60,61,27,2.3481883948085454,False,False,False,27,0.5000449444749293,0.9999101110501414,0.6931471765199337,null,null,null,null,null,null,null,null,null,null,null,null,null
ackley,fixed_iso_gpc,classifier_margin,classifier_margin,3,50,61,62,2992,1.2257210439981954,False,False,False,2952,0.5001109015571676,0.9997781968856647,0.6931471559616343,null,null,null,null,null,null,null,null,null,null,null,null,null
ackley,fixed_iso_gpc,classifier_margin,classifier_margin,3,51,62,63,2118,2.276770304820195,False,False,False,2087,0.49997007775063024,0.9999401555012605,0.6931471787692631,null,null,null,null,null,null,null,null,null,null,null,null,null
ackley,fixed_iso_gpc,classifier_margin,classifier_margin,3,52,63,64,2003,0.25727880780244483,False,True,True,1972,0.500001832735815,0.99999633452837,0.6931471805532274,null,null,null,null,null,null,null,null,null,null,null,null,null
ackley,fixed_iso_gpc,classifier_margin,classifier_margin,3,53,64,65,3141,0.7140521992579068,False,False,False,3093,0.4999858474021494,0.9999716948042988,0.6931471801593534,null,null,null,null,null,null,null,null,null,null,null,null,null
ackley,fixed_iso_gpc,classifier_margin,classifier_margin,3,54,65,66,2755,0.9737560528281826,False,False,False,2715,0.49995194173451024,0.9999038834690205,0.6931471759407515,null,null,null,null,null,null,null,null,null,null,null,null,null
ackley,fixed_iso_gpc,classifier_margin,classifier_margin,3,55,66,67,2745,0.4156862964709074,False,False,True,2705,0.4999017651379009,0.9998035302758018,0.6931471612597689,null,null,null,null,null,null,null,null,null,null,null,null,null
ackley,fixed_iso_gpc,classifier_margin,classifier_margin,3,56,67,68,838,0.5769939496383962,False,False,True,828,0.49988654255376286,0.9997730851075257,0.6931471548147609,null,null,null,null,null,null,null,null,null,null,null,null,null
ackley,fixed_iso_gpc,classifier_margin,classifier_margin,3,57,68,69,3134,0.08085364291137687,True,True,True,3083,0.5001474263667813,0.9997051472664373,0.6931471370908775,null,null,null,null,null,null,null,null,null,null,null,null,null
ackley,fixed_iso_gpc,classifier_margin,classifier_margin,3,58,69,70,283,1.3905300377409215,False,False,False,281,0.4999893000847165,0.999978600169433,0.693147180330969,null,null,null,null,null,null,null,null,null,null,null,null,null
ackley,fixed_iso_gpc,classifier_margin,classifier_margin,3,59,70,71,2171,1.463758070791103,False,False,False,2134,0.49989495924187877,0.9997899184837575,0.6931471584928235,null,null,null,null,null,null,null,null,null,null,null,null,null
ackley,fixed_iso_gpc,classifier_margin,classifier_margin,3,60,71,72,2974,1.139576365832271,False,False,False,2928,0.5000685856547191,0.9998628286905618,0.6931471711519612,null,null,null,null,null,null,null,null,null,null,null,null,null
ackley,fixed_iso_gpc,classifier_margin,classifier_margin,3,61,72,73,922,0.38853074050901526,False,True,True,908,0.5001181583622927,0.9997636832754146,0.6931471526371479,null,null,null,null,null,null,null,null,null,null,null,null,null
ackley,fixed_iso_gpc,classifier_margin,classifier_margin,3,62,73,74,487,0.7892389433406031,False,False,False,480,0.49996906847742895,0.9999381369548579,0.6931471786464272,null,null,null,null,null,null,null,null,null,null,null,null,null
ackley,fixed_iso_gpc,classifier_margin,classifier_margin,3,63,74,75,2813,1.1082533496948663,False,False,False,2766,0.49999677724762054,0.9999935544952411,0.693147180539173,null,null,null,null,null,null,null,null,null,null,null,null,null
ackley,fixed_iso_gpc,classifier_margin,classifier_margin,3,64,75,76,3481,0.6963868392361618,False,False,False,3416,0.5000318459931986,0.9999363080136028,0.6931471785316108,null,null,null,null,null,null,null,null,null,null,null,null,null
ackley,fixed_iso_gpc,classifier_margin,classifier_margin,3,65,76,77,3723,0.7152747829513562,False,False,False,3655,0.5000044985219293,0.9999910029561414,0.693147180519472,null,null,null,null,null,null,null,null,null,null,null,null,null
ackley,fixed_iso_gpc,classifier_margin,classifier_margin,3,66,77,78,2225,2.0234662886173105,False,False,False,2185,0.49997759595541436,0.9999551919108287,0.6931471795560629,null,null,null,null,null,null,null,null,null,null,null,null,null
ackley,fixed_iso_gpc,classifier_margin,classifier_margin,3,67,78,79,2739,0.6547464997227355,False,False,False,2693,0.4998975377680561,0.9997950755361122,0.6931471595629273,null,null,null,null,null,null,null,null,null,null,null,null,null
ackley,fixed_iso_gpc,classifier_margin,classifier_margin,3,68,79,80,1977,0.2930923497658071,False,True,True,1942,0.500123826162904,0.9997523476741921,0.6931471498941078,null,null,null,null,null,null,null,null,null,null,null,null,null
ackley,fixed_iso_gpc,classifier_entropy,classifier_entropy,3,1,12,13,1583,2.3624861693336534,False,False,False,1582,0.4999974470717367,0.9999948941434734,0.6931471805469105,Binary entropy is monotone-equivalent to classifier margin.,null,null,null,null,null,null,null,null,null,null,null,null
ackley,fixed_iso_gpc,classifier_entropy,classifier_entropy,3,2,13,14,3196,0.9661928577911105,False,False,False,3186,0.49998981834761236,0.9999796366952247,0.6931471803526132,Binary entropy is monotone-equivalent to classifier margin.,null,null,null,null,null,null,null,null,null,null,null,null
ackley,fixed_iso_gpc,classifier_entropy,classifier_entropy,3,3,14,15,3105,0.15719873581628185,True,True,True,3095,0.499995146387887,0.999990292775774,0.6931471805128302,Binary entropy is monotone-equivalent to classifier margin.,null,null,null,null,null,null,null,null,null,null,null,null
ackley,fixed_iso_gpc,classifier_entropy,classifier_entropy,3,4,15,16,2661,0.20838704622347137,False,True,True,2655,0.5000008150739368,0.9999983698521264,0.6931471805586167,Binary entropy is monotone-equivalent to classifier margin.,null,null,null,null,null,null,null,null,null,null,null,null
ackley,fixed_iso_gpc,classifier_entropy,classifier_entropy,3,5,16,17,3874,0.2641902933250293,False,True,True,3860,0.5000104640415176,0.9999790719169648,0.6931471803409529,Binary entropy is monotone-equivalent to classifier margin.,null,null,null,null,null,null,null,null,null,null,null,null
ackley,fixed_iso_gpc,classifier_entropy,classifier_entropy,3,6,17,18,3671,0.3228647033591123,False,True,True,3658,0.5000103535834306,0.9999792928331388,0.693147180345552,Binary entropy is monotone-equivalent to classifier margin.,null,null,null,null,null,null,null,null,null,null,null,null
ackley,fixed_iso_gpc,classifier_entropy,classifier_entropy,3,7,18,19,888,0.9482938853128502,False,False,False,887,0.5000017877660847,0.9999964244678305,0.6931471805535531,Binary entropy is monotone-equivalent to classifier margin.,null,null,null,null,null,null,null,null,null,null,null,null
ackley,fixed_iso_gpc,classifier_entropy,classifier_entropy,3,8,19,20,1340,4.432367231360212,False,False,False,1338,0.49995188664405193,0.9999037732881039,0.6931471759301553,Binary entropy is monotone-equivalent to classifier margin.,null,null,null,null,null,null,null,null,null,null,null,null
ackley,fixed_iso_gpc,classifier_entropy,classifier_entropy,3,9,20,21,1290,0.06624734875213356,True,True,True,1288,0.4999891446149189,0.9999782892298378,0.6931471803242666,Binary entropy is monotone-equivalent to classifier margin.,null,null,null,null,null,null,null,null,null,null,null,null
ackley,fixed_iso_gpc,classifier_entropy,classifier_entropy,3,10,21,22,1254,3.016733434465701,False,False,False,1252,0.5000090205785823,0.9999819588428354,0.6931471803972036,Binary entropy is monotone-equivalent to classifier margin.,null,null,null,null,null,null,null,null,null,null,null,null
ackley,fixed_iso_gpc,classifier_entropy,classifier_entropy,3,11,22,23,927,0.4296559434961438,False,False,True,925,0.49998349907665374,0.9999669981533075,0.6931471800153843,Binary entropy is monotone-equivalent to classifier margin.,null,null,null,null,null,null,null,null,null,null,null,null
ackley,fixed_iso_gpc,classifier_entropy,classifier_entropy,3,12,23,24,772,1.132889471487747,False,False,False,771,0.49995955334703424,0.9999191066940685,0.6931471772880817,Binary entropy is monotone-equivalent to classifier margin.,null,null,null,null,null,null,null,null,null,null,null,null
ackley,fixed_iso_gpc,classifier_entropy,classifier_entropy,3,13,24,25,1601,0.5810113304217435,False,False,True,1593,0.49999506153999224,0.9999901230799845,0.6931471805111684,Binary entropy is monotone-equivalent to classifier margin.,null,null,null,null,null,null,null,null,null,null,null,null
ackley,fixed_iso_gpc,classifier_entropy,classifier_entropy,3,14,25,26,3163,0.294065256639664,False,True,True,3144,0.5000179862826957,0.9999640274346087,0.6931471799129326,Binary entropy is monotone-equivalent to classifier margin.,null,null,null,null,null,null,null,null,null,null,null,null
ackley,fixed_iso_gpc,classifier_entropy,classifier_entropy,3,15,26,27,3032,1.1210151917123632,False,False,False,3015,0.4999919441086849,0.9999838882173698,0.6931471804301506,Binary entropy is monotone-equivalent to classifier margin.,null,null,null,null,null,null,null,null,null,null,null,null
ackley,fixed_iso_gpc,classifier_entropy,classifier_entropy,3,16,27,28,2481,0.32770091530606216,False,True,True,2469,0.5000069455157321,0.9999861089685358,0.6931471804634649,Binary entropy is monotone-equivalent to classifier margin.,null,null,null,null,null,null,null,null,null,null,null,null
ackley,fixed_iso_gpc,classifier_entropy,classifier_entropy,3,17,28,29,3167,0.6179690818662582,False,False,True,3145,0.4999819986735428,0.9999639973470856,0.6931471799118498,Binary entropy is monotone-equivalent to classifier margin.,null,null,null,null,null,null,null,null,null,null,null,null
ackley,fixed_iso_gpc,classifier_entropy,classifier_entropy,3,18,29,30,762,2.1445273494888895,False,False,False,761,0.4999644724753952,0.9999289449507904,0.6931471780355353,Binary entropy is monotone-equivalent to classifier margin.,null,null,null,null,null,null,null,null,null,null,null,null
ackley,fixed_iso_gpc,classifier_entropy,classifier_entropy,3,19,30,31,2133,0.33705944227579643,False,True,True,2121,0.499966973675352,0.999933947350704,0.6931471783784691,Binary entropy is monotone-equivalent to classifier margin.,null,null,null,null,null,null,null,null,null,null,null,null
ackley,fixed_iso_gpc,classifier_entropy,classifier_entropy,3,20,31,32,1973,0.10889602947955268,True,True,True,1962,0.50000828620538,0.9999834275892401,0.693147180422623,Binary entropy is monotone-equivalent to classifier margin.,null,null,null,null,null,null,null,null,null,null,null,null
ackley,fixed_iso_gpc,classifier_entropy,classifier_entropy,3,21,32,33,505,1.3765643265435603,False,False,False,504,0.49993126128535964,0.9998625225707193,0.6931471711099235,Binary entropy is monotone-equivalent to classifier margin.,null,null,null,null,null,null,null,null,null,null,null,null
ackley,fixed_iso_gpc,classifier_entropy,classifier_entropy,3,22,33,34,1298,0.5083673381139686,False,False,True,1290,0.5000276803537824,0.9999446392924352,0.6931471790275414,Binary entropy is monotone-equivalent to classifier margin.,null,null,null,null,null,null,null,null,null,null,null,null
ackley,fixed_iso_gpc,classifier_entropy,classifier_entropy,3,23,34,35,1567,0.7766154524272597,False,False,False,1557,0.4999879405313785,0.999975881062757,0.6931471802690836,Binary entropy is monotone-equivalent to classifier margin.,null,null,null,null,null,null,null,null,null,null,null,null
ackley,fixed_iso_gpc,classifier_entropy,classifier_entropy,3,24,35,36,3832,1.573581597796208,False,False,False,3800,0.49998247795440326,0.9999649559088065,0.6931471799459012,Binary entropy is monotone-equivalent to classifier margin.,null,null,null,null,null,null,null,null,null,null,null,null
ackley,fixed_iso_gpc,classifier_entropy,classifier_entropy,3,25,36,37,1452,1.4588940715894605,False,False,False,1442,0.49998942981614136,0.9999788596322827,0.6931471803364877,Binary entropy is monotone-equivalent to classifier margin.,null,null,null,null,null,null,null,null,null,null,null,null
ackley,fixed_iso_gpc,classifier_entropy,classifier_entropy,3,26,37,38,3284,2.0342147543531137,False,False,False,3253,0.49996706562700993,0.9999341312540199,0.6931471783905995,Binary entropy is monotone-equivalent to classifier margin.,null,null,null,null,null,null,null,null,null,null,null,null
ackley,fixed_iso_gpc,classifier_entropy,classifier_entropy,3,27,38,39,1670,0.9977522733441067,False,False,False,1656,0.4999446232308548,0.9998892464617096,0.6931471744267722,Binary entropy is monotone-equivalent to classifier margin.,null,null,null,null,null,null,null,null,null,null,null,null
ackley,fixed_iso_gpc,classifier_entropy,classifier_entropy,3,28,39,40,3538,0.3045822518339687,False,True,True,3505,0.5000100943459248,0.9999798113081504,0.6931471803561537,Binary entropy is monotone-equivalent to classifier margin.,null,null,null,null,null,null,null,null,null,null,null,null
ackley,fixed_iso_gpc,classifier_entropy,classifier_entropy,3,29,40,41,3010,3.101910886060656,False,False,False,2984,0.5000584155472307,0.9998831689055385,0.693147173735193,Binary entropy is monotone-equivalent to classifier margin.,null,null,null,null,null,null,null,null,null,null,null,null
ackley,fixed_iso_gpc,classifier_entropy,classifier_entropy,3,30,41,42,475,0.5533697796723107,False,False,True,474,0.5000192235218042,0.9999615529563917,0.6931471798208577,Binary entropy is monotone-equivalent to classifier margin.,null,null,null,null,null,null,null,null,null,null,null,null
ackley,fixed_iso_gpc,classifier_entropy,classifier_entropy,3,31,42,43,3899,0.027739627571969905,True,True,True,3859,0.49992174789446875,0.9998434957889375,0.6931471683131611,Binary entropy is monotone-equivalent to classifier margin.,null,null,null,null,null,null,null,null,null,null,null,null
ackley,fixed_iso_gpc,classifier_entropy,classifier_entropy,3,32,43,44,1765,1.7277543405133873,False,False,False,1748,0.4999400593293618,0.9998801186587236,0.6931471733741774,Binary entropy is monotone-equivalent to classifier margin.,null,null,null,null,null,null,null,null,null,null,null,null
ackley,fixed_iso_gpc,classifier_entropy,classifier_entropy,3,33,44,45,421,0.28639224219515924,False,True,True,420,0.5000211229917529,0.9999577540164941,0.6931471796675838,Binary entropy is monotone-equivalent to classifier margin.,null,null,null,null,null,null,null,null,null,null,null,null
ackley,fixed_iso_gpc,classifier_entropy,classifier_entropy,3,34,45,46,332,1.1457609553206165,False,False,False,331,0.49997192571360055,0.9999438514272011,0.6931471789836141,Binary entropy is monotone-equivalent to classifier margin.,null,null,null,null,null,null,null,null,null,null,null,null
ackley,fixed_iso_gpc,classifier_entropy,classifier_entropy,3,35,46,47,839,1.2111445404699772,False,False,False,832,0.5000106108070769,0.9999787783858463,0.6931471803347669,Binary entropy is monotone-equivalent to classifier margin.,null,null,null,null,null,null,null,null,null,null,null,null
ackley,fixed_iso_gpc,classifier_entropy,classifier_entropy,3,36,47,48,3820,0.8328403289150916,False,False,False,3778,0.49996047489719825,0.9999209497943965,0.6931471774354778,Binary entropy is monotone-equivalent to classifier margin.,null,null,null,null,null,null,null,null,null,null,null,null
ackley,fixed_iso_gpc,classifier_entropy,classifier_entropy,3,37,48,49,1524,0.4966236378185034,False,False,True,1509,0.5000170931525629,0.9999658136948741,0.6931471799755936,Binary entropy is monotone-equivalent to classifier margin.,null,null,null,null,null,null,null,null,null,null,null,null
ackley,fixed_iso_gpc,classifier_entropy,classifier_entropy,3,38,49,50,3458,1.7523322043478213,False,False,False,3418,0.49995899060161797,0.9999179812032359,0.6931471771964037,Binary entropy is monotone-equivalent to classifier margin.,null,null,null,null,null,null,null,null,null,null,null,null
ackley,fixed_iso_gpc,classifier_entropy,classifier_entropy,3,39,50,51,3131,0.31408468399929923,False,True,True,3095,0.49995352851638264,0.9999070570327653,0.6931471762407477,Binary entropy is monotone-equivalent to classifier margin.,null,null,null,null,null,null,null,null,null,null,null,null
ackley,fixed_iso_gpc,classifier_entropy,classifier_entropy,3,40,51,52,401,0.37900543370163575,False,True,True,399,0.5000315881327121,0.9999368237345758,0.6931471785643251,Binary entropy is monotone-equivalent to classifier margin.,null,null,null,null,null,null,null,null,null,null,null,null
ackley,fixed_iso_gpc,classifier_entropy,classifier_entropy,3,41,52,53,1360,1.4557608830965023,False,False,False,1345,0.499929756041648,0.999859512083296,0.693147170691518,Binary entropy is monotone-equivalent to classifier margin.,null,null,null,null,null,null,null,null,null,null,null,null
ackley,fixed_iso_gpc,classifier_entropy,classifier_entropy,3,42,53,54,3217,0.7075266627833674,False,False,False,3175,0.5000500645057417,0.9998998709885165,0.6931471755470359,Binary entropy is monotone-equivalent to classifier margin.,null,null,null,null,null,null,null,null,null,null,null,null
ackley,fixed_iso_gpc,classifier_entropy,classifier_entropy,3,43,54,55,1220,1.9399042719194117,False,False,False,1209,0.4999387970523263,0.9998775941046526,0.6931471730683437,Binary entropy is monotone-equivalent to classifier margin.,null,null,null,null,null,null,null,null,null,null,null,null
ackley,fixed_iso_gpc,classifier_entropy,classifier_entropy,3,44,55,56,3933,0.15785009259657734,True,True,True,3880,0.49989612384748683,0.9997922476949737,0.693147158979435,Binary entropy is monotone-equivalent to classifier margin.,null,null,null,null,null,null,null,null,null,null,null,null
ackley,fixed_iso_gpc,classifier_entropy,classifier_entropy,3,45,56,57,1799,0.7244196805234004,False,False,False,1774,0.49998859124276557,0.9999771824855311,0.6931471802996259,Binary entropy is monotone-equivalent to classifier margin.,null,null,null,null,null,null,null,null,null,null,null,null
ackley,fixed_iso_gpc,classifier_entropy,classifier_entropy,3,46,57,58,1225,1.280740959421932,False,False,False,1213,0.5000029533222069,0.9999940933555862,0.6931471805425011,Binary entropy is monotone-equivalent to classifier margin.,null,null,null,null,null,null,null,null,null,null,null,null
ackley,fixed_iso_gpc,classifier_entropy,classifier_entropy,3,47,58,59,1021,0.4247488920843363,False,False,True,1010,0.500003053137199,0.9999938937256021,0.693147180541302,Binary entropy is monotone-equivalent to classifier margin.,null,null,null,null,null,null,null,null,null,null,null,null
ackley,fixed_iso_gpc,classifier_entropy,classifier_entropy,3,48,59,60,604,2.2796046346291305,False,False,False,598,0.5000144353679461,0.9999711292641078,0.6931471801431857,Binary entropy is monotone-equivalent to classifier margin.,null,null,null,null,null,null,null,null,null,null,null,null
ackley,fixed_iso_gpc,classifier_entropy,classifier_entropy,3,49,60,61,27,2.3481883948085454,False,False,False,27,0.5000449444749293,0.9999101110501414,0.6931471765199337,Binary entropy is monotone-equivalent to classifier margin.,null,null,null,null,null,null,null,null,null,null,null,null
ackley,fixed_iso_gpc,classifier_entropy,classifier_entropy,3,50,61,62,2992,1.2257210439981954,False,False,False,2952,0.5001109015571676,0.9997781968856647,0.6931471559616343,Binary entropy is monotone-equivalent to classifier margin.,null,null,null,null,null,null,null,null,null,null,null,null
ackley,fixed_iso_gpc,classifier_entropy,classifier_entropy,3,51,62,63,2118,2.276770304820195,False,False,False,2087,0.49997007775063024,0.9999401555012605,0.6931471787692631,Binary entropy is monotone-equivalent to classifier margin.,null,null,null,null,null,null,null,null,null,null,null,null
ackley,fixed_iso_gpc,classifier_entropy,classifier_entropy,3,52,63,64,2003,0.25727880780244483,False,True,True,1972,0.500001832735815,0.99999633452837,0.6931471805532274,Binary entropy is monotone-equivalent to classifier margin.,null,null,null,null,null,null,null,null,null,null,null,null
ackley,fixed_iso_gpc,classifier_entropy,classifier_entropy,3,53,64,65,3141,0.7140521992579068,False,False,False,3093,0.4999858474021494,0.9999716948042988,0.6931471801593534,Binary entropy is monotone-equivalent to classifier margin.,null,null,null,null,null,null,null,null,null,null,null,null
ackley,fixed_iso_gpc,classifier_entropy,classifier_entropy,3,54,65,66,2755,0.9737560528281826,False,False,False,2715,0.49995194173451024,0.9999038834690205,0.6931471759407515,Binary entropy is monotone-equivalent to classifier margin.,null,null,null,null,null,null,null,null,null,null,null,null
ackley,fixed_iso_gpc,classifier_entropy,classifier_entropy,3,55,66,67,2745,0.4156862964709074,False,False,True,2705,0.4999017651379009,0.9998035302758018,0.6931471612597689,Binary entropy is monotone-equivalent to classifier margin.,null,null,null,null,null,null,null,null,null,null,null,null
ackley,fixed_iso_gpc,classifier_entropy,classifier_entropy,3,56,67,68,838,0.5769939496383962,False,False,True,828,0.49988654255376286,0.9997730851075257,0.6931471548147609,Binary entropy is monotone-equivalent to classifier margin.,null,null,null,null,null,null,null,null,null,null,null,null
ackley,fixed_iso_gpc,classifier_entropy,classifier_entropy,3,57,68,69,3134,0.08085364291137687,True,True,True,3083,0.5001474263667813,0.9997051472664373,0.6931471370908775,Binary entropy is monotone-equivalent to classifier margin.,null,null,null,null,null,null,null,null,null,null,null,null
ackley,fixed_iso_gpc,classifier_entropy,classifier_entropy,3,58,69,70,283,1.3905300377409215,False,False,False,281,0.4999893000847165,0.999978600169433,0.693147180330969,Binary entropy is monotone-equivalent to classifier margin.,null,null,null,null,null,null,null,null,null,null,null,null
ackley,fixed_iso_gpc,classifier_entropy,classifier_entropy,3,59,70,71,2171,1.463758070791103,False,False,False,2134,0.49989495924187877,0.9997899184837575,0.6931471584928235,Binary entropy is monotone-equivalent to classifier margin.,null,null,null,null,null,null,null,null,null,null,null,null
ackley,fixed_iso_gpc,classifier_entropy,classifier_entropy,3,60,71,72,2974,1.139576365832271,False,False,False,2928,0.5000685856547191,0.9998628286905618,0.6931471711519612,Binary entropy is monotone-equivalent to classifier margin.,null,null,null,null,null,null,null,null,null,null,null,null
ackley,fixed_iso_gpc,classifier_entropy,classifier_entropy,3,61,72,73,922,0.38853074050901526,False,True,True,908,0.5001181583622927,0.9997636832754146,0.6931471526371479,Binary entropy is monotone-equivalent to classifier margin.,null,null,null,null,null,null,null,null,null,null,null,null
ackley,fixed_iso_gpc,classifier_entropy,classifier_entropy,3,62,73,74,487,0.7892389433406031,False,False,False,480,0.49996906847742895,0.9999381369548579,0.6931471786464272,Binary entropy is monotone-equivalent to classifier margin.,null,null,null,null,null,null,null,null,null,null,null,null
ackley,fixed_iso_gpc,classifier_entropy,classifier_entropy,3,63,74,75,2813,1.1082533496948663,False,False,False,2766,0.49999677724762054,0.9999935544952411,0.693147180539173,Binary entropy is monotone-equivalent to classifier margin.,null,null,null,null,null,null,null,null,null,null,null,null
ackley,fixed_iso_gpc,classifier_entropy,classifier_entropy,3,64,75,76,3481,0.6963868392361618,False,False,False,3416,0.5000318459931986,0.9999363080136028,0.6931471785316108,Binary entropy is monotone-equivalent to classifier margin.,null,null,null,null,null,null,null,null,null,null,null,null
ackley,fixed_iso_gpc,classifier_entropy,classifier_entropy,3,65,76,77,3723,0.7152747829513562,False,False,False,3655,0.5000044985219293,0.9999910029561414,0.693147180519472,Binary entropy is monotone-equivalent to classifier margin.,null,null,null,null,null,null,null,null,null,null,null,null
ackley,fixed_iso_gpc,classifier_entropy,classifier_entropy,3,66,77,78,2225,2.0234662886173105,False,False,False,2185,0.49997759595541436,0.9999551919108287,0.6931471795560629,Binary entropy is monotone-equivalent to classifier margin.,null,null,null,null,null,null,null,null,null,null,null,null
ackley,fixed_iso_gpc,classifier_entropy,classifier_entropy,3,67,78,79,2739,0.6547464997227355,False,False,False,2693,0.4998975377680561,0.9997950755361122,0.6931471595629273,Binary entropy is monotone-equivalent to classifier margin.,null,null,null,null,null,null,null,null,null,null,null,null
ackley,fixed_iso_gpc,classifier_entropy,classifier_entropy,3,68,79,80,1977,0.2930923497658071,False,True,True,1942,0.500123826162904,0.9997523476741921,0.6931471498941078,Binary entropy is monotone-equivalent to classifier margin.,null,null,null,null,null,null,null,null,null,null,null,null
ackley,fixed_iso_gpc,classifier_gated_diversity,classifier_gated_diversity,3,1,12,13,1705,3.196692147523846,False,False,False,1704,0.4999886174466941,0.9999772348933882,0.6931471803008202,null,0.1,25,399,0.5,6,0.9953272336651482,0.9607566465023093,1.0,0.9976636168325741,null,null,null
ackley,fixed_iso_gpc,classifier_gated_diversity,classifier_gated_diversity,3,2,13,14,1926,3.482835315223774,False,False,False,1923,0.5000606064798472,0.9998787870403056,0.6931471732136545,null,0.1,25,399,0.5,6,0.9835421842834946,0.8935359454393104,1.0,0.9917710921417473,null,null,null
ackley,fixed_iso_gpc,classifier_gated_diversity,classifier_gated_diversity,3,3,14,15,2374,3.695488647094665,False,False,False,2369,0.49996187635819594,0.9999237527163919,0.6931471776531212,null,0.1,25,399,0.5,2,0.9932999798607695,0.8210986233547417,1.0,0.9966499899303847,null,null,null
ackley,fixed_iso_gpc,classifier_gated_diversity,classifier_gated_diversity,3,4,15,16,2369,1.7451052012375943,False,False,False,2364,0.5000654291979701,0.9998691416040597,0.6931471719979854,null,0.1,25,399,0.5,3,0.9850456777341421,0.6660949576639137,0.9478375215456637,0.966441599639903,null,null,null
ackley,fixed_iso_gpc,classifier_gated_diversity,classifier_gated_diversity,3,5,16,17,1648,1.9691823910973945,False,False,False,1647,0.5001930232309079,0.9996139535381843,0.6931471060440082,null,0.1,25,399,0.5,12,0.9574653011041343,0.6240056626609964,0.9217987730630519,0.9396320370835931,null,null,null
ackley,fixed_iso_gpc,classifier_gated_diversity,classifier_gated_diversity,3,6,17,18,2611,3.561192761442955,False,False,False,2601,0.4994164374180736,0.9988328748361472,0.6931464994692167,null,0.1,25,399,0.5,46,0.8851235556286003,0.6663701378597887,1.0,0.9425617778143002,null,null,null
ackley,fixed_iso_gpc,classifier_gated_diversity,classifier_gated_diversity,3,7,18,19,385,0.7458901820021033,False,False,False,384,0.49994928320004417,0.9998985664000883,0.6931471754155577,null,0.1,25,399,0.5,2,0.9956858671949135,0.5813479089363496,0.8531032832778008,0.9243945752363572,null,null,null
ackley,fixed_iso_gpc,classifier_gated_diversity,classifier_gated_diversity,3,8,19,20,3091,4.211732214421923,False,False,False,3075,0.5006350394868673,0.9987299210262655,0.6931463740094287,null,0.1,25,399,0.5,40,0.9065305579640195,0.5787511753599694,0.9795100522821385,0.943020305123079,null,null,null
ackley,fixed_iso_gpc,classifier_gated_diversity,classifier_gated_diversity,3,9,20,21,3319,0.6211152679704028,False,False,False,3302,0.5000475666894296,0.9999048666211408,0.6931471760347654,null,0.1,25,398,0.5,4,0.993621671840004,0.49843142907195526,0.8062642371559816,0.8999429544979929,null,null,null
ackley,fixed_iso_gpc,classifier_gated_diversity,classifier_gated_diversity,3,10,21,22,1426,1.1698667063782864,False,False,False,1424,0.4995875233593732,0.9991750467187464,0.6931468402859486,null,0.1,25,398,0.5,27,0.9357708537734319,0.5060093391151836,0.8226094232785093,0.8791901385259706,null,null,null
ackley,fixed_iso_gpc,classifier_gated_diversity,classifier_gated_diversity,3,11,22,23,3094,1.4151040013855507,False,False,False,3076,0.5002635385836429,0.9994729228327142,0.6931470416547687,null,0.1,25,398,0.5,22,0.9603499799487887,0.48943229772185287,0.7868535452871941,0.8736017626179914,null,null,null
ackley,fixed_iso_gpc,classifier_gated_diversity,classifier_gated_diversity,3,12,23,24,3509,0.9942282081711973,False,False,False,3489,0.4997121469811058,0.9994242939622116,0.6931470148412151,null,0.1,25,398,0.5,20,0.9533624128625504,0.5028856934962245,0.8975566726292532,0.9254595427459018,null,null,null
ackley,fixed_iso_gpc,classifier_gated_diversity,classifier_gated_diversity,3,13,24,25,347,0.812510899350432,False,False,False,346,0.4999658735652741,0.9999317471305482,0.6931471782307181,null,0.1,25,398,0.5,1,0.9989840799178878,0.46292006071195,0.8235511710121212,0.9112676254650045,null,null,null
ackley,fixed_iso_gpc,classifier_gated_diversity,classifier_gated_diversity,3,14,25,26,3760,0.8411030974603921,False,False,False,3738,0.4999026309560808,0.9998052619121616,0.6931471615984838,null,0.1,25,398,0.5,10,0.987871752049975,0.47410423583535616,0.8633292431643333,0.9256004976071541,null,null,null
ackley,fixed_iso_gpc,classifier_gated_diversity,classifier_gated_diversity,3,15,26,27,897,1.3448865017825398,False,False,False,894,0.49982386692097364,0.9996477338419473,0.6931471185142211,null,0.1,25,398,0.5,7,0.974357841295106,0.45170762085811444,0.8080008656347436,0.8911793534649248,null,null,null
ackley,fixed_iso_gpc,classifier_gated_diversity,classifier_gated_diversity,3,16,27,28,499,1.9664758876348944,False,False,False,496,0.5001867345950048,0.9996265308099903,0.6931471108203258,null,0.1,25,398,0.5,11,0.9749296741528108,0.4569641653380793,0.8408093202058454,0.9078694971793282,null,null,null
ackley,fixed_iso_gpc,classifier_gated_diversity,classifier_gated_diversity,3,17,28,29,1929,0.10701310064099978,True,True,True,1919,0.5000434582972149,0.9999130834055703,0.6931471767826981,null,0.1,25,398,0.5,1,0.9953647180692531,0.47099053568686766,0.8727026468605534,0.9340336824649033,null,null,null
ackley,fixed_iso_gpc,classifier_gated_diversity,classifier_gated_diversity,3,18,29,30,2550,0.006949101673724201,True,True,True,2534,0.4995349196249782,0.9990698392499564,0.6931467479603725,null,0.1,25,398,0.5,31,0.9342479298123795,0.4638725007354334,0.8793148603107664,0.906781395061573,null,null,null
ackley,fixed_iso_gpc,classifier_gated_diversity,classifier_gated_diversity,3,19,30,31,2274,1.9585476906282473,False,False,False,2262,0.5007188386546311,0.9985623226907379,0.6931461471015665,null,0.1,25,397,0.5,44,0.8956906907669367,0.4858579914182259,0.9425153724411096,0.9191030316040232,null,null,null
ackley,fixed_iso_gpc,classifier_gated_diversity,classifier_gated_diversity,3,20,31,32,2517,0.21506600834236522,False,True,True,2501,0.5001225777482066,0.9997548445035869,0.6931471505093363,null,0.1,25,397,0.5,6,0.9842642861501844,0.507889313093634,1.0,0.9921321430750922,null,null,null
ackley,fixed_iso_gpc,classifier_gated_diversity,classifier_gated_diversity,3,21,32,33,518,1.7729081472609298,False,False,False,514,0.5005696454017705,0.998860709196459,0.6931465315680374,null,0.1,25,397,0.5,25,0.9266660961946142,0.4464120734609464,0.9268747616189729,0.9267704289067935,null,null,null
ackley,fixed_iso_gpc,classifier_gated_diversity,classifier_gated_diversity,3,22,33,34,1252,2.889943520536127,False,False,False,1246,0.49920459639036174,0.9984091927807235,0.6931459152256072,null,0.1,25,397,0.5,41,0.894957774097739,0.44901962264218925,0.9435320068716139,0.9192448904846764,null,null,null
ackley,fixed_iso_gpc,classifier_gated_diversity,classifier_gated_diversity,3,23,34,35,3284,2.0342147543531137,False,False,False,3256,0.5005248277394152,0.9989503445211696,0.6931466296715321,null,0.1,25,397,0.5,24,0.9353267272825857,0.42869993704595954,0.8859547329132884,0.9106407300979371,null,null,null
ackley,fixed_iso_gpc,classifier_gated_diversity,classifier_gated_diversity,3,24,35,36,2863,0.6592989646858545,False,False,False,2840,0.5002658738449534,0.9994682523100933,0.6931470391821357,null,0.1,25,397,0.5,6,0.9671075830471892,0.42392951319031497,0.8724373977196404,0.9197724903834148,null,null,null
ackley,fixed_iso_gpc,classifier_gated_diversity,classifier_gated_diversity,3,25,36,37,1645,0.5168143416515925,False,False,True,1637,0.5012923788425039,0.9974152423149922,0.6931438400700806,null,0.1,25,397,0.5,49,0.8527851006967115,0.4237964497083276,0.9653178432205294,0.9090514719586205,null,null,null
ackley,fixed_iso_gpc,classifier_gated_diversity,classifier_gated_diversity,3,26,37,38,2866,2.8612519436089094,False,False,False,2841,0.49933957972951903,0.9986791594590381,0.6931463082498244,null,0.1,25,397,0.5,28,0.924666663362661,0.40449037775139374,0.9112451894265483,0.9179559263946047,null,null,null
ackley,fixed_iso_gpc,classifier_gated_diversity,classifier_gated_diversity,3,27,38,39,3292,1.7118303989657235,False,False,False,3260,0.5001898966782686,0.9996202066434627,0.6931471084384468,null,0.1,25,397,0.5,5,0.9796642181907187,0.3668797675807871,0.7381580832864358,0.8589111507385773,null,null,null
ackley,fixed_iso_gpc,classifier_gated_diversity,classifier_gated_diversity,3,28,39,40,3727,1.900941475617854,False,False,False,3692,0.4990177659285433,0.9980355318570866,0.693145250991162,null,0.1,25,397,0.5,39,0.8904435548939275,0.4091736156159072,0.937271348399225,0.9138574516465763,null,null,null
ackley,fixed_iso_gpc,classifier_gated_diversity,classifier_gated_diversity,3,29,40,41,931,3.5812529066856023,False,False,False,925,0.5007509206361735,0.9984981587276529,0.6931460527959177,null,0.1,25,396,0.5,26,0.9163814536743908,0.3908312517356337,0.8851803955227451,0.900780924598568,null,null,null
ackley,fixed_iso_gpc,classifier_gated_diversity,classifier_gated_diversity,3,30,41,42,922,0.38853074050901526,False,True,True,916,0.5000407433267108,0.9999185133465784,0.693147177239908,null,0.1,25,396,0.5,1,0.9971089075080077,0.37210333728028283,0.8319945076112307,0.9145517075596192,null,null,null
ackley,fixed_iso_gpc,classifier_gated_diversity,classifier_gated_diversity,3,31,42,43,1062,1.9424526905024457,False,False,False,1054,0.49927498036796303,0.9985499607359261,0.6931461292526433,null,0.1,25,396,0.5,35,0.9128305390399288,0.40302595095803406,0.9198124367734409,0.9163214879066849,null,null,null
ackley,fixed_iso_gpc,classifier_gated_diversity,classifier_gated_diversity,3,32,43,44,340,1.500207611570202,False,False,False,339,0.49970992501102995,0.9994198500220599,0.6931470122729373,null,0.1,25,396,0.5,11,0.9648609561057916,0.36500655616339023,0.8566476529133236,0.9107543045095576,null,null,null
ackley,fixed_iso_gpc,classifier_gated_diversity,classifier_gated_diversity,3,33,44,45,1581,1.7210546008980714,False,False,False,1569,0.4999819445963489,0.9999638891926979,0.6931471799079502,null,0.1,25,396,0.5,1,0.9988115287002218,0.3594914317213817,0.8937631739088622,0.946287351304542,null,null,null
ackley,fixed_iso_gpc,classifier_gated_diversity,classifier_gated_diversity,3,34,45,46,803,1.4156052989632055,False,False,False,797,0.4998369643838268,0.9996739287676536,0.69314712739872,null,0.1,25,396,0.5,4,0.982519843148696,0.34932866932010936,0.8129694918634558,0.8977446675060758,null,null,null
ackley,fixed_iso_gpc,classifier_gated_diversity,classifier_gated_diversity,3,35,46,47,1637,0.38455579297488995,False,True,True,1623,0.5003216981904908,0.9993566036190185,0.6931469735804795,null,0.1,25,396,0.5,10,0.9654383710207965,0.35462058939939084,0.8499976296184751,0.9077180003196359,null,null,null
ackley,fixed_iso_gpc,classifier_gated_diversity,classifier_gated_diversity,3,36,47,48,1856,1.5945869795668237,False,False,False,1837,0.49943769645163427,0.9988753929032685,0.693146548189251,null,0.1,25,396,0.5,15,0.9428424150306549,0.35146071509162075,0.8439970100013998,0.8934197125160274,null,null,null
ackley,fixed_iso_gpc,classifier_gated_diversity,classifier_gated_diversity,3,37,48,49,444,1.3316634687712021,False,False,False,440,0.4995664071808559,0.9991328143617118,0.6931468045544324,null,0.1,25,396,0.5,13,0.9562951299302317,0.37118871639234097,0.8246657196520746,0.8904804247911531,null,null,null
ackley,fixed_iso_gpc,classifier_gated_diversity,classifier_gated_diversity,3,38,49,50,1175,1.157901417502016,False,False,False,1163,0.5003580794783417,0.9992838410433167,0.6931469241180979,null,0.1,25,396,0.5,5,0.9589025158344233,0.3614021558385028,0.8944098855537971,0.9266562006941101,null,null,null
ackley,fixed_iso_gpc,classifier_gated_diversity,classifier_gated_diversity,3,39,50,51,1782,0.8877349968864259,False,False,False,1761,0.4998862425877695,0.999772485175539,0.6931471546784473,null,0.1,25,395,0.5,2,0.9902387608084736,0.35941299084679273,0.869206095354634,0.9297224280815538,null,null,null
ackley,fixed_iso_gpc,classifier_gated_diversity,classifier_gated_diversity,3,40,51,52,1595,1.2823167185869053,False,False,False,1579,0.4996679492484143,0.9993358984968286,0.6931469600445258,null,0.1,25,395,0.5,15,0.9613928763232614,0.35009703162443445,0.839922072244851,0.9006574742840563,null,null,null
ackley,fixed_iso_gpc,classifier_gated_diversity,classifier_gated_diversity,3,41,52,53,612,1.3588606273186752,False,False,False,605,0.5001573987305118,0.9996852025389764,0.6931471310112238,null,0.1,25,395,0.5,4,0.9823182643867729,0.3469258038987376,0.8479195019427511,0.9151188831647621,null,null,null
ackley,fixed_iso_gpc,classifier_gated_diversity,classifier_gated_diversity,3,42,53,54,2368,0.1505717907784856,True,True,True,2339,0.49953765734962163,0.9990753146992433,0.6931467530384317,null,0.1,25,395,0.5,15,0.9537742892425481,0.35745936024629027,0.8817477120763487,0.9177610006594484,null,null,null
ackley,fixed_iso_gpc,classifier_gated_diversity,classifier_gated_diversity,3,43,54,55,3758,0.9929160380555615,False,False,False,3708,0.5002516826336348,0.9994966347327303,0.6931470538716438,null,0.1,25,395,0.5,8,0.9713673967772268,0.3904463209408487,0.987684377835346,0.9795258873062864,null,null,null
ackley,fixed_iso_gpc,classifier_gated_diversity,classifier_gated_diversity,3,44,55,56,965,1.1394495991987768,False,False,False,953,0.5006458831306215,0.998708233738757,0.6931463462296765,null,0.1,25,395,0.5,24,0.9247641121018183,0.36950487134524795,0.9204315209607808,0.9225978165312996,null,null,null
ackley,fixed_iso_gpc,classifier_gated_diversity,classifier_gated_diversity,3,45,56,57,3668,0.8406820676419624,False,False,False,3618,0.4996923234330233,0.9993846468660466,0.6931469912301935,null,0.1,25,395,0.5,8,0.9689434436355143,0.3498434663517166,0.8572894901311384,0.9131164668833264,null,null,null
ackley,fixed_iso_gpc,classifier_gated_diversity,classifier_gated_diversity,3,46,57,58,1392,2.203932100307412,False,False,False,1376,0.4985372096096996,0.9970744192193992,0.6931429010423886,null,0.1,25,395,0.5,72,0.8281296768451475,0.38947185940389967,0.9313387032855905,0.879734190065369,null,null,null
ackley,fixed_iso_gpc,classifier_gated_diversity,classifier_gated_diversity,3,47,58,59,3478,2.066129419234354,False,False,False,3428,0.5005284150859886,0.9989431698280229,0.6931466221148351,null,0.1,25,395,0.5,13,0.945605326775198,0.3847496832223215,0.9693897913311318,0.9574975590531649,null,null,null
ackley,fixed_iso_gpc,classifier_gated_diversity,classifier_gated_diversity,3,48,59,60,885,0.37805459937399455,False,True,True,876,0.5006547372641137,0.9986905254717726,0.6931463231979302,null,0.1,25,395,0.5,16,0.9345613623582079,0.35991931730716104,0.8896477926976575,0.9121045775279326,null,null,null
ackley,fixed_iso_gpc,classifier_gated_diversity,classifier_gated_diversity,3,49,60,61,1471,0.37659418027176983,False,True,True,1452,0.4995109801220462,0.9990219602440924,0.693146702278987,null,0.1,25,394,0.5,17,0.9509131043482631,0.38150733407142917,0.905433409330164,0.9281732568392136,null,null,null
ackley,fixed_iso_gpc,classifier_gated_diversity,classifier_gated_diversity,3,50,61,62,2127,1.4671013412400207,False,False,False,2095,0.49835387220271965,0.9967077444054393,0.693141761076705,null,0.1,25,394,0.5,68,0.8323485353528811,0.4154449622670539,1.0,0.9161742676764406,null,null,null
ackley,fixed_iso_gpc,classifier_gated_diversity,classifier_gated_diversity,3,51,62,63,1629,1.5256323854604528,False,False,False,1607,0.501762738911494,0.9964745221770119,0.6931409660501318,null,0.1,25,394,0.5,78,0.821118938366628,0.3765535216637462,0.9250358359588194,0.8730773871627238,null,null,null
ackley,fixed_iso_gpc,classifier_gated_diversity,classifier_gated_diversity,3,52,63,64,3188,0.23093522310105108,False,True,True,3137,0.500910237877382,0.998179524245236,0.6931455234930431,null,0.1,25,394,0.5,41,0.9062347147092327,0.3457594539876528,0.8549616662007246,0.8805981904549787,null,null,null
ackley,fixed_iso_gpc,classifier_gated_diversity,classifier_gated_diversity,3,53,64,65,1845,1.0126945947072095,False,False,False,1816,0.5002732914109476,0.9994534171781049,0.6931470311835473,null,0.1,25,394,0.5,12,0.9749666214226411,0.330650260963565,0.8066525574657867,0.8908095894442138,null,null,null
ackley,fixed_iso_gpc,classifier_gated_diversity,classifier_gated_diversity,3,54,65,66,810,0.9393901715690856,False,False,False,801,0.4999108988460065,0.999821797692013,0.6931471646819138,null,0.1,25,394,0.5,2,0.9949736674143387,0.28919861379359535,0.6741178729737775,0.8345457701940581,null,null,null
ackley,fixed_iso_gpc,classifier_gated_diversity,classifier_gated_diversity,3,55,66,67,2357,0.34666227278017203,False,True,True,2320,0.4996441039564007,0.9992882079128014,0.6931469272359363,null,0.1,25,394,0.5,4,0.9675424991070438,0.3006683701234531,0.7107904937298283,0.839166496418436,null,null,null
ackley,fixed_iso_gpc,classifier_gated_diversity,classifier_gated_diversity,3,56,67,68,2723,0.15045604149429437,True,True,True,2676,0.5003888178953032,0.9992223642093936,0.6931468782012035,null,0.1,25,394,0.5,4,0.9634552806529442,0.3284013977779959,0.7994621948839825,0.8814587377684633,null,null,null
ackley,fixed_iso_gpc,classifier_gated_diversity,classifier_gated_diversity,3,57,68,69,2676,0.8778064820169948,False,False,False,2630,0.49933395788847257,0.9986679157769451,0.6931462933354942,null,0.1,25,394,0.5,21,0.9412745104354574,0.30095670612019276,0.711712399684467,0.8264934550599622,null,null,null
ackley,fixed_iso_gpc,classifier_gated_diversity,classifier_gated_diversity,3,58,69,70,459,0.27033412373663346,False,True,True,454,0.5001766062051173,0.9996467875897654,0.6931471181804406,null,0.1,25,394,0.5,2,0.9984393547055241,0.2842607342316979,0.6583298318589785,0.8283845932822513,null,null,null
ackley,fixed_iso_gpc,classifier_gated_diversity,classifier_gated_diversity,3,59,70,71,3076,1.911739271358197,False,False,False,3022,0.5016708747450882,0.9966582505098236,0.6931415969047253,null,0.1,25,393,0.5,62,0.8435591637203674,0.38733497901281944,0.9878924293427995,0.9157257965315835,null,null,null
ackley,fixed_iso_gpc,classifier_gated_diversity,classifier_gated_diversity,3,60,71,72,535,1.1137115441675682,False,False,False,527,0.5003283605406403,0.9993432789187193,0.6931469649186405,null,0.1,25,393,0.5,9,0.974759768826339,0.3018951320563267,0.7147128591078197,0.8447363139670794,null,null,null
ackley,fixed_iso_gpc,classifier_gated_diversity,classifier_gated_diversity,3,61,72,73,3024,0.08133344692287636,True,True,True,2969,0.5000476385047503,0.9999047229904994,0.693147176021091,null,0.1,25,393,0.5,2,0.996899432498421,0.3045585889537429,0.7232288154969511,0.8600641239976861,null,null,null
ackley,fixed_iso_gpc,classifier_gated_diversity,classifier_gated_diversity,3,62,73,74,2569,0.5906847968447675,False,False,True,2522,0.4990629265432591,0.9981258530865182,0.6931454243455906,null,0.1,25,393,0.5,24,0.9191738587960162,0.3346244783838897,0.8193594506260414,0.8692666547110288,null,null,null
ackley,fixed_iso_gpc,classifier_gated_diversity,classifier_gated_diversity,3,63,74,75,2362,0.7256283409868374,False,False,False,2322,0.49873474243612037,0.9974694848722407,0.6931439788031224,null,0.1,25,393,0.5,54,0.8891501010268309,0.36056202541109483,0.9022904038316292,0.89572025242923,null,null,null
ackley,fixed_iso_gpc,classifier_gated_diversity,classifier_gated_diversity,3,64,75,76,3630,0.9753001509451007,False,False,False,3562,0.5008874013993605,0.998225197201279,0.6931456055966313,null,0.1,25,393,0.5,28,0.9259052715117819,0.34147285785068304,0.9324346462692518,0.9291699588905169,null,null,null
ackley,fixed_iso_gpc,classifier_gated_diversity,classifier_gated_diversity,3,65,76,77,281,0.44535568231697553,False,False,True,280,0.5004711802099466,0.9990576395801067,0.6931467365382991,null,0.1,25,393,0.5,15,0.9598171390283737,0.3262463327040656,0.9445631908819938,0.9521901649551838,null,null,null
ackley,fixed_iso_gpc,classifier_gated_diversity,classifier_gated_diversity,3,66,77,78,90,1.315909518194717,False,False,False,90,0.4999320570104394,0.9998641140208788,0.6931471713274456,null,0.1,25,393,0.5,1,0.999020423501287,0.29338929738317354,0.8459016594378681,0.9224610414695775,null,null,null
ackley,fixed_iso_gpc,classifier_gated_diversity,classifier_gated_diversity,3,67,78,79,1100,0.049072249090745146,True,True,True,1080,0.4993260150511858,0.9986520301023716,0.6931462720482477,null,0.1,25,393,0.5,29,0.9427928356857307,0.29589092977426357,0.8556661346555638,0.8992294851706473,null,null,null
ackley,fixed_iso_gpc,classifier_gated_diversity,classifier_gated_diversity,3,68,79,80,1133,1.8505506972417596,False,False,False,1112,0.497941854083245,0.99588370816649,0.6931387086067913,null,0.1,25,393,0.5,76,0.8243965081313489,0.3244304436778301,0.9670627480145048,0.8957296280729268,null,null,null
ackley,fixed_iso_gpc,classifier_uncertainty_repulsion,classifier_uncertainty_repulsion,3,1,12,13,1583,2.3624861693336534,False,False,False,1582,0.4999974470717367,0.9999948941434734,0.6931471805469105,null,0.1,25,399,null,0,1.0,null,null,0.9999999647475365,0.15,0.8787678129256481,0.9999999647475365
ackley,fixed_iso_gpc,classifier_uncertainty_repulsion,classifier_uncertainty_repulsion,3,2,13,14,3196,0.9661928577911105,False,False,False,3186,0.49998981834761236,0.9999796366952247,0.6931471803526132,null,0.1,25,399,null,0,1.0,null,null,0.9999713605154511,0.15,0.6860995478964635,0.9999713605154511
ackley,fixed_iso_gpc,classifier_uncertainty_repulsion,classifier_uncertainty_repulsion,3,3,14,15,1748,1.3244537130532184,False,False,False,1745,0.5000354667898773,0.9999290664202454,0.6931471780441589,null,0.1,25,399,null,1,0.9928151626320363,null,null,0.9919170414857558,0.15,0.5615690223640778,0.9990953793011184
ackley,fixed_iso_gpc,classifier_uncertainty_repulsion,classifier_uncertainty_repulsion,3,4,15,16,3216,1.796516899097588,False,False,False,3204,0.49994848700322525,0.9998969740064505,0.6931471752527677,null,0.1,25,399,null,0,1.0,null,null,0.9996621789417331,0.15,0.5997372255677177,0.9996621789417331
ackley,fixed_iso_gpc,classifier_uncertainty_repulsion,classifier_uncertainty_repulsion,3,5,16,17,3706,0.3164774678093316,False,True,True,3693,0.5001052510563757,0.9997894978872486,0.6931471584043754,null,0.1,25,399,null,2,0.9857816729433914,null,null,0.9820144799424165,0.15,0.5005194435284788,0.9961784712534505
ackley,fixed_iso_gpc,classifier_uncertainty_repulsion,classifier_uncertainty_repulsion,3,6,17,18,3026,1.5794541043872385,False,False,False,3016,0.49985659797004905,0.9997131959400981,0.6931471394316604,null,0.1,25,399,null,9,0.9836456800810318,null,null,0.9817290363130653,0.15,0.5299349544512607,0.9980514896707434
ackley,fixed_iso_gpc,classifier_uncertainty_repulsion,classifier_uncertainty_repulsion,3,7,18,19,3874,0.2641902933250293,False,True,True,3858,0.5000219070901419,0.9999561858197161,0.6931471796001041,null,0.1,25,399,null,0,1.0,null,null,0.9734961843186954,0.15,0.40419178069426015,0.9734961843186954
ackley,fixed_iso_gpc,classifier_uncertainty_repulsion,classifier_uncertainty_repulsion,3,8,19,20,3753,3.6636168630662436,False,False,False,3738,0.4999815142275714,0.9999630284551428,0.6931471798764977,null,0.1,25,399,null,2,0.9979349791410873,null,null,0.9883101172211566,0.15,0.45701229360582346,0.9903552214111037
ackley,fixed_iso_gpc,classifier_uncertainty_repulsion,classifier_uncertainty_repulsion,3,9,20,21,2476,0.2628773420771182,False,True,True,2470,0.5000664745077703,0.9998670509844594,0.693147171722225,null,0.1,25,398,null,1,0.995248517442159,null,null,0.9892517150028667,0.15,0.4796138793224526,0.9939745678248239
ackley,fixed_iso_gpc,classifier_uncertainty_repulsion,classifier_uncertainty_repulsion,3,10,21,22,2691,1.624480240495517,False,False,False,2683,0.500095321775392,0.9998093564492161,0.6931471623874634,null,0.1,25,398,null,1,0.9874297660496418,null,null,0.9866779367500315,0.15,0.5684327670303113,0.9992385997207496
ackley,fixed_iso_gpc,classifier_uncertainty_repulsion,classifier_uncertainty_repulsion,3,11,22,23,1164,1.3413993078851707,False,False,False,1163,0.49997040908881285,0.9999408181776257,0.6931471788087014,null,0.1,25,398,null,0,1.0,null,null,0.9537147522247323,0.15,0.37186279675199047,0.9537147522247323
ackley,fixed_iso_gpc,classifier_uncertainty_repulsion,classifier_uncertainty_repulsion,3,12,23,24,3829,0.9955778969044431,False,False,False,3809,0.5002105849753565,0.9995788300492869,0.693147091867879,null,0.1,25,398,null,8,0.9804119660580459,null,null,0.9750612161560639,0.15,0.4842345776360436,0.9945423453739596
ackley,fixed_iso_gpc,classifier_uncertainty_repulsion,classifier_uncertainty_repulsion,3,13,24,25,3496,4.514555157631323,False,False,False,3479,0.4999172316512379,0.9998344633024758,0.6931471668587461,null,0.1,25,398,null,2,0.9919998984049483,null,null,0.9425079370215811,0.15,0.36729562142511424,0.9501089047862343
ackley,fixed_iso_gpc,classifier_uncertainty_repulsion,classifier_uncertainty_repulsion,3,14,25,26,3801,1.560278146333669,False,False,False,3780,0.49986536336886317,0.9997307267377263,0.6931471443059,null,0.1,25,398,null,3,0.9881779177700062,null,null,0.9821470722369892,0.15,0.4790134645576924,0.993897004350566
ackley,fixed_iso_gpc,classifier_uncertainty_repulsion,classifier_uncertainty_repulsion,3,15,26,27,431,0.8885800615450314,False,False,False,430,0.4997992247092935,0.999598449418587,0.6931470999385084,null,0.1,25,398,null,8,0.9775305075848474,null,null,0.9575256535810963,0.15,0.4183389236774892,0.979535314909837
ackley,fixed_iso_gpc,classifier_uncertainty_repulsion,classifier_uncertainty_repulsion,3,16,27,28,536,0.8160523412473069,False,False,False,534,0.4997641291097518,0.9995282582195036,0.6931470692897874,null,0.1,25,398,null,11,0.9760162099705169,null,null,0.9402767609550525,0.15,0.38577854344181317,0.9633823202418493
ackley,fixed_iso_gpc,classifier_uncertainty_repulsion,classifier_uncertainty_repulsion,3,17,28,29,3142,2.5060189039600775,False,False,False,3125,0.49995745351767507,0.9999149070353501,0.693147176939539,null,0.1,25,398,null,0,1.0,null,null,0.9859377418619626,0.15,0.43805448967564264,0.9859377418619626
ackley,fixed_iso_gpc,classifier_uncertainty_repulsion,classifier_uncertainty_repulsion,3,18,29,30,1138,0.3733987061852293,False,True,True,1135,0.4997930400191621,0.9995860800383242,0.6931470948950755,null,0.1,25,398,null,9,0.9816157879079427,null,null,0.9398964358676576,0.15,0.3769888188326473,0.9574993061906645
ackley,fixed_iso_gpc,classifier_uncertainty_repulsion,classifier_uncertainty_repulsion,3,19,30,31,87,0.44193488172845186,False,False,True,87,0.4998163967338728,0.9996327934677456,0.6931471131396252,null,0.1,25,397,null,6,0.9802280309053422,null,null,0.9220678128901241,0.15,0.35651965462983787,0.9406666447178611
ackley,fixed_iso_gpc,classifier_uncertainty_repulsion,classifier_uncertainty_repulsion,3,20,31,32,2652,0.7909991705645378,False,False,False,2639,0.4996617242587891,0.9993234485175782,0.6931469516989737,null,0.1,25,397,null,9,0.9695549012785372,null,null,0.9425474823715732,0.15,0.40141331250414986,0.9721445181996917
ackley,fixed_iso_gpc,classifier_uncertainty_repulsion,classifier_uncertainty_repulsion,3,21,32,33,1168,1.1543579007715525,False,False,False,1162,0.4998521496965194,0.9997042993930388,0.6931471368405202,null,0.1,25,397,null,5,0.9902582641700892,null,null,0.9370415186780067,0.15,0.3627143092936006,0.9462597310039293
ackley,fixed_iso_gpc,classifier_uncertainty_repulsion,classifier_uncertainty_repulsion,3,22,33,34,204,0.45971425236354335,False,False,True,202,0.5000467899701492,0.9999064200597017,0.6931471761813427,null,0.1,25,397,null,2,0.9961033815720566,null,null,0.9590884591229263,0.15,0.38492057086052195,0.9628402803023185
ackley,fixed_iso_gpc,classifier_uncertainty_repulsion,classifier_uncertainty_repulsion,3,23,34,35,681,1.2397366728748445,False,False,False,676,0.5000959432571273,0.9998081134857455,0.693147162149728,null,0.1,25,397,null,1,0.9927028857728181,null,null,0.9361810717293434,0.15,0.35911170142243853,0.9430627080332576
ackley,fixed_iso_gpc,classifier_uncertainty_repulsion,classifier_uncertainty_repulsion,3,24,35,36,3124,2.2323114982698407,False,False,False,3101,0.5001930617147488,0.9996138765705025,0.6931471060142921,null,0.1,25,397,null,7,0.9816742926636512,null,null,0.9509158177407633,0.15,0.3947647787682378,0.9686673317690446
ackley,fixed_iso_gpc,classifier_uncertainty_repulsion,classifier_uncertainty_repulsion,3,25,36,37,607,0.7021029237979075,False,False,False,602,0.5002067361930821,0.9995865276138358,0.6931470950802358,null,0.1,25,397,null,3,0.989034370527853,null,null,0.9363543980453728,0.15,0.3632660427588241,0.9467359537218463
ackley,fixed_iso_gpc,classifier_uncertainty_repulsion,classifier_uncertainty_repulsion,3,26,37,38,3205,0.5763176280191011,False,False,True,3178,0.500074298120514,0.9998514037589721,0.6931471695195239,null,0.1,25,397,null,2,0.9951033032025687,null,null,0.9463999511526724,0.15,0.3684690506849722,0.9510569888642185
ackley,fixed_iso_gpc,classifier_uncertainty_repulsion,classifier_uncertainty_repulsion,3,27,38,39,3876,0.1550476460734984,True,True,True,3840,0.4999962451005556,0.9999924902011113,0.6931471805317467,null,0.1,25,397,null,0,1.0,null,null,0.9569674267640224,0.15,0.3762458066020536,0.9569674267640224
ackley,fixed_iso_gpc,classifier_uncertainty_repulsion,classifier_uncertainty_repulsion,3,28,39,40,631,1.4118770790350261,False,False,False,625,0.49984616547114075,0.9996923309422815,0.69314713322982,null,0.1,25,397,null,3,0.9911200394807199,null,null,0.9136042964443054,0.15,0.33863838711177996,0.9217897530585422
ackley,fixed_iso_gpc,classifier_uncertainty_repulsion,classifier_uncertainty_repulsion,3,29,40,41,1089,1.4234460618348859,False,False,False,1081,0.5003339171888018,0.9993321656223964,0.6931469575585507,null,0.1,25,396,null,3,0.9757762798077114,null,null,0.9538123587302396,0.15,0.41318573089555666,0.9774908229150641
ackley,fixed_iso_gpc,classifier_uncertainty_repulsion,classifier_uncertainty_repulsion,3,30,41,42,1818,1.498901269034393,False,False,False,1803,0.49997731280310204,0.9999546256062041,0.6931471795305275,null,0.1,25,396,null,0,1.0,null,null,0.9470069360574753,0.15,0.3635818215176278,0.9470069360574753
ackley,fixed_iso_gpc,classifier_uncertainty_repulsion,classifier_uncertainty_repulsion,3,31,42,43,2459,2.3438042643284867,False,False,False,2441,0.5006062948790575,0.998787410241885,0.6931464453728045,null,0.1,25,396,null,19,0.9455950639672683,null,null,0.8940370542744912,0.15,0.36181460487595557,0.9454755934570299
ackley,fixed_iso_gpc,classifier_uncertainty_repulsion,classifier_uncertainty_repulsion,3,32,43,44,2534,3.079310998383191,False,False,False,2513,0.5010622759754586,0.9978754480490828,0.6931449236977514,null,0.1,25,396,null,38,0.8899664279225721,null,null,0.8785822034616362,0.15,0.44289161465129456,0.9872082540377284
ackley,fixed_iso_gpc,classifier_uncertainty_repulsion,classifier_uncertainty_repulsion,3,33,44,45,3537,1.1281315588914413,False,False,False,3502,0.4999810464362399,0.9999620928724798,0.6931471798414701,null,0.1,25,396,null,0,1.0,null,null,0.9443189076717813,0.15,0.3605068085850804,0.9443189076717813
ackley,fixed_iso_gpc,classifier_uncertainty_repulsion,classifier_uncertainty_repulsion,3,34,45,46,2360,1.6207812968107955,False,False,False,2343,0.49976438978227056,0.9995287795645411,0.6931470695355919,null,0.1,25,396,null,7,0.9801802098878641,null,null,0.9041152521743137,0.15,0.3391558553541706,0.9223969664494118
ackley,fixed_iso_gpc,classifier_uncertainty_repulsion,classifier_uncertainty_repulsion,3,35,46,47,2764,1.9847539352188868,False,False,False,2738,0.49999632390363563,0.9999926478072713,0.6931471805329179,null,0.1,25,396,null,0,1.0,null,null,0.9886507744901389,0.15,0.44892901426891707,0.9886507744901389
ackley,fixed_iso_gpc,classifier_uncertainty_repulsion,classifier_uncertainty_repulsion,3,36,47,48,2501,2.6391606533380116,False,False,False,2480,0.49970098357159565,0.9994019671431913,0.6931470017382857,null,0.1,25,396,null,11,0.9688180257733556,null,null,0.9437258156899158,0.15,0.40547302130594204,0.9741001824739892
ackley,fixed_iso_gpc,classifier_uncertainty_repulsion,classifier_uncertainty_repulsion,3,37,48,49,2290,0.0943063563626243,True,True,True,2273,0.5000105759234299,0.9999788481531402,0.693147180336245,null,0.1,25,396,null,0,1.0,null,null,0.8929965567236375,0.15,0.3171281159437988,0.8929965567236375
ackley,fixed_iso_gpc,classifier_uncertainty_repulsion,classifier_uncertainty_repulsion,3,38,49,50,696,2.6896754681062003,False,False,False,688,0.5007140741823475,0.998571851635305,0.6931461607557228,null,0.1,25,396,null,38,0.9277464112780706,null,null,0.8821027559245375,0.15,0.36815108563651405,0.9508015824166283
ackley,fixed_iso_gpc,classifier_uncertainty_repulsion,classifier_uncertainty_repulsion,3,39,50,51,2781,0.40215568035953453,False,False,True,2751,0.49961077660491604,0.9992215532098321,0.6931468775702121,null,0.1,25,395,null,26,0.9597860425144694,null,null,0.8762311323079222,0.15,0.3314427347124479,0.9129442328754352
ackley,fixed_iso_gpc,classifier_uncertainty_repulsion,classifier_uncertainty_repulsion,3,40,51,52,1189,0.60252604576905,False,False,True,1176,0.49998818442513315,0.9999763688502663,0.6931471802807296,null,0.1,25,395,null,0,1.0,null,null,0.8980037983604398,0.15,0.32051035355685753,0.8980037983604398
ackley,fixed_iso_gpc,classifier_uncertainty_repulsion,classifier_uncertainty_repulsion,3,41,52,53,2325,0.6724883696161825,False,False,False,2305,0.5005090930605202,0.9989818138789597,0.6931466622083672,null,0.1,25,395,null,29,0.9486273630008976,null,null,0.8880076826678438,0.15,0.35180653876736995,0.9360974786334554
ackley,fixed_iso_gpc,classifier_uncertainty_repulsion,classifier_uncertainty_repulsion,3,42,53,54,392,1.357533882058764,False,False,False,389,0.4998096088723884,0.9996192177447768,0.6931471080623806,null,0.1,25,395,null,11,0.9825366920089881,null,null,0.88110862293569,0.15,0.3196645928496863,0.8967691793108423
ackley,fixed_iso_gpc,classifier_uncertainty_repulsion,classifier_uncertainty_repulsion,3,43,54,55,650,1.3193184517504424,False,False,False,642,0.49983790876315437,0.9996758175263087,0.6931471280128063,null,0.1,25,395,null,5,0.9889050246383159,null,null,0.8840323779453366,0.15,0.31776299446117134,0.8939507393732421
ackley,fixed_iso_gpc,classifier_uncertainty_repulsion,classifier_uncertainty_repulsion,3,44,55,56,1936,1.4971188835620772,False,False,False,1916,0.49861386045061584,0.9972277209012317,0.6931433377893222,null,0.1,25,395,null,59,0.865168508159148,null,null,0.843330224678713,0.15,0.4068988675538833,0.9747583467561699
ackley,fixed_iso_gpc,classifier_uncertainty_repulsion,classifier_uncertainty_repulsion,3,45,56,57,1531,1.6552438416206936,False,False,False,1515,0.5000862572194953,0.9998274855610094,0.6931471656793293,null,0.1,25,395,null,1,0.9949297067794677,null,null,0.869623691396027,0.15,0.30534586108969125,0.8740554086086652
ackley,fixed_iso_gpc,classifier_uncertainty_repulsion,classifier_uncertainty_repulsion,3,46,57,58,2902,0.48408688018303003,False,False,True,2865,0.49951337194711465,0.9990267438942293,0.6931467069461468,null,0.1,25,395,null,14,0.9647992945935048,null,null,0.9067700345699452,0.15,0.3556596305142748,0.9398535422354254
ackley,fixed_iso_gpc,classifier_uncertainty_repulsion,classifier_uncertainty_repulsion,3,47,58,59,419,2.1797719405207285,False,False,False,415,0.5006305503928581,0.9987388992142838,0.6931463853721387,null,0.1,25,395,null,20,0.9407203782871749,null,null,0.8786582368288122,0.15,0.3497612613852548,0.9340270043141162
ackley,fixed_iso_gpc,classifier_uncertainty_repulsion,classifier_uncertainty_repulsion,3,48,59,60,3054,1.8554045570791136,False,False,False,3012,0.5004794447477839,0.9990411105044321,0.6931467208253426,null,0.1,25,395,null,16,0.9660526323998753,null,null,0.8662736005388464,0.15,0.31962745753557903,0.8967147042359824
ackley,fixed_iso_gpc,classifier_uncertainty_repulsion,classifier_uncertainty_repulsion,3,49,60,61,3727,1.900941475617854,False,False,False,3675,0.5005026140892215,0.998994771821557,0.6931466753180149,null,0.1,25,394,null,19,0.9571408144528623,null,null,0.9174861316549022,0.15,0.3785080798345095,0.9585696459714466
ackley,fixed_iso_gpc,classifier_uncertainty_repulsion,classifier_uncertainty_repulsion,3,50,61,62,595,0.17106476471883347,True,True,True,588,0.5006108289871214,0.9987783420257572,0.6931464343356566,null,0.1,25,394,null,26,0.9470634479868728,null,null,0.884361099664863,0.15,0.34953329388799503,0.9337928747484731
ackley,fixed_iso_gpc,classifier_uncertainty_repulsion,classifier_uncertainty_repulsion,3,51,62,63,42,0.744423961616711,False,False,False,42,0.5006910121780892,0.9986179756438216,0.6931462255639809,null,0.1,25,394,null,28,0.944410584951943,null,null,0.862243619631437,0.15,0.3314835521113729,0.9129965645983447
ackley,fixed_iso_gpc,classifier_uncertainty_repulsion,classifier_uncertainty_repulsion,3,52,63,64,2980,0.5142154294139321,False,False,True,2937,0.4995329718813044,0.9990659437626088,0.6931467443293546,null,0.1,25,394,null,19,0.958735178700551,null,null,0.8814211691843478,0.15,0.3365981095406365,0.9193583262262338
ackley,fixed_iso_gpc,classifier_uncertainty_repulsion,classifier_uncertainty_repulsion,3,53,64,65,2430,1.6936713875026044,False,False,False,2400,0.5002138537899081,0.9995722924201838,0.6931470890930557,null,0.1,25,394,null,6,0.9861107070808128,null,null,0.8933545256124737,0.15,0.3261452784697314,0.9059373549011291
ackley,fixed_iso_gpc,classifier_uncertainty_repulsion,classifier_uncertainty_repulsion,3,54,65,66,2770,1.0438344320897155,False,False,False,2730,0.49976666650684887,0.9995333330136977,0.6931470716709034,null,0.1,25,394,null,5,0.9874069974630982,null,null,0.892119858068951,0.15,0.32437391338769933,0.9034976057097384
ackley,fixed_iso_gpc,classifier_uncertainty_repulsion,classifier_uncertainty_repulsion,3,55,66,67,2667,0.4642117643493009,False,False,True,2630,0.5011368359532327,0.9977263280935347,0.6931445957657492,null,0.1,25,394,null,27,0.9083904131101432,null,null,0.8162028806649553,0.15,0.3208632436358665,0.898515515889741
ackley,fixed_iso_gpc,classifier_uncertainty_repulsion,classifier_uncertainty_repulsion,3,56,67,68,2850,0.08633228206720744,True,True,True,2807,0.49996515002461783,0.9999303000492357,0.6931471781309038,null,0.1,25,394,null,3,0.9975771231372222,null,null,0.8315448154910268,0.15,0.2840627009661903,0.8335644394850895
ackley,fixed_iso_gpc,classifier_uncertainty_repulsion,classifier_uncertainty_repulsion,3,57,68,69,3675,0.3039625706557185,False,True,True,3617,0.5009174576231017,0.9981650847537966,0.6931454971020203,null,0.1,25,394,null,26,0.9267104810531156,null,null,0.8218208336542331,0.15,0.3131181199233819,0.8868150845993609
ackley,fixed_iso_gpc,classifier_uncertainty_repulsion,classifier_uncertainty_repulsion,3,58,69,70,1377,0.6442124707745194,False,False,False,1358,0.5009808102019488,0.9980383795961023,0.6931452565814069,null,0.1,25,394,null,29,0.9215942200716029,null,null,0.8188575451577387,0.15,0.3142087102647967,0.8885228740845595
ackley,fixed_iso_gpc,classifier_uncertainty_repulsion,classifier_uncertainty_repulsion,3,59,70,71,2525,0.39014190057660514,False,True,True,2489,0.5000718018373919,0.9998563963252163,0.6931471702489376,null,0.1,25,393,null,2,0.9943809854266182,null,null,0.8223182203690597,0.15,0.2809657439547962,0.826964948466167
ackley,fixed_iso_gpc,classifier_uncertainty_repulsion,classifier_uncertainty_repulsion,3,60,71,72,2019,1.9330708336193432,False,False,False,1993,0.5001629210793543,0.9996741578412913,0.6931471274733881,null,0.1,25,393,null,9,0.9882732866723019,null,null,0.8481147270253541,0.15,0.29646807782276463,0.8581783383836191
ackley,fixed_iso_gpc,classifier_uncertainty_repulsion,classifier_uncertainty_repulsion,3,61,72,73,3509,0.9942282081711973,False,False,False,3449,0.49911916945584456,0.9982383389116891,0.6931456288342477,null,0.1,25,393,null,26,0.9325083609594855,null,null,0.8304503666304119,0.15,0.3155236286498221,0.8905554109734061
ackley,fixed_iso_gpc,classifier_uncertainty_repulsion,classifier_uncertainty_repulsion,3,62,73,74,290,0.7610422278858096,False,False,False,286,0.4998371493215477,0.9996742986430954,0.6931471275192573,null,0.1,25,393,null,6,0.9880759012277138,null,null,0.8214357625334894,0.15,0.2830133035584803,0.8313488483150241
ackley,fixed_iso_gpc,classifier_uncertainty_repulsion,classifier_uncertainty_repulsion,3,63,74,75,263,0.8532304123650736,False,False,False,259,0.49937779934351045,0.9987555986870209,0.6931464062924316,null,0.1,25,393,null,23,0.9531060945127072,null,null,0.7944443748272866,0.15,0.2840472367384137,0.8335319429821301
ackley,fixed_iso_gpc,classifier_uncertainty_repulsion,classifier_uncertainty_repulsion,3,64,75,76,3519,0.4709307290066196,False,False,True,3456,0.4989503789265415,0.997900757853083,0.6931449771495313,null,0.1,25,393,null,23,0.924467315109266,null,null,0.8052497108239315,0.15,0.30359846334366053,0.8710418396228061
ackley,fixed_iso_gpc,classifier_uncertainty_repulsion,classifier_uncertainty_repulsion,3,65,76,77,317,1.4180984966992973,False,False,False,311,0.497819014648635,0.99563802929727,0.6931376671355711,null,0.1,25,393,null,52,0.8410300925329148,null,null,0.7642861214375712,0.15,0.32823294695374866,0.9087500295450603
ackley,fixed_iso_gpc,classifier_uncertainty_repulsion,classifier_uncertainty_repulsion,3,66,77,78,2491,1.2392164814919209,False,False,False,2453,0.4989237009871754,0.9978474019743508,0.6931448637190261,null,0.1,25,393,null,28,0.9249598995562739,null,null,0.7406205542589365,0.15,0.2694137015854951,0.8007055815222156
ackley,fixed_iso_gpc,classifier_uncertainty_repulsion,classifier_uncertainty_repulsion,3,67,78,79,2962,0.30990931423799317,False,True,True,2909,0.5005174994281307,0.9989650011437385,0.6931466449485335,null,0.1,25,393,null,9,0.9635412826717223,null,null,0.7344872714360882,0.15,0.2542628316117358,0.7622789854934813
ackley,fixed_iso_gpc,classifier_uncertainty_repulsion,classifier_uncertainty_repulsion,3,68,79,80,1732,0.4667541020056696,False,False,True,1706,0.500100335443622,0.999799329112756,0.6931471604255426,null,0.1,25,393,null,2,0.9978730028813699,null,null,0.7617822961742475,0.15,0.25468303256104236,0.763406058661365
ackley,optimized_iso_gpc,random,random,3,1,12,13,1524,0.4966236378185034,False,False,True,1523,0.49999999500016656,0.9999999900003331,0.6931471805599453,null,null,null,null,null,null,null,null,null,null,null,null,null
ackley,optimized_iso_gpc,random,random,3,2,13,14,2419,1.804155530091096,False,False,False,2414,0.49999999500016656,0.9999999900003331,0.6931471805599453,null,null,null,null,null,null,null,null,null,null,null,null,null
ackley,optimized_iso_gpc,random,random,3,3,14,15,2875,1.024013252299648,False,False,False,2867,0.49999999500016656,0.9999999900003331,0.6931471805599453,null,null,null,null,null,null,null,null,null,null,null,null,null
ackley,optimized_iso_gpc,random,random,3,4,15,16,3217,0.7075266627833674,False,False,False,3205,0.49999999500016656,0.9999999900003331,0.6931471805599453,null,null,null,null,null,null,null,null,null,null,null,null,null
ackley,optimized_iso_gpc,random,random,3,5,16,17,1323,1.6036912538952741,False,False,False,1322,0.49999999500016656,0.9999999900003331,0.6931471805599453,null,null,null,null,null,null,null,null,null,null,null,null,null
ackley,optimized_iso_gpc,random,random,3,6,17,18,41,2.573923472867227,False,False,False,41,0.49999999500016656,0.9999999900003331,0.6931471805599453,null,null,null,null,null,null,null,null,null,null,null,null,null
ackley,optimized_iso_gpc,random,random,3,7,18,19,1201,0.8715206666720441,False,False,False,1199,0.49999999500016656,0.9999999900003331,0.6931471805599453,null,null,null,null,null,null,null,null,null,null,null,null,null
ackley,optimized_iso_gpc,random,random,3,8,19,20,3667,0.07243766076774172,True,True,True,3651,0.49999999500016656,0.9999999900003331,0.6931471805599453,null,null,null,null,null,null,null,null,null,null,null,null,null
ackley,optimized_iso_gpc,random,random,3,9,20,21,3018,0.9250404211656011,False,False,False,3004,0.49999999500016656,0.9999999900003331,0.6931471805599453,null,null,null,null,null,null,null,null,null,null,null,null,null
ackley,optimized_iso_gpc,random,random,3,10,21,22,3219,1.0409777314041317,False,False,False,3202,0.4999999950001663,0.9999999900003326,0.6931471805599454,null,null,null,null,null,null,null,null,null,null,null,null,null
ackley,optimized_iso_gpc,random,random,3,11,22,23,3253,3.7512847857888882,False,False,False,3235,0.49443733648028854,0.9888746729605771,0.6930852928323707,null,null,null,null,null,null,null,null,null,null,null,null,null
ackley,optimized_iso_gpc,random,random,3,12,23,24,2368,0.1505717907784856,True,True,True,2361,0.49344756085967667,0.9868951217193533,0.6930613091845775,null,null,null,null,null,null,null,null,null,null,null,null,null
ackley,optimized_iso_gpc,random,random,3,13,24,25,3802,5.292636292137006,False,False,False,3780,0.4349262105347975,0.869852421069595,0.6846539118364765,null,null,null,null,null,null,null,null,null,null,null,null,null
ackley,optimized_iso_gpc,random,random,3,14,25,26,1646,1.3660676517185184,False,False,False,1641,0.5178250049464452,0.9643499901071095,0.6925115842849724,null,null,null,null,null,null,null,null,null,null,null,null,null
ackley,optimized_iso_gpc,random,random,3,15,26,27,3320,4.978652849208293,False,False,False,3299,0.2949369717363197,0.5898739434726394,0.6065131766901889,null,null,null,null,null,null,null,null,null,null,null,null,null
ackley,optimized_iso_gpc,random,random,3,16,27,28,1616,0.7199215845816376,False,False,False,1611,0.47150730308612765,0.9430146061722553,0.6915226330962028,null,null,null,null,null,null,null,null,null,null,null,null,null
ackley,optimized_iso_gpc,random,random,3,17,28,29,354,2.581006022976556,False,False,False,352,0.43985561913443405,0.8797112382688681,0.6858949387640756,null,null,null,null,null,null,null,null,null,null,null,null,null
ackley,optimized_iso_gpc,random,random,3,18,29,30,2181,2.016022862226052,False,False,False,2171,0.4664164056290261,0.9328328112580522,0.6908897657857498,null,null,null,null,null,null,null,null,null,null,null,null,null
ackley,optimized_iso_gpc,random,random,3,19,30,31,204,0.45971425236354335,False,False,True,202,0.3613360654618418,0.7226721309236837,0.654183047193823,null,null,null,null,null,null,null,null,null,null,null,null,null
ackley,optimized_iso_gpc,random,random,3,20,31,32,49,3.1280629284367745,False,False,False,48,0.17318830163583243,0.34637660327166486,0.46090582684530296,null,null,null,null,null,null,null,null,null,null,null,null,null
ackley,optimized_iso_gpc,random,random,3,21,32,33,581,0.6909267912731085,False,False,False,576,0.6110987061321964,0.7778025877356072,0.6682540842067148,null,null,null,null,null,null,null,null,null,null,null,null,null
ackley,optimized_iso_gpc,random,random,3,22,33,34,2090,1.8332773914190437,False,False,False,2078,0.32999979778236366,0.6599995955647273,0.6341784925046047,null,null,null,null,null,null,null,null,null,null,null,null,null
ackley,optimized_iso_gpc,random,random,3,23,34,35,2352,0.2952240359184639,False,True,True,2337,0.672660413189476,0.654679173621048,0.6322785430098301,null,null,null,null,null,null,null,null,null,null,null,null,null
ackley,optimized_iso_gpc,random,random,3,24,35,36,776,2.224249493806516,False,False,False,770,0.5253789950828534,0.9492420098342933,0.6918584400645573,null,null,null,null,null,null,null,null,null,null,null,null,null
ackley,optimized_iso_gpc,random,random,3,25,36,37,3259,1.3594023377307511,False,False,False,3229,0.44197647336199,0.88395294672398,0.6863985261115635,null,null,null,null,null,null,null,null,null,null,null,null,null
ackley,optimized_iso_gpc,random,random,3,26,37,38,3964,5.945678713338479,False,False,False,3927,0.24638085138008137,0.49276170276016273,0.5583240615161976,null,null,null,null,null,null,null,null,null,null,null,null,null
ackley,optimized_iso_gpc,random,random,3,27,38,39,1142,2.3504359298398807,False,False,False,1135,0.5781923551805619,0.8436152896388762,0.6808687556252276,null,null,null,null,null,null,null,null,null,null,null,null,null
ackley,optimized_iso_gpc,random,random,3,28,39,40,234,0.01110602897401769,True,True,True,230,0.35376151658812205,0.7075230331762441,0.6497441195351488,null,null,null,null,null,null,null,null,null,null,null,null,null
ackley,optimized_iso_gpc,random,random,3,29,40,41,717,1.8959388143909344,False,False,False,710,0.36539586161552506,0.7307917232310501,0.6564597321426089,null,null,null,null,null,null,null,null,null,null,null,null,null
ackley,optimized_iso_gpc,random,random,3,30,41,42,2293,3.8784975892663045,False,False,False,2274,0.14814135261906358,0.29628270523812716,0.4194714823847303,null,null,null,null,null,null,null,null,null,null,null,null,null
ackley,optimized_iso_gpc,random,random,3,31,42,43,1090,1.6804739415279997,False,False,False,1081,0.5491078062151047,0.9017843875697906,0.6883162429527199,null,null,null,null,null,null,null,null,null,null,null,null,null
ackley,optimized_iso_gpc,random,random,3,32,43,44,373,0.19791882838365993,False,True,True,367,0.5853249157756579,0.8293501684486841,0.678514990600924,null,null,null,null,null,null,null,null,null,null,null,null,null
ackley,optimized_iso_gpc,random,random,3,33,44,45,1724,1.5908768492066567,False,False,False,1706,0.2520270086792493,0.5040540173584986,0.564551104207263,null,null,null,null,null,null,null,null,null,null,null,null,null
ackley,optimized_iso_gpc,random,random,3,34,45,46,3803,0.6403973123043141,False,False,False,3761,0.5625674340457323,0.8748651319085354,0.6852972508886415,null,null,null,null,null,null,null,null,null,null,null,null,null
ackley,optimized_iso_gpc,random,random,3,35,46,47,67,0.2970271730373213,False,True,True,65,0.3348701434057375,0.669740286811475,0.6375740939160892,null,null,null,null,null,null,null,null,null,null,null,null,null
ackley,optimized_iso_gpc,random,random,3,36,47,48,3939,0.8854682158077374,False,False,False,3895,0.45025092655438925,0.9005018531087785,0.6881890401237867,null,null,null,null,null,null,null,null,null,null,null,null,null
ackley,optimized_iso_gpc,random,random,3,37,48,49,2108,0.1296194706746352,True,True,True,2087,0.492157026809247,0.984314053618494,0.6930241510575013,null,null,null,null,null,null,null,null,null,null,null,null,null
ackley,optimized_iso_gpc,random,random,3,38,49,50,2893,1.856235347160153,False,False,False,2861,0.5477091745652558,0.9045816508694884,0.6885879166986302,null,null,null,null,null,null,null,null,null,null,null,null,null
ackley,optimized_iso_gpc,random,random,3,39,50,51,1490,0.2577070101753982,False,True,True,1475,0.5357679712529517,0.9284640574940966,0.6905862982378536,null,null,null,null,null,null,null,null,null,null,null,null,null
ackley,optimized_iso_gpc,random,random,3,40,51,52,2415,0.4665829615120938,False,False,True,2387,0.6497755088431632,0.7004489823136737,0.647585497112525,null,null,null,null,null,null,null,null,null,null,null,null,null
ackley,optimized_iso_gpc,random,random,3,41,52,53,2408,0.4913277280076098,False,False,True,2380,0.5014622270729552,0.9970755458540896,0.6931429043378242,null,null,null,null,null,null,null,null,null,null,null,null,null
ackley,optimized_iso_gpc,random,random,3,42,53,54,2816,0.30486288139142204,False,True,True,2782,0.3777052070021796,0.7554104140043592,0.6629295300836515,null,null,null,null,null,null,null,null,null,null,null,null,null
ackley,optimized_iso_gpc,random,random,3,43,54,55,3530,2.0083741862938425,False,False,False,3484,0.104516441841497,0.209032883682994,0.33489476950621644,null,null,null,null,null,null,null,null,null,null,null,null,null
ackley,optimized_iso_gpc,random,random,3,44,55,56,3675,0.3039625706557185,False,True,True,3627,0.5247646290700274,0.9504707418599452,0.6919201048668977,null,null,null,null,null,null,null,null,null,null,null,null,null
ackley,optimized_iso_gpc,random,random,3,45,56,57,2197,1.271705339359917,False,False,False,2172,0.4504974784262288,0.9009949568524576,0.688238143119507,null,null,null,null,null,null,null,null,null,null,null,null,null
ackley,optimized_iso_gpc,random,random,3,46,57,58,221,0.853377469246194,False,False,False,216,0.2277537881122953,0.4555075762245906,0.5365479411155285,null,null,null,null,null,null,null,null,null,null,null,null,null
ackley,optimized_iso_gpc,random,random,3,47,58,59,2203,0.14879175564879255,True,True,True,2176,0.6120126543901563,0.7759746912196874,0.6678392830270362,null,null,null,null,null,null,null,null,null,null,null,null,null
ackley,optimized_iso_gpc,random,random,3,48,59,60,3008,0.09641228227995846,True,True,True,2966,0.7213073274520525,0.557385345095895,0.5917143539636398,null,null,null,null,null,null,null,null,null,null,null,null,null
ackley,optimized_iso_gpc,random,random,3,49,60,61,2038,0.1645498396575178,True,True,True,2016,0.46485474444514807,0.9297094888902961,0.6906747642971536,null,null,null,null,null,null,null,null,null,null,null,null,null
ackley,optimized_iso_gpc,random,random,3,50,61,62,759,2.1001844847789233,False,False,False,748,0.7501708647490091,0.49965827050198186,0.562147352641318,null,null,null,null,null,null,null,null,null,null,null,null,null
ackley,optimized_iso_gpc,random,random,3,51,62,63,1564,0.7997982117425266,False,False,False,1545,0.3367147540811857,0.6734295081623713,0.6388323072051807,null,null,null,null,null,null,null,null,null,null,null,null,null
ackley,optimized_iso_gpc,random,random,3,52,63,64,682,1.2767461020284916,False,False,False,672,0.24738198419839819,0.49476396839679637,0.5594406401408659,null,null,null,null,null,null,null,null,null,null,null,null,null
ackley,optimized_iso_gpc,random,random,3,53,64,65,1126,2.721525536887224,False,False,False,1111,0.22562484312379638,0.45124968624759276,0.5339355045854802,null,null,null,null,null,null,null,null,null,null,null,null,null
ackley,optimized_iso_gpc,random,random,3,54,65,66,3529,0.5730149841705447,False,False,True,3474,0.19442211864588899,0.38884423729177797,0.4925719223780721,null,null,null,null,null,null,null,null,null,null,null,null,null
ackley,optimized_iso_gpc,random,random,3,55,66,67,415,0.9152456675000646,False,False,False,406,0.5591310151339997,0.8817379697320007,0.6861378343103182,null,null,null,null,null,null,null,null,null,null,null,null,null
ackley,optimized_iso_gpc,random,random,3,56,67,68,3329,1.858499090462864,False,False,False,3273,0.22045235224709359,0.44090470449418717,0.5274798925329071,null,null,null,null,null,null,null,null,null,null,null,null,null
ackley,optimized_iso_gpc,random,random,3,57,68,69,2795,4.312355386115476,False,False,False,2752,0.049329967384665,0.09865993476933,0.19653762733902935,null,null,null,null,null,null,null,null,null,null,null,null,null
ackley,optimized_iso_gpc,random,random,3,58,69,70,2988,0.789165512242425,False,False,False,2939,0.2553300472497426,0.5106600944994852,0.5681153961361056,null,null,null,null,null,null,null,null,null,null,null,null,null
ackley,optimized_iso_gpc,random,random,3,59,70,71,3024,0.08133344692287636,True,True,True,2972,0.2743659131489835,0.548731826297967,0.5875530844094773,null,null,null,null,null,null,null,null,null,null,null,null,null
ackley,optimized_iso_gpc,random,random,3,60,71,72,3187,0.793439817680266,False,False,False,3133,0.30290291232853406,0.6058058246570681,0.6133039061573833,null,null,null,null,null,null,null,null,null,null,null,null,null
ackley,optimized_iso_gpc,random,random,3,61,72,73,194,0.5798984425669538,False,False,True,190,0.2260270705921812,0.4520541411843624,0.5344310617907231,null,null,null,null,null,null,null,null,null,null,null,null,null
ackley,optimized_iso_gpc,random,random,3,62,73,74,3496,4.514555157631323,False,False,False,3434,0.08380650889807839,0.16761301779615678,0.2879691455251559,null,null,null,null,null,null,null,null,null,null,null,null,null
ackley,optimized_iso_gpc,random,random,3,63,74,75,887,0.35578304259512805,False,True,True,871,0.6564956918726921,0.6870086162546158,0.6433325481701178,null,null,null,null,null,null,null,null,null,null,null,null,null
ackley,optimized_iso_gpc,random,random,3,64,75,76,2940,2.56301313624032,False,False,False,2890,0.21696854433457702,0.43393708866915404,0.5230442843696682,null,null,null,null,null,null,null,null,null,null,null,null,null
ackley,optimized_iso_gpc,random,random,3,65,76,77,3404,1.125070991256079,False,False,False,3340,0.431970722795711,0.863941445591422,0.6838624442317014,null,null,null,null,null,null,null,null,null,null,null,null,null
ackley,optimized_iso_gpc,random,random,3,66,77,78,997,0.13290434982587662,True,True,True,980,0.6372245898299411,0.7255508203401178,0.6549983685963852,null,null,null,null,null,null,null,null,null,null,null,null,null
ackley,optimized_iso_gpc,random,random,3,67,78,79,1960,0.59410655297226,False,False,True,1930,0.3897444436831563,0.7794888873663126,0.6686336361165468,null,null,null,null,null,null,null,null,null,null,null,null,null
ackley,optimized_iso_gpc,random,random,3,68,79,80,668,3.627010459013709,False,False,False,656,0.07704390992398658,0.15408781984797315,0.27148952900596923,null,null,null,null,null,null,null,null,null,null,null,null,null
ackley,optimized_iso_gpc,classifier_margin,classifier_margin,3,1,12,13,979,0.10845447358850002,True,True,True,978,0.5000000015076779,0.9999999969846443,0.6931471805599453,null,null,null,null,null,null,null,null,null,null,null,null,null
ackley,optimized_iso_gpc,classifier_margin,classifier_margin,3,2,13,14,296,1.3974530955373243,False,False,False,295,0.49999999810678747,0.9999999962135749,0.6931471805599453,null,null,null,null,null,null,null,null,null,null,null,null,null
ackley,optimized_iso_gpc,classifier_margin,classifier_margin,3,3,14,15,866,0.35123750409307775,False,True,True,864,0.49999999927447053,0.9999999985489411,0.6931471805599453,null,null,null,null,null,null,null,null,null,null,null,null,null
ackley,optimized_iso_gpc,classifier_margin,classifier_margin,3,4,15,16,3073,2.679021892457129,False,False,False,3062,0.5000000017766247,0.9999999964467505,0.6931471805599453,null,null,null,null,null,null,null,null,null,null,null,null,null
ackley,optimized_iso_gpc,classifier_margin,classifier_margin,3,5,16,17,2167,3.7368079737773723,False,False,False,2161,0.4999999989122829,0.9999999978245658,0.6931471805599454,null,null,null,null,null,null,null,null,null,null,null,null,null
ackley,optimized_iso_gpc,classifier_margin,classifier_margin,3,6,17,18,2374,3.695488647094665,False,False,False,2367,0.4999999891386528,0.9999999782773056,0.6931471805599451,null,null,null,null,null,null,null,null,null,null,null,null,null
ackley,optimized_iso_gpc,classifier_margin,classifier_margin,3,7,18,19,3349,0.25851747273810943,False,True,True,3334,0.4999999735128383,0.9999999470256766,0.6931471805599438,null,null,null,null,null,null,null,null,null,null,null,null,null
ackley,optimized_iso_gpc,classifier_margin,classifier_margin,3,8,19,20,2499,3.0922863942462833,False,False,False,2490,0.5351907151905451,0.9296185696189099,0.6906683588250243,null,null,null,null,null,null,null,null,null,null,null,null,null
ackley,optimized_iso_gpc,classifier_margin,classifier_margin,3,9,20,21,3601,3.859639244339524,False,False,False,3584,0.5573720507608897,0.8852558984782206,0.6865495537689669,null,null,null,null,null,null,null,null,null,null,null,null,null
ackley,optimized_iso_gpc,classifier_margin,classifier_margin,3,10,21,22,3785,2.871550937987436,False,False,False,3766,0.5826704098567461,0.8346591802865078,0.6794154174255822,null,null,null,null,null,null,null,null,null,null,null,null,null
ackley,optimized_iso_gpc,classifier_margin,classifier_margin,3,11,22,23,3284,2.0342147543531137,False,False,False,3268,0.6053431448651736,0.7893137102696528,0.6707856410454649,null,null,null,null,null,null,null,null,null,null,null,null,null
ackley,optimized_iso_gpc,classifier_margin,classifier_margin,3,12,23,24,3948,2.5214623814764376,False,False,False,3927,0.6249217887105942,0.7501564225788115,0.6616031774394288,null,null,null,null,null,null,null,null,null,null,null,null,null
ackley,optimized_iso_gpc,classifier_margin,classifier_margin,3,13,24,25,876,3.203559419550583,False,False,False,873,0.6409851198106651,0.7180297603786698,0.6528492852985366,null,null,null,null,null,null,null,null,null,null,null,null,null
ackley,optimized_iso_gpc,classifier_margin,classifier_margin,3,14,25,26,408,3.3751863549904098,False,False,False,406,0.6580187403500872,0.6839625192998255,0.6423408977380438,null,null,null,null,null,null,null,null,null,null,null,null,null
ackley,optimized_iso_gpc,classifier_margin,classifier_margin,3,15,26,27,210,1.893871289114644,False,False,False,209,0.6714990831150658,0.6570018337698684,0.6331119215544311,null,null,null,null,null,null,null,null,null,null,null,null,null
ackley,optimized_iso_gpc,classifier_margin,classifier_margin,3,16,27,28,3088,3.534837291227884,False,False,False,3069,0.6838317808686725,0.6323364382626551,0.6239473598357859,null,null,null,null,null,null,null,null,null,null,null,null,null
ackley,optimized_iso_gpc,classifier_margin,classifier_margin,3,17,28,29,3951,2.988748944223561,False,False,False,3925,0.6938536702875808,0.6122926594248383,0.6159824742616468,null,null,null,null,null,null,null,null,null,null,null,null,null
ackley,optimized_iso_gpc,classifier_margin,classifier_margin,3,18,29,30,515,2.2164401812711727,False,False,False,511,0.7056909745554663,0.5886180508890675,0.6059649569702923,null,null,null,null,null,null,null,null,null,null,null,null,null
ackley,optimized_iso_gpc,classifier_margin,classifier_margin,3,19,30,31,386,2.161290725124701,False,False,False,383,0.7143108271988012,0.5713783456023975,0.5982465763106051,null,null,null,null,null,null,null,null,null,null,null,null,null
ackley,optimized_iso_gpc,classifier_margin,classifier_margin,3,20,31,32,3851,3.342401493825715,False,False,False,3824,0.7243598622904415,0.5512802754191171,0.5887883000486,null,null,null,null,null,null,null,null,null,null,null,null,null
ackley,optimized_iso_gpc,classifier_margin,classifier_margin,3,21,32,33,1850,2.394868961926857,False,False,False,1840,0.7335431347694907,0.5329137304610185,0.5797028235326696,null,null,null,null,null,null,null,null,null,null,null,null,null
ackley,optimized_iso_gpc,classifier_margin,classifier_margin,3,22,33,34,2611,3.561192761442955,False,False,False,2594,0.7402247636388779,0.5195504727222442,0.5728216901226683,null,null,null,null,null,null,null,null,null,null,null,null,null
ackley,optimized_iso_gpc,classifier_margin,classifier_margin,3,23,34,35,3902,3.210096523404715,False,False,False,3872,0.7479539476907462,0.5040921046185076,0.5645718194890164,null,null,null,null,null,null,null,null,null,null,null,null,null
ackley,optimized_iso_gpc,classifier_margin,classifier_margin,3,24,35,36,1718,3.3786959234293423,False,False,False,1709,0.7550810432497883,0.4898379135004234,0.5566838880620478,null,null,null,null,null,null,null,null,null,null,null,null,null
ackley,optimized_iso_gpc,classifier_margin,classifier_margin,3,25,36,37,2866,2.8612519436089094,False,False,False,2846,0.7608900102541156,0.47821997949176875,0.550051858286235,null,null,null,null,null,null,null,null,null,null,null,null,null
ackley,optimized_iso_gpc,classifier_margin,classifier_margin,3,26,37,38,1454,1.1646294447104086,False,False,False,1445,0.7685063874598086,0.4629872250803828,0.5410748014351126,null,null,null,null,null,null,null,null,null,null,null,null,null
ackley,optimized_iso_gpc,classifier_margin,classifier_margin,3,27,38,39,2125,2.927540549682268,False,False,False,2111,0.774358050782439,0.45128389843512196,0.5339565986890624,null,null,null,null,null,null,null,null,null,null,null,null,null
ackley,optimized_iso_gpc,classifier_margin,classifier_margin,3,28,39,40,1026,2.5935889066809317,False,False,False,1017,0.77941098088138,0.4411780382372399,0.5276524528621314,null,null,null,null,null,null,null,null,null,null,null,null,null
ackley,optimized_iso_gpc,classifier_margin,classifier_margin,3,29,40,41,2344,3.4173800743652816,False,False,False,2327,0.7834343573981641,0.4331312852036717,0.5225267140787249,null,null,null,null,null,null,null,null,null,null,null,null,null
ackley,optimized_iso_gpc,classifier_margin,classifier_margin,3,30,41,42,3522,3.8212873366878153,False,False,False,3490,0.7906637334880315,0.4186725330239369,0.5130759444875403,null,null,null,null,null,null,null,null,null,null,null,null,null
ackley,optimized_iso_gpc,classifier_margin,classifier_margin,3,31,42,43,3942,2.287017854713188,False,False,False,3904,0.7943360775703923,0.4113278448592155,0.5081547362612964,null,null,null,null,null,null,null,null,null,null,null,null,null
ackley,optimized_iso_gpc,classifier_margin,classifier_margin,3,32,43,44,1568,2.2370059533294384,False,False,False,1557,0.7987224695444866,0.4025550609110269,0.5021683646587238,null,null,null,null,null,null,null,null,null,null,null,null,null
ackley,optimized_iso_gpc,classifier_margin,classifier_margin,3,33,44,45,799,2.5454513922928808,False,False,False,793,0.8033790128085911,0.3932419743828177,0.49568228463815334,null,null,null,null,null,null,null,null,null,null,null,null,null
ackley,optimized_iso_gpc,classifier_margin,classifier_margin,3,34,45,46,1416,2.970191256073578,False,False,False,1405,0.8076635312564804,0.38467293748703923,0.48959318757513937,null,null,null,null,null,null,null,null,null,null,null,null,null
ackley,optimized_iso_gpc,classifier_margin,classifier_margin,3,35,46,47,3400,2.4543964141898655,False,False,False,3365,0.8121021540702031,0.3757956918595937,0.4831604222062366,null,null,null,null,null,null,null,null,null,null,null,null,null
ackley,optimized_iso_gpc,classifier_margin,classifier_margin,3,36,47,48,1500,2.228586918471388,False,False,False,1487,0.815842514317751,0.368314971364498,0.4776394749095366,null,null,null,null,null,null,null,null,null,null,null,null,null
ackley,optimized_iso_gpc,classifier_margin,classifier_margin,3,37,48,49,2386,3.038368562872968,False,False,False,2363,0.8199034580439957,0.36019308391200866,0.4715398463941055,null,null,null,null,null,null,null,null,null,null,null,null,null
ackley,optimized_iso_gpc,classifier_margin,classifier_margin,3,38,49,50,963,2.885446891229318,False,False,False,954,0.8230831782118457,0.35383364357630853,0.46668597059505074,null,null,null,null,null,null,null,null,null,null,null,null,null
ackley,optimized_iso_gpc,classifier_margin,classifier_margin,3,39,50,51,3674,2.6640378334987034,False,False,False,3633,0.8262571268168131,0.34748574636637386,0.4617716587298576,null,null,null,null,null,null,null,null,null,null,null,null,null
ackley,optimized_iso_gpc,classifier_margin,classifier_margin,3,40,51,52,3452,3.3115318793754263,False,False,False,3413,0.8292282482864266,0.3415435034271468,0.4571078155564289,null,null,null,null,null,null,null,null,null,null,null,null,null
ackley,optimized_iso_gpc,classifier_margin,classifier_margin,3,41,52,53,3562,2.3863991320617135,False,False,False,3521,0.8325498297946297,0.3349003404107407,0.45182000196955807,null,null,null,null,null,null,null,null,null,null,null,null,null
ackley,optimized_iso_gpc,classifier_margin,classifier_margin,3,42,53,54,1305,2.2037775865941125,False,False,False,1293,0.8366896698007622,0.3266206603984756,0.4451186196177114,null,null,null,null,null,null,null,null,null,null,null,null,null
ackley,optimized_iso_gpc,classifier_margin,classifier_margin,3,43,54,55,1531,1.6552438416206936,False,False,False,1515,0.839136805773137,0.32172638845372603,0.4410984843626325,null,null,null,null,null,null,null,null,null,null,null,null,null
ackley,optimized_iso_gpc,classifier_margin,classifier_margin,3,44,55,56,1076,3.249277252979187,False,False,False,1064,0.8424266696894165,0.31514666062116703,0.4356239097524365,null,null,null,null,null,null,null,null,null,null,null,null,null
ackley,optimized_iso_gpc,classifier_margin,classifier_margin,3,45,56,57,1472,2.0842798359772505,False,False,False,1456,0.8449060693031925,0.3101878613936151,0.4314442002163873,null,null,null,null,null,null,null,null,null,null,null,null,null
ackley,optimized_iso_gpc,classifier_margin,classifier_margin,3,46,57,58,3010,3.101910886060656,False,False,False,2973,0.8472509100960224,0.30549817980795524,0.427448172520964,null,null,null,null,null,null,null,null,null,null,null,null,null
ackley,optimized_iso_gpc,classifier_margin,classifier_margin,3,47,58,59,148,2.723903941981307,False,False,False,148,0.8501249976586678,0.29975000468266444,0.422492205449108,null,null,null,null,null,null,null,null,null,null,null,null,null
ackley,optimized_iso_gpc,classifier_margin,classifier_margin,3,48,59,60,1785,2.7286332007880585,False,False,False,1762,0.8516989517689808,0.2966020964620384,0.419750729510904,null,null,null,null,null,null,null,null,null,null,null,null,null
ackley,optimized_iso_gpc,classifier_margin,classifier_margin,3,49,60,61,1516,2.3561775199316344,False,False,False,1497,0.8539821417687108,0.2920357164625784,0.41573901487116577,null,null,null,null,null,null,null,null,null,null,null,null,null
ackley,optimized_iso_gpc,classifier_margin,classifier_margin,3,50,61,62,1419,2.0673532356689552,False,False,False,1403,0.8575014553377969,0.28499708932440626,0.4094732711236555,null,null,null,null,null,null,null,null,null,null,null,null,null
ackley,optimized_iso_gpc,classifier_margin,classifier_margin,3,51,62,63,932,2.9919511949644786,False,False,False,922,0.8592838406467536,0.2814323187064929,0.4062613950671341,null,null,null,null,null,null,null,null,null,null,null,null,null
ackley,optimized_iso_gpc,classifier_margin,classifier_margin,3,52,63,64,2503,2.8339534815134506,False,False,False,2467,0.8610425881857964,0.27791482362840725,0.4030663616947565,null,null,null,null,null,null,null,null,null,null,null,null,null
ackley,optimized_iso_gpc,classifier_margin,classifier_margin,3,53,64,65,2127,1.4671013412400207,False,False,False,2097,0.8633323360149916,0.2733353279700168,0.3988679039148087,null,null,null,null,null,null,null,null,null,null,null,null,null
ackley,optimized_iso_gpc,classifier_margin,classifier_margin,3,54,65,66,164,1.8924257389611974,False,False,False,163,0.8653176397558582,0.26936472048828364,0.39519172663805313,null,null,null,null,null,null,null,null,null,null,null,null,null
ackley,optimized_iso_gpc,classifier_margin,classifier_margin,3,55,66,67,1926,3.482835315223774,False,False,False,1897,0.867564224456828,0.26487155108634397,0.3909909241481564,null,null,null,null,null,null,null,null,null,null,null,null,null
ackley,optimized_iso_gpc,classifier_margin,classifier_margin,3,56,67,68,2804,2.1565292940577354,False,False,False,2761,0.8690713516001551,0.2618572967996897,0.38814822379225766,null,null,null,null,null,null,null,null,null,null,null,null,null
ackley,optimized_iso_gpc,classifier_margin,classifier_margin,3,57,68,69,189,2.525591666102331,False,False,False,186,0.8718180085893437,0.2563639828213127,0.38291607692824536,null,null,null,null,null,null,null,null,null,null,null,null,null
ackley,optimized_iso_gpc,classifier_margin,classifier_margin,3,58,69,70,3392,2.4956768399261247,False,False,False,3338,0.8728011438433896,0.25439771231322084,0.38102694515258334,null,null,null,null,null,null,null,null,null,null,null,null,null
ackley,optimized_iso_gpc,classifier_margin,classifier_margin,3,59,70,71,3696,2.9637025234084433,False,False,False,3635,0.8750316470760708,0.24993670584785832,0.3767085743111346,null,null,null,null,null,null,null,null,null,null,null,null,null
ackley,optimized_iso_gpc,classifier_margin,classifier_margin,3,60,71,72,2706,2.4394251733726495,False,False,False,2663,0.8763023944117094,0.24739521117658114,0.37422804134545035,null,null,null,null,null,null,null,null,null,null,null,null,null
ackley,optimized_iso_gpc,classifier_margin,classifier_margin,3,61,72,73,1118,2.98267105340474,False,False,False,1101,0.8780178499480371,0.24396430010392578,0.3708557717122231,null,null,null,null,null,null,null,null,null,null,null,null,null
ackley,optimized_iso_gpc,classifier_margin,classifier_margin,3,62,73,74,2534,3.079310998383191,False,False,False,2491,0.8800125435293467,0.23997491294130668,0.3668999984214636,null,null,null,null,null,null,null,null,null,null,null,null,null
ackley,optimized_iso_gpc,classifier_margin,classifier_margin,3,63,74,75,3056,2.630969060422018,False,False,False,3004,0.8810203008483768,0.23795939830324642,0.36488717192519227,null,null,null,null,null,null,null,null,null,null,null,null,null
ackley,optimized_iso_gpc,classifier_margin,classifier_margin,3,64,75,76,1159,2.789343847482108,False,False,False,1141,0.8828273917416709,0.23434521651665818,0.36125349974498283,null,null,null,null,null,null,null,null,null,null,null,null,null
ackley,optimized_iso_gpc,classifier_margin,classifier_margin,3,65,76,77,95,2.996793732183205,False,False,False,95,0.884258655949111,0.23148268810177797,0.3583531512174845,null,null,null,null,null,null,null,null,null,null,null,null,null
ackley,optimized_iso_gpc,classifier_margin,classifier_margin,3,66,77,78,1039,2.089532444044867,False,False,False,1022,0.8859946520575477,0.22801069588490464,0.35480840354243104,null,null,null,null,null,null,null,null,null,null,null,null,null
ackley,optimized_iso_gpc,classifier_margin,classifier_margin,3,67,78,79,2501,2.6391606533380116,False,False,False,2457,0.8870050745284743,0.22598985094305135,0.3527315001820396,null,null,null,null,null,null,null,null,null,null,null,null,null
ackley,optimized_iso_gpc,classifier_margin,classifier_margin,3,68,79,80,1268,2.2919289704954,False,False,False,1247,0.8890027062949457,0.22199458741010858,0.34859535359944727,null,null,null,null,null,null,null,null,null,null,null,null,null
ackley,optimized_iso_gpc,classifier_entropy,classifier_entropy,3,1,12,13,12,0.46376898759557506,False,False,True,12,0.49999999500011694,0.9999999900002339,0.6931471805599454,Binary entropy is monotone-equivalent to classifier margin.,null,null,null,null,null,null,null,null,null,null,null,null
ackley,optimized_iso_gpc,classifier_entropy,classifier_entropy,3,2,13,14,82,1.0899816206705797,False,False,False,81,0.4999999957584209,0.9999999915168418,0.6931471805599454,Binary entropy is monotone-equivalent to classifier margin.,null,null,null,null,null,null,null,null,null,null,null,null
ackley,optimized_iso_gpc,classifier_entropy,classifier_entropy,3,3,14,15,53,2.5343442890343084,False,False,False,52,0.49999999492882247,0.9999999898576449,0.6931471805599454,Binary entropy is monotone-equivalent to classifier margin.,null,null,null,null,null,null,null,null,null,null,null,null
ackley,optimized_iso_gpc,classifier_entropy,classifier_entropy,3,4,15,16,118,2.917322584327744,False,False,False,115,0.4999999955072897,0.9999999910145794,0.6931471805599454,Binary entropy is monotone-equivalent to classifier margin.,null,null,null,null,null,null,null,null,null,null,null,null
ackley,optimized_iso_gpc,classifier_entropy,classifier_entropy,3,5,16,17,172,1.7417131425671126,False,False,False,168,0.4999999951201472,0.9999999902402944,0.6931471805599454,Binary entropy is monotone-equivalent to classifier margin.,null,null,null,null,null,null,null,null,null,null,null,null
ackley,optimized_iso_gpc,classifier_entropy,classifier_entropy,3,6,17,18,427,1.2557288930218267,False,False,False,421,0.4999999953441667,0.9999999906883335,0.6931471805599454,Binary entropy is monotone-equivalent to classifier margin.,null,null,null,null,null,null,null,null,null,null,null,null
ackley,optimized_iso_gpc,classifier_entropy,classifier_entropy,3,7,18,19,762,2.1445273494888895,False,False,False,755,0.4999999955205698,0.9999999910411396,0.6931471805599454,Binary entropy is monotone-equivalent to classifier margin.,null,null,null,null,null,null,null,null,null,null,null,null
ackley,optimized_iso_gpc,classifier_entropy,classifier_entropy,3,8,19,20,2499,3.0922863942462833,False,False,False,2488,0.5357996479442875,0.9284007041114251,0.690581756422188,Binary entropy is monotone-equivalent to classifier margin.,null,null,null,null,null,null,null,null,null,null,null,null
ackley,optimized_iso_gpc,classifier_entropy,classifier_entropy,3,9,20,21,3785,2.871550937987436,False,False,False,3767,0.556962175540832,0.8860756489183359,0.6866436909434064,Binary entropy is monotone-equivalent to classifier margin.,null,null,null,null,null,null,null,null,null,null,null,null
ackley,optimized_iso_gpc,classifier_entropy,classifier_entropy,3,10,21,22,3088,3.534837291227884,False,False,False,3071,0.5825369048922653,0.8349261902154694,0.6794599374451646,Binary entropy is monotone-equivalent to classifier margin.,null,null,null,null,null,null,null,null,null,null,null,null
ackley,optimized_iso_gpc,classifier_entropy,classifier_entropy,3,11,22,23,386,2.161290725124701,False,False,False,380,0.6045325718379786,0.7909348563240428,0.6711310122435264,Binary entropy is monotone-equivalent to classifier margin.,null,null,null,null,null,null,null,null,null,null,null,null
ackley,optimized_iso_gpc,classifier_entropy,classifier_entropy,3,12,23,24,3601,3.859639244339524,False,False,False,3582,0.6243816658830781,0.7512366682338438,0.661878283595559,Binary entropy is monotone-equivalent to classifier margin.,null,null,null,null,null,null,null,null,null,null,null,null
ackley,optimized_iso_gpc,classifier_entropy,classifier_entropy,3,13,24,25,2374,3.695488647094665,False,False,False,2363,0.6402155374491088,0.7195689251017825,0.6532940814479706,Binary entropy is monotone-equivalent to classifier margin.,null,null,null,null,null,null,null,null,null,null,null,null
ackley,optimized_iso_gpc,classifier_entropy,classifier_entropy,3,14,25,26,2866,2.8612519436089094,False,False,False,2850,0.6567496566017894,0.6865006867964212,0.6431679080079321,Binary entropy is monotone-equivalent to classifier margin.,null,null,null,null,null,null,null,null,null,null,null,null
ackley,optimized_iso_gpc,classifier_entropy,classifier_entropy,3,15,26,27,876,3.203559419550583,False,False,False,867,0.6704389336345571,0.6591221327308858,0.6338673536812716,Binary entropy is monotone-equivalent to classifier margin.,null,null,null,null,null,null,null,null,null,null,null,null
ackley,optimized_iso_gpc,classifier_entropy,classifier_entropy,3,16,27,28,2611,3.561192761442955,False,False,False,2595,0.6833477782533919,0.6333044434932162,0.6243201960233518,Binary entropy is monotone-equivalent to classifier margin.,null,null,null,null,null,null,null,null,null,null,null,null
ackley,optimized_iso_gpc,classifier_entropy,classifier_entropy,3,17,28,29,3948,2.5214623814764376,False,False,False,3922,0.694400573070368,0.6111988538592641,0.6155342952856567,Binary entropy is monotone-equivalent to classifier margin.,null,null,null,null,null,null,null,null,null,null,null,null
ackley,optimized_iso_gpc,classifier_entropy,classifier_entropy,3,18,29,30,408,3.3751863549904098,False,False,False,401,0.7040479980019541,0.5919040039960919,0.6073953258628416,Binary entropy is monotone-equivalent to classifier margin.,null,null,null,null,null,null,null,null,null,null,null,null
ackley,optimized_iso_gpc,classifier_entropy,classifier_entropy,3,19,30,31,3851,3.342401493825715,False,False,False,3824,0.7150690131259125,0.5698619737481749,0.597550355077207,Binary entropy is monotone-equivalent to classifier margin.,null,null,null,null,null,null,null,null,null,null,null,null
ackley,optimized_iso_gpc,classifier_entropy,classifier_entropy,3,20,31,32,2167,3.7368079737773723,False,False,False,2154,0.7232712837771942,0.5534574324456116,0.5898371109636619,Binary entropy is monotone-equivalent to classifier margin.,null,null,null,null,null,null,null,null,null,null,null,null
ackley,optimized_iso_gpc,classifier_entropy,classifier_entropy,3,21,32,33,3902,3.210096523404715,False,False,False,3873,0.7316086469454035,0.536782706109193,0.581652270767786,Binary entropy is monotone-equivalent to classifier margin.,null,null,null,null,null,null,null,null,null,null,null,null
ackley,optimized_iso_gpc,classifier_entropy,classifier_entropy,3,22,33,34,515,2.2164401812711727,False,False,False,506,0.7408595464671635,0.5182809070656731,0.57215593716919,Binary entropy is monotone-equivalent to classifier margin.,null,null,null,null,null,null,null,null,null,null,null,null
ackley,optimized_iso_gpc,classifier_entropy,classifier_entropy,3,23,34,35,3400,2.4543964141898655,False,False,False,3374,0.7466906425857474,0.5066187148285053,0.565941725669994,Binary entropy is monotone-equivalent to classifier margin.,null,null,null,null,null,null,null,null,null,null,null,null
ackley,optimized_iso_gpc,classifier_entropy,classifier_entropy,3,24,35,36,3522,3.8212873366878153,False,False,False,3495,0.7553429185641676,0.48931416287166485,0.5563888577841104,Binary entropy is monotone-equivalent to classifier margin.,null,null,null,null,null,null,null,null,null,null,null,null
ackley,optimized_iso_gpc,classifier_entropy,classifier_entropy,3,25,36,37,210,1.893871289114644,False,False,False,204,0.7601563023054041,0.4796873953891918,0.550899694642899,Binary entropy is monotone-equivalent to classifier margin.,null,null,null,null,null,null,null,null,null,null,null,null
ackley,optimized_iso_gpc,classifier_entropy,classifier_entropy,3,26,37,38,3951,2.988748944223561,False,False,False,3916,0.767388721005716,0.46522255798856804,0.5424123787279633,Binary entropy is monotone-equivalent to classifier margin.,null,null,null,null,null,null,null,null,null,null,null,null
ackley,optimized_iso_gpc,classifier_entropy,classifier_entropy,3,27,38,39,1500,2.228586918471388,False,False,False,1487,0.7737792945462161,0.45244141090756784,0.5346692963377352,Binary entropy is monotone-equivalent to classifier margin.,null,null,null,null,null,null,null,null,null,null,null,null
ackley,optimized_iso_gpc,classifier_entropy,classifier_entropy,3,28,39,40,1026,2.5935889066809317,False,False,False,1013,0.7793464374087762,0.44130712518244763,0.5277339099170889,Binary entropy is monotone-equivalent to classifier margin.,null,null,null,null,null,null,null,null,null,null,null,null
ackley,optimized_iso_gpc,classifier_entropy,classifier_entropy,3,29,40,41,3452,3.3115318793754263,False,False,False,3422,0.7829651257627575,0.4340697484744851,0.5231294005779986,Binary entropy is monotone-equivalent to classifier margin.,null,null,null,null,null,null,null,null,null,null,null,null
ackley,optimized_iso_gpc,classifier_entropy,classifier_entropy,3,30,41,42,2125,2.927540549682268,False,False,False,2108,0.7897168135052652,0.42056637298946953,0.5143316299853439,Binary entropy is monotone-equivalent to classifier margin.,null,null,null,null,null,null,null,null,null,null,null,null
ackley,optimized_iso_gpc,classifier_entropy,classifier_entropy,3,31,42,43,963,2.885446891229318,False,False,False,950,0.7950107869584144,0.40997842608317114,0.5072416318401988,Binary entropy is monotone-equivalent to classifier margin.,null,null,null,null,null,null,null,null,null,null,null,null
ackley,optimized_iso_gpc,classifier_entropy,classifier_entropy,3,32,43,44,3942,2.287017854713188,False,False,False,3903,0.7984479853610083,0.4031040292779835,0.5025464598806763,Binary entropy is monotone-equivalent to classifier margin.,null,null,null,null,null,null,null,null,null,null,null,null
ackley,optimized_iso_gpc,classifier_entropy,classifier_entropy,3,33,44,45,1568,2.2370059533294384,False,False,False,1552,0.8034521936627925,0.39309561267441495,0.49557926207257663,Binary entropy is monotone-equivalent to classifier margin.,null,null,null,null,null,null,null,null,null,null,null,null
ackley,optimized_iso_gpc,classifier_entropy,classifier_entropy,3,34,45,46,799,2.5454513922928808,False,False,False,787,0.8071387329619029,0.3857225340761943,0.49034533441119266,Binary entropy is monotone-equivalent to classifier margin.,null,null,null,null,null,null,null,null,null,null,null,null
ackley,optimized_iso_gpc,classifier_entropy,classifier_entropy,3,35,46,47,2344,3.4173800743652816,False,False,False,2322,0.8113969045733711,0.3772061908532578,0.48419108723301374,Binary entropy is monotone-equivalent to classifier margin.,null,null,null,null,null,null,null,null,null,null,null,null
ackley,optimized_iso_gpc,classifier_entropy,classifier_entropy,3,36,47,48,3056,2.630969060422018,False,False,False,3024,0.8153231093104978,0.36935378137900443,0.47841167576717897,Binary entropy is monotone-equivalent to classifier margin.,null,null,null,null,null,null,null,null,null,null,null,null
ackley,optimized_iso_gpc,classifier_entropy,classifier_entropy,3,37,48,49,1718,3.3786959234293423,False,False,False,1700,0.8196105943400198,0.36077881131996037,0.4719834477190406,Binary entropy is monotone-equivalent to classifier margin.,null,null,null,null,null,null,null,null,null,null,null,null
ackley,optimized_iso_gpc,classifier_entropy,classifier_entropy,3,38,49,50,1531,1.6552438416206936,False,False,False,1514,0.8221247106233704,0.3557505787532591,0.46815634726462296,Binary entropy is monotone-equivalent to classifier margin.,null,null,null,null,null,null,null,null,null,null,null,null
ackley,optimized_iso_gpc,classifier_entropy,classifier_entropy,3,39,50,51,3392,2.4956768399261247,False,False,False,3355,0.8264031124421081,0.34719377511578386,0.4615439447858992,Binary entropy is monotone-equivalent to classifier margin.,null,null,null,null,null,null,null,null,null,null,null,null
ackley,optimized_iso_gpc,classifier_entropy,classifier_entropy,3,40,51,52,3284,2.0342147543531137,False,False,False,3247,0.8289770446775719,0.3420459106448561,0.45750453663018026,Binary entropy is monotone-equivalent to classifier margin.,null,null,null,null,null,null,null,null,null,null,null,null
ackley,optimized_iso_gpc,classifier_entropy,classifier_entropy,3,41,52,53,3010,3.101910886060656,False,False,False,2976,0.8335085869562135,0.3329828260875729,0.45027903844053196,Binary entropy is monotone-equivalent to classifier margin.,null,null,null,null,null,null,null,null,null,null,null,null
ackley,optimized_iso_gpc,classifier_entropy,classifier_entropy,3,42,53,54,2386,3.038368562872968,False,False,False,2360,0.835581492207325,0.32883701558534995,0.4469246756390555,Binary entropy is monotone-equivalent to classifier margin.,null,null,null,null,null,null,null,null,null,null,null,null
ackley,optimized_iso_gpc,classifier_entropy,classifier_entropy,3,43,54,55,3674,2.6640378334987034,False,False,False,3629,0.8383113416654169,0.32337731666916625,0.4424594816022726,Binary entropy is monotone-equivalent to classifier margin.,null,null,null,null,null,null,null,null,null,null,null,null
ackley,optimized_iso_gpc,classifier_entropy,classifier_entropy,3,44,55,56,2503,2.8339534815134506,False,False,False,2474,0.8413605333662417,0.31727893326751655,0.4374069025520603,Binary entropy is monotone-equivalent to classifier margin.,null,null,null,null,null,null,null,null,null,null,null,null
ackley,optimized_iso_gpc,classifier_entropy,classifier_entropy,3,45,56,57,932,2.9919511949644786,False,False,False,918,0.8444864622654222,0.31102707546915553,0.4321548444434432,Binary entropy is monotone-equivalent to classifier margin.,null,null,null,null,null,null,null,null,null,null,null,null
ackley,optimized_iso_gpc,classifier_entropy,classifier_entropy,3,46,57,58,696,2.6896754681062003,False,False,False,685,0.8469065729913154,0.3061868540173691,0.4280376331288821,Binary entropy is monotone-equivalent to classifier margin.,null,null,null,null,null,null,null,null,null,null,null,null
ackley,optimized_iso_gpc,classifier_entropy,classifier_entropy,3,47,58,59,1850,2.394868961926857,False,False,False,1827,0.8493672229876665,0.3012655540246669,0.42380513507125506,Binary entropy is monotone-equivalent to classifier margin.,null,null,null,null,null,null,null,null,null,null,null,null
ackley,optimized_iso_gpc,classifier_entropy,classifier_entropy,3,48,59,60,3789,3.196808066093647,False,False,False,3737,0.8519253264701092,0.2961493470597816,0.41935482612297137,Binary entropy is monotone-equivalent to classifier margin.,null,null,null,null,null,null,null,null,null,null,null,null
ackley,optimized_iso_gpc,classifier_entropy,classifier_entropy,3,49,60,61,1516,2.3561775199316344,False,False,False,1497,0.853900169905728,0.29219966018854393,0.41588376510815295,Binary entropy is monotone-equivalent to classifier margin.,null,null,null,null,null,null,null,null,null,null,null,null
ackley,optimized_iso_gpc,classifier_entropy,classifier_entropy,3,50,61,62,1785,2.7286332007880585,False,False,False,1761,0.8568833582744446,0.28623328345111076,0.4105810030114665,Binary entropy is monotone-equivalent to classifier margin.,null,null,null,null,null,null,null,null,null,null,null,null
ackley,optimized_iso_gpc,classifier_entropy,classifier_entropy,3,51,62,63,148,2.723903941981307,False,False,False,144,0.8587696690113944,0.2824606619772112,0.4071906217213479,Binary entropy is monotone-equivalent to classifier margin.,null,null,null,null,null,null,null,null,null,null,null,null
ackley,optimized_iso_gpc,classifier_entropy,classifier_entropy,3,52,63,64,1305,2.2037775865941125,False,False,False,1286,0.860784704006619,0.278430591986762,0.4035364585980419,Binary entropy is monotone-equivalent to classifier margin.,null,null,null,null,null,null,null,null,null,null,null,null
ackley,optimized_iso_gpc,classifier_entropy,classifier_entropy,3,53,64,65,2501,2.6391606533380116,False,False,False,2465,0.8633835516424142,0.2732328967151716,0.3987734897187052,Binary entropy is monotone-equivalent to classifier margin.,null,null,null,null,null,null,null,null,null,null,null,null
ackley,optimized_iso_gpc,classifier_entropy,classifier_entropy,3,54,65,66,1926,3.482835315223774,False,False,False,1898,0.8648589404875793,0.27028211902484145,0.3960440868831332,Binary entropy is monotone-equivalent to classifier margin.,null,null,null,null,null,null,null,null,null,null,null,null
ackley,optimized_iso_gpc,classifier_entropy,classifier_entropy,3,55,66,67,3562,2.3863991320617135,False,False,False,3508,0.8667434999526904,0.2665130000946192,0.3925306249680036,Binary entropy is monotone-equivalent to classifier margin.,null,null,null,null,null,null,null,null,null,null,null,null
ackley,optimized_iso_gpc,classifier_entropy,classifier_entropy,3,56,67,68,2534,3.079310998383191,False,False,False,2494,0.8692131338754052,0.26157373224918956,0.3878797738087325,Binary entropy is monotone-equivalent to classifier margin.,null,null,null,null,null,null,null,null,null,null,null,null
ackley,optimized_iso_gpc,classifier_entropy,classifier_entropy,3,57,68,69,1118,2.98267105340474,False,False,False,1099,0.87054172010005,0.2589165597998999,0.3853556198318047,Binary entropy is monotone-equivalent to classifier margin.,null,null,null,null,null,null,null,null,null,null,null,null
ackley,optimized_iso_gpc,classifier_entropy,classifier_entropy,3,58,69,70,164,1.8924257389611974,False,False,False,159,0.8725097496165972,0.25498050076680556,0.3815877754728214,Binary entropy is monotone-equivalent to classifier margin.,null,null,null,null,null,null,null,null,null,null,null,null
ackley,optimized_iso_gpc,classifier_entropy,classifier_entropy,3,59,70,71,447,2.577266297021465,False,False,False,435,0.8747667293474706,0.25046654130505885,0.37722383636399,Binary entropy is monotone-equivalent to classifier margin.,null,null,null,null,null,null,null,null,null,null,null,null
ackley,optimized_iso_gpc,classifier_entropy,classifier_entropy,3,60,71,72,1259,2.809915694541287,False,False,False,1237,0.8758397351291478,0.24832052974170438,0.37513288237133846,Binary entropy is monotone-equivalent to classifier margin.,null,null,null,null,null,null,null,null,null,null,null,null
ackley,optimized_iso_gpc,classifier_entropy,classifier_entropy,3,61,72,73,1454,1.1646294447104086,False,False,False,1430,0.877577120165256,0.24484575966948796,0.37172477485109795,Binary entropy is monotone-equivalent to classifier margin.,null,null,null,null,null,null,null,null,null,null,null,null
ackley,optimized_iso_gpc,classifier_entropy,classifier_entropy,3,62,73,74,2804,2.1565292940577354,False,False,False,2756,0.8791756097265306,0.24164878054693872,0.3685643197683286,Binary entropy is monotone-equivalent to classifier margin.,null,null,null,null,null,null,null,null,null,null,null,null
ackley,optimized_iso_gpc,classifier_entropy,classifier_entropy,3,63,74,75,2127,1.4671013412400207,False,False,False,2091,0.8811585991961692,0.23768280160766153,0.36461018969822223,Binary entropy is monotone-equivalent to classifier margin.,null,null,null,null,null,null,null,null,null,null,null,null
ackley,optimized_iso_gpc,classifier_entropy,classifier_entropy,3,64,75,76,2230,2.670957132438696,False,False,False,2192,0.8824887997925543,0.2350224004148913,0.3619367262659273,Binary entropy is monotone-equivalent to classifier margin.,null,null,null,null,null,null,null,null,null,null,null,null
ackley,optimized_iso_gpc,classifier_entropy,classifier_entropy,3,65,76,77,95,2.996793732183205,False,False,False,92,0.8838459192797927,0.23230816144041455,0.3591915751574085,Binary entropy is monotone-equivalent to classifier margin.,null,null,null,null,null,null,null,null,null,null,null,null
ackley,optimized_iso_gpc,classifier_entropy,classifier_entropy,3,66,77,78,1252,2.889943520536127,False,False,False,1229,0.8855797371655854,0.2288405256688293,0.3556583209552141,Binary entropy is monotone-equivalent to classifier margin.,null,null,null,null,null,null,null,null,null,null,null,null
ackley,optimized_iso_gpc,classifier_entropy,classifier_entropy,3,67,78,79,1076,3.249277252979187,False,False,False,1054,0.8872794336563175,0.2254411326873651,0.35216580528355335,Binary entropy is monotone-equivalent to classifier margin.,null,null,null,null,null,null,null,null,null,null,null,null
ackley,optimized_iso_gpc,classifier_entropy,classifier_entropy,3,68,79,80,1788,2.1744282558339343,False,False,False,1753,0.888046020377601,0.2239079592447979,0.3505812030280995,Binary entropy is monotone-equivalent to classifier margin.,null,null,null,null,null,null,null,null,null,null,null,null
ackley,optimized_iso_gpc,classifier_gated_diversity,classifier_gated_diversity,3,1,12,13,979,0.10845447358850002,True,True,True,978,0.5000000015076779,0.9999999969846443,0.6931471805599453,null,0.1,25,399,0.5,0,1.0,0.1611049809577953,0.0014814751163302982,0.5007407375581652,null,null,null
ackley,optimized_iso_gpc,classifier_gated_diversity,classifier_gated_diversity,3,2,13,14,296,1.3974530955373243,False,False,False,295,0.49999999810678747,0.9999999962135749,0.6931471805599453,null,0.1,25,399,0.5,0,1.0,0.16518405966755764,0.007397999831926123,0.503698999915963,null,null,null
ackley,optimized_iso_gpc,classifier_gated_diversity,classifier_gated_diversity,3,3,14,15,866,0.35123750409307775,False,True,True,864,0.49999999927447053,0.9999999985489411,0.6931471805599453,null,0.1,25,399,0.5,0,1.0,0.1634362853103824,0.003859120724978054,0.501929560362489,null,null,null
ackley,optimized_iso_gpc,classifier_gated_diversity,classifier_gated_diversity,3,4,15,16,358,2.325877073346403,False,False,False,356,0.4999999960395809,0.9999999920791618,0.6931471805599452,null,0.1,25,399,0.5,8,0.9996522786721955,0.8982730687277796,1.0,0.9998261393360978,null,null,null
ackley,optimized_iso_gpc,classifier_gated_diversity,classifier_gated_diversity,3,5,16,17,2374,3.695488647094665,False,False,False,2367,0.4999999888758115,0.999999977751623,0.6931471805599451,null,0.1,25,399,0.5,1,0.9999373461584077,0.8391944640849491,1.0,0.9999686730792039,null,null,null
ackley,optimized_iso_gpc,classifier_gated_diversity,classifier_gated_diversity,3,6,17,18,1905,2.149585075322225,False,False,False,1899,0.4999999904447185,0.999999980889437,0.6931471805599452,null,0.1,25,399,0.5,0,1.0,0.7797895440754625,1.0,1.0,null,null,null
ackley,optimized_iso_gpc,classifier_gated_diversity,classifier_gated_diversity,3,7,18,19,3865,2.327180857398389,False,False,False,3849,0.5000003538763496,0.9999992922473009,0.6931471805596949,null,0.1,25,399,0.5,3,0.9941501123009274,0.7055888510272554,1.0,0.9970750561504638,null,null,null
ackley,optimized_iso_gpc,classifier_gated_diversity,classifier_gated_diversity,3,8,19,20,2499,3.0922863942462833,False,False,False,2489,0.5352243727094361,0.9295512545811278,0.6906636109732508,null,0.1,25,399,0.5,0,1.0,0.4911727384178941,0.7299231584890861,0.8649615792445431,null,null,null
ackley,optimized_iso_gpc,classifier_gated_diversity,classifier_gated_diversity,3,9,20,21,3601,3.859639244339524,False,False,False,3585,0.5573070440102441,0.8853859119795118,0.6865645294814626,null,0.1,25,398,0.5,5,0.8026094190213835,0.5176832634138888,0.7743105564309827,0.7884599877261831,null,null,null
ackley,optimized_iso_gpc,classifier_gated_diversity,classifier_gated_diversity,3,10,21,22,3948,2.5214623814764376,False,False,False,3929,0.5838871332043709,0.8322257335912582,0.6790062967162838,null,0.1,25,398,0.5,30,0.5614452056160146,0.6524770542754423,1.0,0.7807226028080073,null,null,null
ackley,optimized_iso_gpc,classifier_gated_diversity,classifier_gated_diversity,3,11,22,23,1118,2.98267105340474,False,False,False,1113,0.6056175043521534,0.7887649912956931,0.670668118317944,null,0.1,25,398,0.5,14,0.6501866880803815,0.46872353586442855,0.7020681835462629,0.6761274358133222,null,null,null
ackley,optimized_iso_gpc,classifier_gated_diversity,classifier_gated_diversity,3,12,23,24,2127,1.4671013412400207,False,False,False,2118,0.6252527573460611,0.7494944853078778,0.6614339869260406,null,0.1,25,398,0.5,15,0.6641839572528299,0.4154449622670539,0.7403286459051978,0.7022563015790138,null,null,null
ackley,optimized_iso_gpc,classifier_gated_diversity,classifier_gated_diversity,3,13,24,25,3088,3.534837291227884,False,False,False,3070,0.6424432232587947,0.7151135534824107,0.6519994845394714,null,0.1,25,398,0.5,15,0.6800340316545802,0.4623054480684551,0.8435833182761919,0.7618086749653861,null,null,null
ackley,optimized_iso_gpc,classifier_gated_diversity,classifier_gated_diversity,3,14,25,26,386,2.161290725124701,False,False,False,383,0.6560192916377332,0.6879614167245336,0.6436406173525173,null,0.1,25,398,0.5,2,0.9190004345636944,0.24742358093914457,0.4207364935657824,0.6698684640647384,null,null,null
ackley,optimized_iso_gpc,classifier_gated_diversity,classifier_gated_diversity,3,15,26,27,995,2.618730111936923,False,False,False,989,0.6719498869541098,0.6561002260917803,0.6327891482221386,null,0.1,25,398,0.5,19,0.5841414556263836,0.5053282973908965,0.929225386149215,0.7566834208877993,null,null,null
ackley,optimized_iso_gpc,classifier_gated_diversity,classifier_gated_diversity,3,16,27,28,1419,2.0673532356689552,False,False,False,1411,0.6834945535076713,0.6330108929846574,0.6242072467371094,null,0.1,25,398,0.5,5,0.8717146005918918,0.3836685830298677,0.6918947002884143,0.781804650440153,null,null,null
ackley,optimized_iso_gpc,classifier_gated_diversity,classifier_gated_diversity,3,17,28,29,2611,3.561192761442955,False,False,False,2594,0.6985880843909626,0.6028238312180747,0.612055872929137,null,0.1,25,398,0.5,136,0.28752186254836865,0.6305910236800715,0.9788659440459044,0.6331939032971365,null,null,null
ackley,optimized_iso_gpc,classifier_gated_diversity,classifier_gated_diversity,3,18,29,30,3674,2.6640378334987034,False,False,False,3650,0.7049859995362908,0.5900280009274184,0.606580294926248,null,0.1,25,398,0.5,11,0.6868848525238017,0.4312617458927451,0.7874418903954312,0.7371633714596164,null,null,null
ackley,optimized_iso_gpc,classifier_gated_diversity,classifier_gated_diversity,3,19,30,31,1472,2.0842798359772505,False,False,False,1463,0.7159571024170646,0.5680857951658709,0.5967312589250903,null,0.1,25,397,0.5,19,0.6134533098229189,0.3918522496621495,0.7549327759737066,0.6841930428983127,null,null,null
ackley,optimized_iso_gpc,classifier_gated_diversity,classifier_gated_diversity,3,20,31,32,3452,3.3115318793754263,False,False,False,3428,0.7279525153157351,0.5440949693685297,0.5852846967924933,null,0.1,25,397,0.5,153,0.2327363264471412,0.5454967316744018,0.9986337080059395,0.6156850172265403,null,null,null
ackley,optimized_iso_gpc,classifier_gated_diversity,classifier_gated_diversity,3,21,32,33,2158,1.8365252346457215,False,False,False,2144,0.7329300732410502,0.5341398535178996,0.5803226940418962,null,0.1,25,397,0.5,24,0.6161179564557209,0.3699330107945268,0.6659956290492005,0.6410567927524606,null,null,null
ackley,optimized_iso_gpc,classifier_gated_diversity,classifier_gated_diversity,3,22,33,34,2230,2.670957132438696,False,False,False,2215,0.7443674997653602,0.5112650004692796,0.5684388965041545,null,0.1,25,397,0.5,151,0.2611243391318017,0.5386007438364743,0.9851240302310852,0.6231241846814435,null,null,null
ackley,optimized_iso_gpc,classifier_gated_diversity,classifier_gated_diversity,3,23,34,35,210,1.893871289114644,False,False,False,209,0.7485544753751583,0.5028910492496834,0.563917650760318,null,0.1,25,397,0.5,25,0.5841686967690723,0.40119313491970343,0.8014735274648943,0.6928211121169834,null,null,null
ackley,optimized_iso_gpc,classifier_gated_diversity,classifier_gated_diversity,3,24,35,36,1500,2.228586918471388,False,False,False,1489,0.7522721298077499,0.49545574038450013,0.5598251600742156,null,0.1,25,397,0.5,3,0.8731518791819692,0.21188565380417504,0.40038501944488847,0.6367684493134289,null,null,null
ackley,optimized_iso_gpc,classifier_gated_diversity,classifier_gated_diversity,3,25,36,37,2866,2.8612519436089094,False,False,False,2842,0.7629065623323754,0.47418687533524917,0.5477063706488909,null,0.1,25,397,0.5,20,0.6013431150031499,0.39233479221046275,0.8047257805788832,0.7030344477910165,null,null,null
ackley,optimized_iso_gpc,classifier_gated_diversity,classifier_gated_diversity,3,26,37,38,515,2.2164401812711727,False,False,False,510,0.7680726201938342,0.4638547596123317,0.5415947487234323,null,0.1,25,397,0.5,12,0.6697999001853497,0.32927653274041496,0.6299743611279702,0.64988713065666,null,null,null
ackley,optimized_iso_gpc,classifier_gated_diversity,classifier_gated_diversity,3,27,38,39,1454,1.1646294447104086,False,False,False,1443,0.7730120683350492,0.4539758633299016,0.5356111323594726,null,0.1,25,397,0.5,8,0.7173383883226907,0.24913634818803945,0.481564942673885,0.5994516654982879,null,null,null
ackley,optimized_iso_gpc,classifier_gated_diversity,classifier_gated_diversity,3,28,39,40,1502,2.2588091869325275,False,False,False,1488,0.7807233919772898,0.4385532160454204,0.5259908625738445,null,0.1,25,397,0.5,30,0.49109101375124836,0.38935003368447885,0.7979899736866659,0.6445404937189572,null,null,null
ackley,optimized_iso_gpc,classifier_gated_diversity,classifier_gated_diversity,3,29,40,41,1252,2.889943520536127,False,False,False,1242,0.7881641139774729,0.42367177204505424,0.5163789461365056,null,0.1,25,396,0.5,123,0.27649188819383524,0.44901962264218925,0.9063633389782144,0.5914276135860248,null,null,null
ackley,optimized_iso_gpc,classifier_gated_diversity,classifier_gated_diversity,3,30,41,42,2871,2.617435453584948,False,False,False,2842,0.7917063520653755,0.4165872958692489,0.5116870885930487,null,0.1,25,396,0.5,72,0.4006216845233432,0.4769498375582922,0.9676179934089473,0.6841198389661453,null,null,null
ackley,optimized_iso_gpc,classifier_gated_diversity,classifier_gated_diversity,3,31,42,43,306,0.8557398274179189,False,False,False,303,0.7942020202993945,0.4115959594012111,0.508335827930752,null,0.1,25,396,0.5,11,0.6719688701518338,0.24935494520121332,0.5502616385010292,0.6111152543264315,null,null,null
ackley,optimized_iso_gpc,classifier_gated_diversity,classifier_gated_diversity,3,32,43,44,1568,2.2370059533294384,False,False,False,1551,0.8018898347014556,0.39622033059708883,0.497771368987189,null,0.1,25,396,0.5,61,0.4129530761214365,0.4239410987846694,0.9375603114807102,0.6752566938010733,null,null,null
ackley,optimized_iso_gpc,classifier_gated_diversity,classifier_gated_diversity,3,33,44,45,148,2.723903941981307,False,False,False,148,0.8030724177251614,0.3938551645496773,0.49611353470618025,null,0.1,25,396,0.5,11,0.6918958220737228,0.2956988714146693,0.6249442174377682,0.6584200197557455,null,null,null
ackley,optimized_iso_gpc,classifier_gated_diversity,classifier_gated_diversity,3,34,45,46,2029,2.127000906990494,False,False,False,2008,0.8103845751785457,0.37923084964290865,0.48566484599069304,null,0.1,25,396,0.5,82,0.350683149570716,0.36784418359865045,0.7915779777147087,0.5711305636427124,null,null,null
ackley,optimized_iso_gpc,classifier_gated_diversity,classifier_gated_diversity,3,35,46,47,408,3.3751863549904098,False,False,False,401,0.8088484799645812,0.3823030400708376,0.48788837908349625,null,0.1,25,396,0.5,0,1.0,0.1354367557515591,0.2396630494293276,0.6198315247146637,null,null,null
ackley,optimized_iso_gpc,classifier_gated_diversity,classifier_gated_diversity,3,36,47,48,2167,3.7368079737773723,False,False,False,2141,0.8171056384724125,0.36578872305517507,0.4757540838747175,null,0.1,25,396,0.5,23,0.5644020943508726,0.33238909823054763,0.702719621102759,0.6335608577268158,null,null,null
ackley,optimized_iso_gpc,classifier_gated_diversity,classifier_gated_diversity,3,37,48,49,2125,2.927540549682268,False,False,False,2101,0.8166766095620233,0.3666467808759535,0.4763956644817038,null,0.1,25,396,0.5,3,0.9104734223585021,0.18733015400870104,0.36441835426049307,0.6374458883094976,null,null,null
ackley,optimized_iso_gpc,classifier_gated_diversity,classifier_gated_diversity,3,38,49,50,3056,2.630969060422018,False,False,False,3017,0.8240631707043349,0.35187365859133024,0.4651760496848446,null,0.1,25,396,0.5,26,0.5062465118181511,0.31027614728922376,0.6599889930049136,0.5831177524115323,null,null,null
ackley,optimized_iso_gpc,classifier_gated_diversity,classifier_gated_diversity,3,39,50,51,2344,3.4173800743652816,False,False,False,2315,0.8275159864228954,0.34496802715420927,0.4598031516443515,null,0.1,25,395,0.5,31,0.5092999375590213,0.30905702908412847,0.7186772611739501,0.6139885993664858,null,null,null
ackley,optimized_iso_gpc,classifier_gated_diversity,classifier_gated_diversity,3,40,51,52,3951,2.988748944223561,False,False,False,3902,0.8275083560533858,0.3449832878932284,0.45981511680495346,null,0.1,25,395,0.5,2,0.849758372081896,0.16348559602591423,0.32154446926366637,0.5856514206727812,null,null,null
ackley,optimized_iso_gpc,classifier_gated_diversity,classifier_gated_diversity,3,41,52,53,1531,1.6552438416206936,False,False,False,1512,0.8337162203670232,0.3325675592659536,0.44994444786546284,null,0.1,25,395,0.5,21,0.5251599753711003,0.30534586108969125,0.6481362452877623,0.5866481103294312,null,null,null
ackley,optimized_iso_gpc,classifier_gated_diversity,classifier_gated_diversity,3,42,53,54,2606,1.2577153126659493,False,False,False,2571,0.8370290229893271,0.32594195402134574,0.4445637624093055,null,0.1,25,395,0.5,32,0.49314645544648805,0.3148464982513983,0.6740773067212482,0.5836118810838682,null,null,null
ackley,optimized_iso_gpc,classifier_gated_diversity,classifier_gated_diversity,3,43,54,55,3785,2.871550937987436,False,False,False,3736,0.8363695585676396,0.32726088286472077,0.4456412428934037,null,0.1,25,395,0.5,0,1.0,0.0889122256638665,0.12840556193722327,0.5642027809686117,null,null,null
ackley,optimized_iso_gpc,classifier_gated_diversity,classifier_gated_diversity,3,44,55,56,1259,2.809915694541287,False,False,False,1245,0.8443053267582172,0.31138934648356553,0.4324612001063709,null,0.1,25,395,0.5,74,0.3813462251819887,0.44979412441967165,0.928602476877559,0.6549743510297739,null,null,null
ackley,optimized_iso_gpc,classifier_gated_diversity,classifier_gated_diversity,3,45,56,57,2622,1.1167437821703103,False,False,False,2584,0.8454099228122232,0.3091801543755537,0.43058910098087644,null,0.1,25,395,0.5,38,0.556785904809277,0.31291270059223,0.7036889571358834,0.6302374309725802,null,null,null
ackley,optimized_iso_gpc,classifier_gated_diversity,classifier_gated_diversity,3,46,57,58,3229,1.4897320186558023,False,False,False,3182,0.8498679523127066,0.30026409537458676,0.42293806950145707,null,0.1,25,395,0.5,130,0.25896918713454153,0.38080823545475645,1.0,0.6294845935672708,null,null,null
ackley,optimized_iso_gpc,classifier_gated_diversity,classifier_gated_diversity,3,47,58,59,876,3.203559419550583,False,False,False,866,0.8470089868251307,0.3059820263497386,0.427862409507896,null,0.1,25,395,0.5,0,1.0,0.08840156795005935,0.11891960763879998,0.5594598038194,null,null,null
ackley,optimized_iso_gpc,classifier_gated_diversity,classifier_gated_diversity,3,48,59,60,2425,2.832054095142917,False,False,False,2390,0.8552685985771404,0.2894628028457191,0.41346024662751135,null,0.1,25,395,0.5,173,0.2773649274687404,0.4296226538396402,0.8895504483776449,0.5834576879231926,null,null,null
ackley,optimized_iso_gpc,classifier_gated_diversity,classifier_gated_diversity,3,49,60,61,3902,3.210096523404715,False,False,False,3846,0.8523812061843046,0.29523758763139085,0.41855631148670003,null,0.1,25,394,0.5,0,1.0,0.12133875000659866,0.19330659411012557,0.5966532970550628,null,null,null
ackley,optimized_iso_gpc,classifier_gated_diversity,classifier_gated_diversity,3,50,61,62,3851,3.342401493825715,False,False,False,3796,0.8555544785406255,0.288891042918749,0.4129520402941824,null,0.1,25,394,0.5,0,1.0,0.12048573536798012,0.1913801030012676,0.5956900515006338,null,null,null
ackley,optimized_iso_gpc,classifier_gated_diversity,classifier_gated_diversity,3,51,62,63,523,2.479491104116276,False,False,False,514,0.8601525739911722,0.27969485201765565,0.40468642232632357,null,0.1,25,394,0.5,32,0.5739785504201014,0.3099624336856019,0.6495929309581175,0.6117857406891094,null,null,null
ackley,optimized_iso_gpc,classifier_gated_diversity,classifier_gated_diversity,3,52,63,64,3284,2.0342147543531137,False,False,False,3233,0.8605322274138416,0.2789355451723168,0.40399616037524977,null,0.1,25,394,0.5,1,0.9198719485907775,0.137067414004777,0.22882899897269415,0.5743504737817358,null,null,null
ackley,optimized_iso_gpc,classifier_gated_diversity,classifier_gated_diversity,3,53,64,65,1431,2.2812652335489183,False,False,False,1413,0.86533415619283,0.2693316876143399,0.3951610019626616,null,0.1,25,394,0.5,70,0.4191958328020075,0.4785276728815256,1.0,0.7095979164010038,null,null,null
ackley,optimized_iso_gpc,classifier_gated_diversity,classifier_gated_diversity,3,54,65,66,3400,2.4543964141898655,False,False,False,3347,0.8658472156359949,0.26830556872801026,0.3942054169425667,null,0.1,25,394,0.5,13,0.6623306123432036,0.2458326955097929,0.6132149548278666,0.6377727835855351,null,null,null
ackley,optimized_iso_gpc,classifier_gated_diversity,classifier_gated_diversity,3,55,66,67,1305,2.2037775865941125,False,False,False,1288,0.8665549974913347,0.2668900050173306,0.3928834358890206,null,0.1,25,394,0.5,2,0.8818505412794898,0.2067845980040495,0.45521376146297293,0.6685321513712313,null,null,null
ackley,optimized_iso_gpc,classifier_gated_diversity,classifier_gated_diversity,3,56,67,68,932,2.9919511949644786,False,False,False,920,0.868895222174956,0.2622095556500881,0.3884814605009367,null,0.1,25,394,0.5,8,0.7945999413875477,0.22138032316880946,0.5418416957001536,0.6682208185438507,null,null,null
ackley,optimized_iso_gpc,classifier_gated_diversity,classifier_gated_diversity,3,57,68,69,2917,2.23708086713655,False,False,False,2869,0.8710790430261568,0.2578419139476864,0.3843303304644128,null,0.1,25,394,0.5,11,0.6674040407646051,0.23484895358310193,0.5811548566176121,0.6242794486911086,null,null,null
ackley,optimized_iso_gpc,classifier_gated_diversity,classifier_gated_diversity,3,58,69,70,1026,2.5935889066809317,False,False,False,1011,0.8724062147209679,0.2551875705580642,0.3817868594788319,null,0.1,25,394,0.5,3,0.9623697933252486,0.1623222851046794,0.2998471000144252,0.6311084466698369,null,null,null
ackley,optimized_iso_gpc,classifier_gated_diversity,classifier_gated_diversity,3,59,70,71,3216,1.796516899097588,False,False,False,3161,0.8758452915549242,0.24830941689015162,0.375122027140788,null,0.1,25,393,0.5,52,0.5363643169040061,0.31164883468518895,0.9024487431529964,0.7194065300285013,null,null,null
ackley,optimized_iso_gpc,classifier_gated_diversity,classifier_gated_diversity,3,60,71,72,648,2.592865345654692,False,False,False,638,0.8778712624480249,0.24425747510395013,0.3711450046964201,null,0.1,25,393,0.5,71,0.44504877724410313,0.31794314317698646,0.7936650909767768,0.61935693411044,null,null,null
ackley,optimized_iso_gpc,classifier_gated_diversity,classifier_gated_diversity,3,61,72,73,1767,0.4110012988236367,False,False,True,1737,0.8777841325349982,0.24443173493000359,0.3713168264521011,null,0.1,25,393,0.5,10,0.6566112670951273,0.22001042337039164,0.537843138344326,0.5972272027197266,null,null,null
ackley,optimized_iso_gpc,classifier_gated_diversity,classifier_gated_diversity,3,62,73,74,2501,2.6391606533380116,False,False,False,2457,0.8803396288375325,0.23932074232493505,0.36624775793227254,null,0.1,25,393,0.5,18,0.5681369652162924,0.2455261512185811,0.6945129818362556,0.631324973526274,null,null,null
ackley,optimized_iso_gpc,classifier_gated_diversity,classifier_gated_diversity,3,63,74,75,1519,2.805772488694192,False,False,False,1492,0.8823277318280134,0.23534453634397323,0.3622613484669449,null,0.1,25,393,0.5,47,0.5000576828521562,0.2691589541638745,0.6813012361989143,0.5906794595255352,null,null,null
ackley,optimized_iso_gpc,classifier_gated_diversity,classifier_gated_diversity,3,64,75,76,295,1.6538040107452812,False,False,False,292,0.8828781505851566,0.23424369882968676,0.3611509807409724,null,0.1,25,393,0.5,14,0.5971007167806403,0.23173870007116218,0.5714011665280655,0.5842509416543529,null,null,null
ackley,optimized_iso_gpc,classifier_gated_diversity,classifier_gated_diversity,3,65,76,77,2942,1.8212220873374338,False,False,False,2886,0.8858846963056521,0.22823060738869572,0.35503380419308256,null,0.1,25,393,0.5,80,0.41140885829020135,0.29798074843799593,0.8681730117364318,0.6397909350133166,null,null,null
ackley,optimized_iso_gpc,classifier_gated_diversity,classifier_gated_diversity,3,66,77,78,1375,1.7880579964874368,False,False,False,1353,0.8863509048369451,0.22729819032610976,0.3540772906714555,null,0.1,25,393,0.5,37,0.5315388174327524,0.2644438766267444,0.643201041050991,0.5873699292418717,null,null,null
ackley,optimized_iso_gpc,classifier_gated_diversity,classifier_gated_diversity,3,67,78,79,3392,2.4956768399261247,False,False,False,3327,0.8881297532683448,0.22374049346331049,0.350407762329343,null,0.1,25,393,0.5,44,0.4697417869390698,0.2617594235501374,0.6589242774778734,0.5643330322084716,null,null,null
ackley,optimized_iso_gpc,classifier_gated_diversity,classifier_gated_diversity,3,68,79,80,3404,1.125070991256079,False,False,False,3337,0.8899039427891466,0.22019211442170672,0.34671612056451606,null,0.1,25,393,0.5,95,0.3320927474087296,0.3153990321596695,0.8153064319227604,0.5736995896657451,null,null,null
ackley,optimized_iso_gpc,classifier_uncertainty_repulsion,classifier_uncertainty_repulsion,3,1,12,13,979,0.10845447358850002,True,True,True,978,0.5000000015076779,0.9999999969846443,0.6931471805599453,null,0.1,25,399,null,0,1.0,null,null,0.4382922960926934,0.15,0.1611049809577953,0.4382922960926934
ackley,optimized_iso_gpc,classifier_uncertainty_repulsion,classifier_uncertainty_repulsion,3,2,13,14,296,1.3974530955373243,False,False,False,295,0.49999999810678747,0.9999999962135749,0.6931471805599453,null,0.1,25,399,null,0,1.0,null,null,0.45466256205699607,0.15,0.16518405966755764,0.45466256205699607
ackley,optimized_iso_gpc,classifier_uncertainty_repulsion,classifier_uncertainty_repulsion,3,3,14,15,866,0.35123750409307775,False,True,True,864,0.49999999927447053,0.9999999985489411,0.6931471805599453,null,0.1,25,399,null,0,1.0,null,null,0.44765757881096613,0.15,0.1634362853103824,0.44765757881096613
ackley,optimized_iso_gpc,classifier_uncertainty_repulsion,classifier_uncertainty_repulsion,3,4,15,16,3073,2.679021892457129,False,False,False,3062,0.5000000017766247,0.9999999964467505,0.6931471805599453,null,0.1,25,399,null,0,1.0,null,null,0.999999750282427,0.15,0.8271227762378695,0.999999750282427
ackley,optimized_iso_gpc,classifier_uncertainty_repulsion,classifier_uncertainty_repulsion,3,5,16,17,2167,3.7368079737773723,False,False,False,2161,0.4999999989122829,0.9999999978245658,0.6931471805599454,null,0.1,25,399,null,0,1.0,null,null,0.9999999403864777,0.15,0.8652122590261395,0.9999999403864777
ackley,optimized_iso_gpc,classifier_uncertainty_repulsion,classifier_uncertainty_repulsion,3,6,17,18,2374,3.695488647094665,False,False,False,2367,0.4999999891386528,0.9999999782773056,0.6931471805599451,null,0.1,25,399,null,0,1.0,null,null,0.9999998402955758,0.15,0.8391944640849491,0.9999998402955758
ackley,optimized_iso_gpc,classifier_uncertainty_repulsion,classifier_uncertainty_repulsion,3,7,18,19,3349,0.25851747273810943,False,True,True,3334,0.4999999735128383,0.9999999470256766,0.6931471805599438,null,0.1,25,399,null,0,1.0,null,null,0.9988938842698741,0.15,0.5534532802663472,0.9988938842698741
ackley,optimized_iso_gpc,classifier_uncertainty_repulsion,classifier_uncertainty_repulsion,3,8,19,20,2499,3.0922863942462833,False,False,False,2490,0.5351907151905451,0.9296185696189099,0.6906683588250243,null,0.1,25,399,null,0,1.0,null,null,0.9953043829816931,0.15,0.4911727384178941,0.9953043829816931
ackley,optimized_iso_gpc,classifier_uncertainty_repulsion,classifier_uncertainty_repulsion,3,9,20,21,3601,3.859639244339524,False,False,False,3584,0.5573720507608897,0.8852558984782206,0.6865495537689669,null,0.1,25,398,null,0,1.0,null,null,0.9974083636430765,0.15,0.5176832634138888,0.9974083636430765
ackley,optimized_iso_gpc,classifier_uncertainty_repulsion,classifier_uncertainty_repulsion,3,10,21,22,1159,2.789343847482108,False,False,False,1155,0.583909137077967,0.832181725844066,0.6789988418821593,null,0.1,25,398,null,11,0.7092620776963903,null,null,0.7049348803150236,0.15,0.47902894085119735,0.9938990148811834
ackley,optimized_iso_gpc,classifier_uncertainty_repulsion,classifier_uncertainty_repulsion,3,11,22,23,1268,2.2919289704954,False,False,False,1263,0.6058244989302466,0.7883510021395068,0.6705792429774831,null,0.1,25,398,null,9,0.7943269768230274,null,null,0.6859323640712587,0.15,0.2993781151480438,0.8635390514051261
ackley,optimized_iso_gpc,classifier_uncertainty_repulsion,classifier_uncertainty_repulsion,3,12,23,24,386,2.161290725124701,False,False,False,384,0.6251055292074739,0.7497889415850523,0.6615093073761746,null,0.1,25,398,null,4,0.9098141932186564,null,null,0.6763961844398708,0.15,0.24742358093914457,0.7434443092682244
ackley,optimized_iso_gpc,classifier_uncertainty_repulsion,classifier_uncertainty_repulsion,3,13,24,25,3674,2.6640378334987034,False,False,False,3653,0.6427118082088441,0.7145763835823118,0.6518419409442731,null,0.1,25,398,null,6,0.7390163035010362,null,null,0.7271668428757595,0.15,0.4312617458927451,0.9839659009291937
ackley,optimized_iso_gpc,classifier_uncertainty_repulsion,classifier_uncertainty_repulsion,3,14,25,26,2127,1.4671013412400207,False,False,False,2118,0.6587687988488256,0.6824624023023489,0.6418487508799977,null,0.1,25,398,null,13,0.6864453288877254,null,null,0.671623620621943,0.15,0.4154449622670539,0.9784080280802573
ackley,optimized_iso_gpc,classifier_uncertainty_repulsion,classifier_uncertainty_repulsion,3,15,26,27,3088,3.534837291227884,False,False,False,3068,0.671117279468092,0.6577654410638161,0.6333845705054761,null,0.1,25,398,null,4,0.8735146165205778,null,null,0.8659532576221031,0.15,0.4623054480684551,0.9913437522904958
ackley,optimized_iso_gpc,classifier_uncertainty_repulsion,classifier_uncertainty_repulsion,3,16,27,28,3948,2.5214623814764376,False,False,False,3923,0.6829867666660903,0.6340264666678195,0.624597584987386,null,0.1,25,398,null,0,1.0,null,null,0.9473180455614146,0.15,0.36394601745270916,0.9473180455614146
ackley,optimized_iso_gpc,classifier_uncertainty_repulsion,classifier_uncertainty_repulsion,3,17,28,29,2344,3.4173800743652816,False,False,False,2333,0.6947881247143641,0.6104237505712717,0.6152158490751495,null,0.1,25,398,null,4,0.8434415883297305,null,null,0.7900118388290761,0.15,0.35236420487914416,0.9366526974245348
ackley,optimized_iso_gpc,classifier_uncertainty_repulsion,classifier_uncertainty_repulsion,3,18,29,30,1850,2.394868961926857,False,False,False,1842,0.7070386620281397,0.5859226759437206,0.6047819643843031,null,0.1,25,398,null,13,0.6583533532948842,null,null,0.590323354478335,0.15,0.3195945656786234,0.8966664353176343
ackley,optimized_iso_gpc,classifier_uncertainty_repulsion,classifier_uncertainty_repulsion,3,19,30,31,2866,2.8612519436089094,False,False,False,2848,0.7159108850815414,0.5681782298369171,0.5967739813680302,null,0.1,25,397,null,9,0.7277371997746079,null,null,0.7085526084276431,0.15,0.40449037775139374,0.973638022966386
ackley,optimized_iso_gpc,classifier_uncertainty_repulsion,classifier_uncertainty_repulsion,3,20,31,32,515,2.2164401812711727,False,False,False,512,0.7245307525210478,0.5509384949579044,0.5886231141078493,null,0.1,25,397,null,8,0.7244227958403202,null,null,0.7243081550324398,0.15,0.6275425873358287,0.9998417487570261
ackley,optimized_iso_gpc,classifier_uncertainty_repulsion,classifier_uncertainty_repulsion,3,21,32,33,2804,2.1565292940577354,False,False,False,2785,0.7327996962865768,0.5344006074268464,0.5804542713485269,null,0.1,25,397,null,11,0.6822141695125106,null,null,0.5600159267545843,0.15,0.2781842084113213,0.8208799403195548
ackley,optimized_iso_gpc,classifier_uncertainty_repulsion,classifier_uncertainty_repulsion,3,22,33,34,1118,2.98267105340474,False,False,False,1112,0.7421185186410071,0.5157629627179858,0.5708293290841936,null,0.1,25,397,null,11,0.6561532808798763,null,null,0.6347015882882131,0.15,0.39233479221046275,0.9673068881665923
ackley,optimized_iso_gpc,classifier_uncertainty_repulsion,classifier_uncertainty_repulsion,3,23,34,35,1500,2.228586918471388,False,False,False,1491,0.7484319046320707,0.5031361907358587,0.5640513254380115,null,0.1,25,397,null,4,0.8443763357971735,null,null,0.5330256637265678,0.15,0.21188565380417504,0.6312655164871948
ackley,optimized_iso_gpc,classifier_uncertainty_repulsion,classifier_uncertainty_repulsion,3,24,35,36,210,1.893871289114644,False,False,False,209,0.7558339082195289,0.4883321835609422,0.5558347055907752,null,0.1,25,397,null,0,1.0,null,null,0.9720349140672985,0.15,0.40119313491970343,0.9720349140672985
ackley,optimized_iso_gpc,classifier_uncertainty_repulsion,classifier_uncertainty_repulsion,3,25,36,37,1568,2.2370059533294384,False,False,False,1557,0.7618102012298777,0.4763795975402445,0.548984348167185,null,0.1,25,397,null,0,1.0,null,null,0.981572521627411,0.15,0.4239410987846694,0.981572521627411
ackley,optimized_iso_gpc,classifier_uncertainty_repulsion,classifier_uncertainty_repulsion,3,26,37,38,2611,3.561192761442955,False,False,False,2589,0.7686074095872755,0.46278518082544906,0.5409535566431612,null,0.1,25,397,null,1,0.936904788004034,null,null,0.933015744991502,0.15,0.49678852108020954,0.9958490520463481
ackley,optimized_iso_gpc,classifier_uncertainty_repulsion,classifier_uncertainty_repulsion,3,27,38,39,2606,1.2577153126659493,False,False,False,2584,0.7751760408660857,0.4496479182678286,0.5329460310954954,null,0.1,25,397,null,22,0.574348109570026,null,null,0.5108897347650321,0.15,0.3148464982513983,0.8895123466977183
ackley,optimized_iso_gpc,classifier_uncertainty_repulsion,classifier_uncertainty_repulsion,3,28,39,40,3400,2.4543964141898655,False,False,False,3367,0.7814133481526824,0.43717330369463525,0.5251133048443068,null,0.1,25,397,null,16,0.5966702733535088,null,null,0.5414273787555015,0.15,0.32723557528370134,0.9074147027846358
ackley,optimized_iso_gpc,classifier_uncertainty_repulsion,classifier_uncertainty_repulsion,3,29,40,41,995,2.618730111936923,False,False,False,988,0.785521811431181,0.4289563771376379,0.5198298076989477,null,0.1,25,396,null,9,0.6671113449516304,null,null,0.6129422675634609,0.15,0.33613703109258836,0.9188005453690837
ackley,optimized_iso_gpc,classifier_uncertainty_repulsion,classifier_uncertainty_repulsion,3,30,41,42,2029,2.127000906990494,False,False,False,2014,0.791976425412031,0.4160471491759381,0.511326254174149,null,0.1,25,396,null,34,0.5261181425341797,null,null,0.5001037096425316,0.15,0.36784418359865045,0.950554009093199
ackley,optimized_iso_gpc,classifier_uncertainty_repulsion,classifier_uncertainty_repulsion,3,31,42,43,148,2.723903941981307,False,False,False,148,0.7962268207346597,0.40754635853068066,0.5055888781380122,null,0.1,25,396,null,18,0.5765182017738386,null,null,0.4939236112229248,0.15,0.2956988714146693,0.8567355023713289
ackley,optimized_iso_gpc,classifier_uncertainty_repulsion,classifier_uncertainty_repulsion,3,32,43,44,3392,2.4956768399261247,False,False,False,3356,0.8001098079552094,0.3997803840895813,0.500250159703317,null,0.1,25,396,null,12,0.6338004868439557,null,null,0.6227064387956898,0.15,0.42666104325094173,0.9824959931736414
ackley,optimized_iso_gpc,classifier_uncertainty_repulsion,classifier_uncertainty_repulsion,3,33,44,45,2125,2.927540549682268,False,False,False,2107,0.8023492893474895,0.395301421305021,0.4971283186134011,null,0.1,25,396,null,3,0.8769433936495715,null,null,0.47488103923743846,0.15,0.18733015400870104,0.5415184636503482
ackley,optimized_iso_gpc,classifier_uncertainty_repulsion,classifier_uncertainty_repulsion,3,34,45,46,3951,2.988748944223561,False,False,False,3908,0.807852663623521,0.3842946727529579,0.48932168651529906,null,0.1,25,396,null,2,0.9277147029287428,null,null,0.41548205229020974,0.15,0.16348559602591423,0.4478554139311972
ackley,optimized_iso_gpc,classifier_uncertainty_repulsion,classifier_uncertainty_repulsion,3,35,46,47,3452,3.3115318793754263,False,False,False,3413,0.8121105307667449,0.3757789384665102,0.48314816077358724,null,0.1,25,396,null,6,0.8105445942338685,null,null,0.809455753724987,0.15,0.5454967316744018,0.9986566556403838
ackley,optimized_iso_gpc,classifier_uncertainty_repulsion,classifier_uncertainty_repulsion,3,36,47,48,2917,2.23708086713655,False,False,False,2886,0.8171449292459556,0.3657101415080888,0.4756952659354679,null,0.1,25,396,null,21,0.5572794183772256,null,null,0.39367987555981576,0.15,0.23484895358310193,0.7064317514294627
ackley,optimized_iso_gpc,classifier_uncertainty_repulsion,classifier_uncertainty_repulsion,3,37,48,49,1305,2.2037775865941125,False,False,False,1293,0.8198532015968567,0.3602935968062866,0.47161601121504615,null,0.1,25,396,null,6,0.7076794875426387,null,null,0.4340508205445723,0.15,0.2067845980040495,0.6133437921901335
ackley,optimized_iso_gpc,classifier_uncertainty_repulsion,classifier_uncertainty_repulsion,3,38,49,50,3056,2.630969060422018,False,False,False,3021,0.8243338208109208,0.35133235837815846,0.4647578801282969,null,0.1,25,396,null,11,0.6588138247863835,null,null,0.581251714628599,0.15,0.31027614728922376,0.8822700628922997
ackley,optimized_iso_gpc,classifier_uncertainty_repulsion,classifier_uncertainty_repulsion,3,39,50,51,2534,3.079310998383191,False,False,False,2507,0.8271589050663124,0.3456821898673752,0.46036265302429946,null,0.1,25,395,null,11,0.7519265583038972,null,null,0.5794302981367558,0.15,0.2573943269774749,0.7705942711263756
ackley,optimized_iso_gpc,classifier_uncertainty_repulsion,classifier_uncertainty_repulsion,3,40,51,52,1531,1.6552438416206936,False,False,False,1517,0.8308820735799145,0.338235852840171,0.45448481220752623,null,0.1,25,395,null,28,0.5031310063122949,null,null,0.43976437730598184,0.15,0.30534586108969125,0.8740554086086652
ackley,optimized_iso_gpc,classifier_uncertainty_repulsion,classifier_uncertainty_repulsion,3,41,52,53,917,1.7536909245119414,False,False,False,910,0.8337916479000569,0.3324167041998862,0.44982282328341044,null,0.1,25,395,null,20,0.5439823984075205,null,null,0.3852948005229884,0.15,0.23545503527950565,0.7082854181512461
ackley,optimized_iso_gpc,classifier_uncertainty_repulsion,classifier_uncertainty_repulsion,3,42,53,54,3270,2.592328263710092,False,False,False,3228,0.8375681629258906,0.3248636741482187,0.4436805085762875,null,0.1,25,395,null,34,0.5247288637054875,null,null,0.4699027570627145,0.15,0.318813713635646,0.8955153595790281
ackley,optimized_iso_gpc,classifier_uncertainty_repulsion,classifier_uncertainty_repulsion,3,43,54,55,1502,2.2588091869325275,False,False,False,1487,0.8405996623989722,0.3188006752020556,0.4386741632402948,null,0.1,25,395,null,37,0.43744814818990946,null,null,0.39617703670697596,0.15,0.3259383273348382,0.9056548492576623
ackley,optimized_iso_gpc,classifier_uncertainty_repulsion,classifier_uncertainty_repulsion,3,44,55,56,523,2.479491104116276,False,False,False,517,0.8437173131620739,0.31256537367585224,0.43345399228813275,null,0.1,25,395,null,50,0.4364824706862065,null,null,0.3848727412777013,0.15,0.3099624336856019,0.8817599036053658
ackley,optimized_iso_gpc,classifier_uncertainty_repulsion,classifier_uncertainty_repulsion,3,45,56,57,2501,2.6391606533380116,False,False,False,2471,0.845684276980478,0.308631446039044,0.43012267288489775,null,0.1,25,395,null,19,0.49164042785723183,null,null,0.36285812955241986,0.15,0.2455261512185811,0.7380559225649985
ackley,optimized_iso_gpc,classifier_uncertainty_repulsion,classifier_uncertainty_repulsion,3,46,57,58,1024,2.3370360479639203,False,False,False,1013,0.8482841306458795,0.30343173870824103,0.42567392672841975,null,0.1,25,395,null,28,0.5115620734618228,null,null,0.358008424301328,0.15,0.23270980100879307,0.6998337892381807
ackley,optimized_iso_gpc,classifier_uncertainty_repulsion,classifier_uncertainty_repulsion,3,47,58,59,3216,1.796516899097588,False,False,False,3170,0.8512009988248792,0.2975980023502416,0.42062016502911714,null,0.1,25,395,null,43,0.47300368004914595,null,null,0.4599376218289848,0.15,0.40188162118094345,0.9723764131839238
ackley,optimized_iso_gpc,classifier_uncertainty_repulsion,classifier_uncertainty_repulsion,3,48,59,60,2230,2.670957132438696,False,False,False,2203,0.8534714454477808,0.2930571091044385,0.4166399524174531,null,0.1,25,395,null,22,0.5190380464789321,null,null,0.40581552958029726,0.15,0.2617594235501374,0.7818608526547955
ackley,optimized_iso_gpc,classifier_uncertainty_repulsion,classifier_uncertainty_repulsion,3,49,60,61,932,2.9919511949644786,False,False,False,923,0.8545029256996486,0.29099414860070283,0.41481812742760127,null,0.1,25,394,null,14,0.6225445912670966,null,null,0.41304519244577176,0.15,0.22138032316880946,0.6634788868779342
ackley,optimized_iso_gpc,classifier_uncertainty_repulsion,classifier_uncertainty_repulsion,3,50,61,62,295,1.6538040107452812,False,False,False,292,0.8568683587114947,0.2862632825770106,0.4106078459394786,null,0.1,25,394,null,17,0.5660093424638177,null,null,0.3944010567999255,0.15,0.23173870007116218,0.6968101534916584
ackley,optimized_iso_gpc,classifier_uncertainty_repulsion,classifier_uncertainty_repulsion,3,51,62,63,408,3.3751863549904098,False,False,False,402,0.8569405542550612,0.28611889148987757,0.4104786293525877,null,0.1,25,394,null,1,0.9697520409275514,null,null,0.3246454003257199,0.15,0.1354367557515591,0.3347715566705094
ackley,optimized_iso_gpc,classifier_uncertainty_repulsion,classifier_uncertainty_repulsion,3,52,63,64,3357,2.374263532580718,False,False,False,3304,0.862138226678212,0.2757235466435759,0.4010629152925754,null,0.1,25,394,null,30,0.5864590180050109,null,null,0.44676507369335905,0.15,0.25408502370044855,0.7618010124784913
ackley,optimized_iso_gpc,classifier_uncertainty_repulsion,classifier_uncertainty_repulsion,3,53,64,65,1252,2.889943520536127,False,False,False,1235,0.8642671864049589,0.27146562719008216,0.3971410326144731,null,0.1,25,394,null,22,0.5260209474812192,null,null,0.3886933066141374,0.15,0.2458326955097929,0.7389312316844856
ackley,optimized_iso_gpc,classifier_uncertainty_repulsion,classifier_uncertainty_repulsion,3,54,65,66,780,1.9961742368397584,False,False,False,771,0.8652882861781563,0.2694234276436873,0.395246325807439,null,0.1,25,394,null,10,0.5802712979577678,null,null,0.3453703130376903,0.15,0.20172983148713391,0.5951876549007364
ackley,optimized_iso_gpc,classifier_uncertainty_repulsion,classifier_uncertainty_repulsion,3,55,66,67,1375,1.7880579964874368,False,False,False,1354,0.868920699197929,0.26215860160414195,0.3884332748509686,null,0.1,25,394,null,49,0.4294254544270784,null,null,0.33864575990446655,0.15,0.2644438766267444,0.7886019713392949
ackley,optimized_iso_gpc,classifier_uncertainty_repulsion,classifier_uncertainty_repulsion,3,56,67,68,1466,1.7869259064349716,False,False,False,1444,0.8703374885726589,0.2593250228546822,0.3857446505282637,null,0.1,25,394,null,28,0.5042839087061678,null,null,0.40547802264510324,0.15,0.27083057598272847,0.8040669465052552
ackley,optimized_iso_gpc,classifier_uncertainty_repulsion,classifier_uncertainty_repulsion,3,57,68,69,3284,2.0342147543531137,False,False,False,3228,0.869738880883574,0.26052223823285203,0.3868827817033799,null,0.1,25,394,null,3,0.778863997215136,null,null,0.3123491190561415,0.15,0.15187031938391454,0.40103165658312634
ackley,optimized_iso_gpc,classifier_uncertainty_repulsion,classifier_uncertainty_repulsion,3,58,69,70,1259,2.809915694541287,False,False,False,1240,0.8738760406143911,0.2522479187712179,0.37895152498462514,null,0.1,25,394,null,28,0.47877586095448793,null,null,0.40522730865185724,0.15,0.2903410161991122,0.846382079171652
ackley,optimized_iso_gpc,classifier_uncertainty_repulsion,classifier_uncertainty_repulsion,3,59,70,71,2871,2.617435453584948,False,False,False,2823,0.8760161185127799,0.24796776297444012,0.37478815493598366,null,0.1,25,393,null,61,0.39072167950079245,null,null,0.34394371641739185,0.15,0.30905702908412847,0.8802780456329766
ackley,optimized_iso_gpc,classifier_uncertainty_repulsion,classifier_uncertainty_repulsion,3,60,71,72,2394,1.608069421675319,False,False,False,2356,0.8768256484989934,0.24634870300201328,0.3732023127164991,null,0.1,25,393,null,26,0.48693381150792114,null,null,0.34953491583275126,0.15,0.23861222461137627,0.7178283938638861
ackley,optimized_iso_gpc,classifier_uncertainty_repulsion,classifier_uncertainty_repulsion,3,61,72,73,2094,2.231001419539325,False,False,False,2063,0.8788722963698774,0.2422554072602452,0.3691658568342798,null,0.1,25,393,null,24,0.4768223835034778,null,null,0.2847928798257812,0.15,0.20230490988278796,0.5972724638748089
ackley,optimized_iso_gpc,classifier_uncertainty_repulsion,classifier_uncertainty_repulsion,3,62,73,74,3789,3.196808066093647,False,False,False,3720,0.8801853056692153,0.23962938866156946,0.3665556200092111,null,0.1,25,393,null,14,0.6044468902945166,null,null,0.3551413795911381,0.15,0.1996335696443421,0.5875476990511037
ackley,optimized_iso_gpc,classifier_uncertainty_repulsion,classifier_uncertainty_repulsion,3,63,74,75,936,1.8014978864343476,False,False,False,923,0.88122039494408,0.23755921011184,0.36448636690737346,null,0.1,25,393,null,19,0.5762999549157753,null,null,0.405399072400646,0.15,0.23387925021082126,0.7034515080951098
ackley,optimized_iso_gpc,classifier_uncertainty_repulsion,classifier_uncertainty_repulsion,3,64,75,76,1767,0.4110012988236367,False,False,True,1737,0.8829001110651689,0.23419977786966228,0.36110661884638245,null,0.1,25,393,null,14,0.5755298588160431,null,null,0.31777258754981735,0.15,0.19012436710620925,0.552139185625445
ackley,optimized_iso_gpc,classifier_uncertainty_repulsion,classifier_uncertainty_repulsion,3,65,76,77,648,2.592865345654692,False,False,False,639,0.8856566386012901,0.22868672279741986,0.3555009234141872,null,0.1,25,393,null,55,0.39673824428891313,null,null,0.354771385363785,0.15,0.31794314317698646,0.8942202837028058
ackley,optimized_iso_gpc,classifier_uncertainty_repulsion,classifier_uncertainty_repulsion,3,66,77,78,1026,2.5935889066809317,False,False,False,1008,0.8844640554742682,0.23107188905146359,0.3579352873091413,null,0.1,25,393,null,6,0.7954553276541537,null,null,0.352534104241868,0.15,0.1623222851046794,0.443185295246576
ackley,optimized_iso_gpc,classifier_uncertainty_repulsion,classifier_uncertainty_repulsion,3,67,78,79,1454,1.1646294447104086,False,False,False,1428,0.8866943769758109,0.22661124604837823,0.3533712137238329,null,0.1,25,393,null,10,0.5983664168080323,null,null,0.26163126288611,0.15,0.16084401106909632,0.4372425583002705
ackley,optimized_iso_gpc,classifier_uncertainty_repulsion,classifier_uncertainty_repulsion,3,68,79,80,2082,2.6402332595329447,False,False,False,2046,0.8892056586093986,0.2215886827812028,0.3481728833173222,null,0.1,25,393,null,32,0.4327595540826699,null,null,0.33176758582335864,0.15,0.25589325430326854,0.766632608554683
ackley,optimized_ard_gpc,random,random,3,1,12,13,1524,0.4966236378185034,False,False,True,1523,0.2192373535359593,0.4384747070719186,0.5259410093134081,null,null,null,null,null,null,null,null,null,null,null,null,null
ackley,optimized_ard_gpc,random,random,3,2,13,14,2419,1.804155530091096,False,False,False,2414,0.7006905641828212,0.5986188716343577,0.6102780525758096,null,null,null,null,null,null,null,null,null,null,null,null,null
ackley,optimized_ard_gpc,random,random,3,3,14,15,2875,1.024013252299648,False,False,False,2867,0.3307299043122498,0.6614598086244996,0.6346943386949817,null,null,null,null,null,null,null,null,null,null,null,null,null
ackley,optimized_ard_gpc,random,random,3,4,15,16,3217,0.7075266627833674,False,False,False,3205,0.22184511218972602,0.44369022437945205,0.5292333580085813,null,null,null,null,null,null,null,null,null,null,null,null,null
ackley,optimized_ard_gpc,random,random,3,5,16,17,1323,1.6036912538952741,False,False,False,1322,0.11856509626454681,0.23713019252909362,0.36405626321153445,null,null,null,null,null,null,null,null,null,null,null,null,null
ackley,optimized_ard_gpc,random,random,3,6,17,18,41,2.573923472867227,False,False,False,41,0.6757822933566331,0.6484354132867338,0.6300078645295142,null,null,null,null,null,null,null,null,null,null,null,null,null
ackley,optimized_ard_gpc,random,random,3,7,18,19,1201,0.8715206666720441,False,False,False,1199,0.5636576704944218,0.8726846590111563,0.685020544493656,null,null,null,null,null,null,null,null,null,null,null,null,null
ackley,optimized_ard_gpc,random,random,3,8,19,20,3667,0.07243766076774172,True,True,True,3651,0.8454332766801826,0.3091334466396347,0.4305494196291919,null,null,null,null,null,null,null,null,null,null,null,null,null
ackley,optimized_ard_gpc,random,random,3,9,20,21,3018,0.9250404211656011,False,False,False,3004,0.704269885661347,0.5914602286773061,0.6072029089284818,null,null,null,null,null,null,null,null,null,null,null,null,null
ackley,optimized_ard_gpc,random,random,3,10,21,22,3219,1.0409777314041317,False,False,False,3202,0.333299295524057,0.666598591048114,0.636490572476448,null,null,null,null,null,null,null,null,null,null,null,null,null
ackley,optimized_ard_gpc,random,random,3,11,22,23,3253,3.7512847857888882,False,False,False,3235,0.4869840157767982,0.9739680315535963,0.6928083105899994,null,null,null,null,null,null,null,null,null,null,null,null,null
ackley,optimized_ard_gpc,random,random,3,12,23,24,2368,0.1505717907784856,True,True,True,2361,0.6882038917809723,0.6235922164380554,0.6205302323476598,null,null,null,null,null,null,null,null,null,null,null,null,null
ackley,optimized_ard_gpc,random,random,3,13,24,25,3802,5.292636292137006,False,False,False,3780,0.6123497888433178,0.7753004223133644,0.667685384450796,null,null,null,null,null,null,null,null,null,null,null,null,null
ackley,optimized_ard_gpc,random,random,3,14,25,26,1646,1.3660676517185184,False,False,False,1641,0.5316808862864377,0.9366382274271245,0.6911384781256853,null,null,null,null,null,null,null,null,null,null,null,null,null
ackley,optimized_ard_gpc,random,random,3,15,26,27,3320,4.978652849208293,False,False,False,3299,0.13579903248387382,0.27159806496774763,0.3972635979117326,null,null,null,null,null,null,null,null,null,null,null,null,null
ackley,optimized_ard_gpc,random,random,3,16,27,28,1616,0.7199215845816376,False,False,False,1611,0.48916516166506696,0.9783303233301339,0.6929123747379569,null,null,null,null,null,null,null,null,null,null,null,null,null
ackley,optimized_ard_gpc,random,random,3,17,28,29,354,2.581006022976556,False,False,False,352,0.4074811265988103,0.8149622531976206,0.6759286414173276,null,null,null,null,null,null,null,null,null,null,null,null,null
ackley,optimized_ard_gpc,random,random,3,18,29,30,2181,2.016022862226052,False,False,False,2171,0.6321144277229109,0.7357711445541781,0.6578207492333432,null,null,null,null,null,null,null,null,null,null,null,null,null
ackley,optimized_ard_gpc,random,random,3,19,30,31,204,0.45971425236354335,False,False,True,202,0.7285054075382504,0.5429891849234991,0.5847397354148194,null,null,null,null,null,null,null,null,null,null,null,null,null
ackley,optimized_ard_gpc,random,random,3,20,31,32,49,3.1280629284367745,False,False,False,48,0.11065819125212784,0.22131638250425567,0.34788923573293296,null,null,null,null,null,null,null,null,null,null,null,null,null
ackley,optimized_ard_gpc,random,random,3,21,32,33,581,0.6909267912731085,False,False,False,576,0.7971551499722409,0.4056897000555182,0.5043210211781517,null,null,null,null,null,null,null,null,null,null,null,null,null
ackley,optimized_ard_gpc,random,random,3,22,33,34,2090,1.8332773914190437,False,False,False,2078,0.46012275051172935,0.9202455010234587,0.6899634102716627,null,null,null,null,null,null,null,null,null,null,null,null,null
ackley,optimized_ard_gpc,random,random,3,23,34,35,2352,0.2952240359184639,False,True,True,2337,0.8456159360260926,0.3087681279478147,0.43023891289583405,null,null,null,null,null,null,null,null,null,null,null,null,null
ackley,optimized_ard_gpc,random,random,3,24,35,36,776,2.224249493806516,False,False,False,770,0.6740911020158364,0.6518177959683271,0.6312434486385878,null,null,null,null,null,null,null,null,null,null,null,null,null
ackley,optimized_ard_gpc,random,random,3,25,36,37,3259,1.3594023377307511,False,False,False,3229,0.3167820490679105,0.633564098135821,0.6244200202339979,null,null,null,null,null,null,null,null,null,null,null,null,null
ackley,optimized_ard_gpc,random,random,3,26,37,38,3964,5.945678713338479,False,False,False,3927,0.3237267982266303,0.6474535964532606,0.6296467639208612,null,null,null,null,null,null,null,null,null,null,null,null,null
ackley,optimized_ard_gpc,random,random,3,27,38,39,1142,2.3504359298398807,False,False,False,1135,0.5265085022553535,0.946982995489293,0.6917411200505994,null,null,null,null,null,null,null,null,null,null,null,null,null
ackley,optimized_ard_gpc,random,random,3,28,39,40,234,0.01110602897401769,True,True,True,230,0.442892492155778,0.885784984311556,0.6866103899827105,null,null,null,null,null,null,null,null,null,null,null,null,null
ackley,optimized_ard_gpc,random,random,3,29,40,41,717,1.8959388143909344,False,False,False,710,0.14176947980126897,0.28353895960253794,0.40816264682411296,null,null,null,null,null,null,null,null,null,null,null,null,null
ackley,optimized_ard_gpc,random,random,3,30,41,42,2293,3.8784975892663045,False,False,False,2274,0.11276618678914474,0.22553237357828948,0.3522599211763696,null,null,null,null,null,null,null,null,null,null,null,null,null
ackley,optimized_ard_gpc,random,random,3,31,42,43,1090,1.6804739415279997,False,False,False,1081,0.20457010189954872,0.40914020379909743,0.5066730301074596,null,null,null,null,null,null,null,null,null,null,null,null,null
ackley,optimized_ard_gpc,random,random,3,32,43,44,373,0.19791882838365993,False,True,True,367,0.44959728375141594,0.8991945675028319,0.6880576727089787,null,null,null,null,null,null,null,null,null,null,null,null,null
ackley,optimized_ard_gpc,random,random,3,33,44,45,1724,1.5908768492066567,False,False,False,1706,0.3481127054815829,0.6962254109631658,0.646270494898122,null,null,null,null,null,null,null,null,null,null,null,null,null
ackley,optimized_ard_gpc,random,random,3,34,45,46,3803,0.6403973123043141,False,False,False,3761,0.6816736800250283,0.6366526399499435,0.6256014422084131,null,null,null,null,null,null,null,null,null,null,null,null,null
ackley,optimized_ard_gpc,random,random,3,35,46,47,67,0.2970271730373213,False,True,True,65,0.4534059684030467,0.9068119368060934,0.6887988667243718,null,null,null,null,null,null,null,null,null,null,null,null,null
ackley,optimized_ard_gpc,random,random,3,36,47,48,3939,0.8854682158077374,False,False,False,3895,0.4971467186223286,0.9942934372446572,0.6931308980423314,null,null,null,null,null,null,null,null,null,null,null,null,null
ackley,optimized_ard_gpc,random,random,3,37,48,49,2108,0.1296194706746352,True,True,True,2087,0.7389642864751522,0.5220714270496956,0.5741374556175216,null,null,null,null,null,null,null,null,null,null,null,null,null
ackley,optimized_ard_gpc,random,random,3,38,49,50,2893,1.856235347160153,False,False,False,2861,0.6913771328203211,0.6172457343593578,0.6179943571167957,null,null,null,null,null,null,null,null,null,null,null,null,null
ackley,optimized_ard_gpc,random,random,3,39,50,51,1490,0.2577070101753982,False,True,True,1475,0.6604379170062771,0.6791241659874458,0.6407445826762359,null,null,null,null,null,null,null,null,null,null,null,null,null
ackley,optimized_ard_gpc,random,random,3,40,51,52,2415,0.4665829615120938,False,False,True,2387,0.6559380767782841,0.6881238464434318,0.6436930354269081,null,null,null,null,null,null,null,null,null,null,null,null,null
ackley,optimized_ard_gpc,random,random,3,41,52,53,2408,0.4913277280076098,False,False,True,2380,0.2222596440825555,0.444519288165111,0.5297530757275102,null,null,null,null,null,null,null,null,null,null,null,null,null
ackley,optimized_ard_gpc,random,random,3,42,53,54,2816,0.30486288139142204,False,True,True,2782,0.6515260431579577,0.6969479136840846,0.6464968367819317,null,null,null,null,null,null,null,null,null,null,null,null,null
ackley,optimized_ard_gpc,random,random,3,43,54,55,3530,2.0083741862938425,False,False,False,3484,0.2128849246637401,0.4257698493274802,0.5177539805686948,null,null,null,null,null,null,null,null,null,null,null,null,null
ackley,optimized_ard_gpc,random,random,3,44,55,56,3675,0.3039625706557185,False,True,True,3627,0.35417225231043403,0.7083445046208681,0.6499912376318928,null,null,null,null,null,null,null,null,null,null,null,null,null
ackley,optimized_ard_gpc,random,random,3,45,56,57,2197,1.271705339359917,False,False,False,2172,0.5402426329075212,0.9195147341849577,0.689904735552066,null,null,null,null,null,null,null,null,null,null,null,null,null
ackley,optimized_ard_gpc,random,random,3,46,57,58,221,0.853377469246194,False,False,False,216,0.6065501985926289,0.7868996028147421,0.670266238636978,null,null,null,null,null,null,null,null,null,null,null,null,null
ackley,optimized_ard_gpc,random,random,3,47,58,59,2203,0.14879175564879255,True,True,True,2176,0.46018169716724344,0.9203633943344869,0.6899728258119807,null,null,null,null,null,null,null,null,null,null,null,null,null
ackley,optimized_ard_gpc,random,random,3,48,59,60,3008,0.09641228227995846,True,True,True,2966,0.7026126309705774,0.5947747380588453,0.6086343463072516,null,null,null,null,null,null,null,null,null,null,null,null,null
ackley,optimized_ard_gpc,random,random,3,49,60,61,2038,0.1645498396575178,True,True,True,2016,0.4584924799767691,0.9169849599535382,0.6896974634452393,null,null,null,null,null,null,null,null,null,null,null,null,null
ackley,optimized_ard_gpc,random,random,3,50,61,62,759,2.1001844847789233,False,False,False,748,0.8055856539773458,0.38882869204530834,0.4925608731819316,null,null,null,null,null,null,null,null,null,null,null,null,null
ackley,optimized_ard_gpc,random,random,3,51,62,63,1564,0.7997982117425266,False,False,False,1545,0.3995323128397956,0.7990646256795912,0.6728215804348361,null,null,null,null,null,null,null,null,null,null,null,null,null
ackley,optimized_ard_gpc,random,random,3,52,63,64,682,1.2767461020284916,False,False,False,672,0.3072989213451365,0.614597842690273,0.6169223975294447,null,null,null,null,null,null,null,null,null,null,null,null,null
ackley,optimized_ard_gpc,random,random,3,53,64,65,1126,2.721525536887224,False,False,False,1111,0.1396247545596907,0.2792495091193814,0.40428172058755013,null,null,null,null,null,null,null,null,null,null,null,null,null
ackley,optimized_ard_gpc,random,random,3,54,65,66,3529,0.5730149841705447,False,False,True,3474,0.1316688571564555,0.263337714312911,0.38954686695684854,null,null,null,null,null,null,null,null,null,null,null,null,null
ackley,optimized_ard_gpc,random,random,3,55,66,67,415,0.9152456675000646,False,False,False,406,0.583939058618995,0.83212188276201,0.6789887013730341,null,null,null,null,null,null,null,null,null,null,null,null,null
ackley,optimized_ard_gpc,random,random,3,56,67,68,3329,1.858499090462864,False,False,False,3273,0.314260418013248,0.628520836026496,0.6224671840689688,null,null,null,null,null,null,null,null,null,null,null,null,null
ackley,optimized_ard_gpc,random,random,3,57,68,69,2795,4.312355386115476,False,False,False,2752,0.04650954271482988,0.09301908542965975,0.18810662919929896,null,null,null,null,null,null,null,null,null,null,null,null,null
ackley,optimized_ard_gpc,random,random,3,58,69,70,2988,0.789165512242425,False,False,False,2939,0.25427183095899863,0.5085436619179973,0.5669797507902372,null,null,null,null,null,null,null,null,null,null,null,null,null
ackley,optimized_ard_gpc,random,random,3,59,70,71,3024,0.08133344692287636,True,True,True,2972,0.314226147497493,0.628452294994986,0.6224404408850923,null,null,null,null,null,null,null,null,null,null,null,null,null
ackley,optimized_ard_gpc,random,random,3,60,71,72,3187,0.793439817680266,False,False,False,3133,0.20835119895593834,0.4167023979118767,0.5117639230750445,null,null,null,null,null,null,null,null,null,null,null,null,null
ackley,optimized_ard_gpc,random,random,3,61,72,73,194,0.5798984425669538,False,False,True,190,0.1748058406075188,0.3496116812150376,0.4634252461743773,null,null,null,null,null,null,null,null,null,null,null,null,null
ackley,optimized_ard_gpc,random,random,3,62,73,74,3496,4.514555157631323,False,False,False,3434,0.20531736369366627,0.41063472738733253,0.5076860764359101,null,null,null,null,null,null,null,null,null,null,null,null,null
ackley,optimized_ard_gpc,random,random,3,63,74,75,887,0.35578304259512805,False,True,True,871,0.2433565449924231,0.4867130899848462,0.5549181626945872,null,null,null,null,null,null,null,null,null,null,null,null,null
ackley,optimized_ard_gpc,random,random,3,64,75,76,2940,2.56301313624032,False,False,False,2890,0.14899157236902738,0.29798314473805476,0.4209558728413133,null,null,null,null,null,null,null,null,null,null,null,null,null
ackley,optimized_ard_gpc,random,random,3,65,76,77,3404,1.125070991256079,False,False,False,3340,0.7168948030329148,0.5662103939341705,0.5958621961174285,null,null,null,null,null,null,null,null,null,null,null,null,null
ackley,optimized_ard_gpc,random,random,3,66,77,78,997,0.13290434982587662,True,True,True,980,0.6219735806200788,0.7560528387598424,0.6630896919336122,null,null,null,null,null,null,null,null,null,null,null,null,null
ackley,optimized_ard_gpc,random,random,3,67,78,79,1960,0.59410655297226,False,False,True,1930,0.39183888236334496,0.7836777647266899,0.6695635384555355,null,null,null,null,null,null,null,null,null,null,null,null,null
ackley,optimized_ard_gpc,random,random,3,68,79,80,668,3.627010459013709,False,False,False,656,0.3634233332898589,0.7268466665797177,0.6553624606905872,null,null,null,null,null,null,null,null,null,null,null,null,null
ackley,optimized_ard_gpc,classifier_margin,classifier_margin,3,1,12,13,306,0.8557398274179189,False,False,False,305,0.5000468414215151,0.9999063171569698,0.6931471761717078,null,null,null,null,null,null,null,null,null,null,null,null,null
ackley,optimized_ard_gpc,classifier_margin,classifier_margin,3,2,13,14,1641,0.3920737669659271,False,True,True,1639,0.49996910827523217,0.9999382165504643,0.6931471786513481,null,null,null,null,null,null,null,null,null,null,null,null,null
ackley,optimized_ard_gpc,classifier_margin,classifier_margin,3,3,14,15,1671,0.5121372574735172,False,False,True,1668,0.4999999817974267,0.9999999635948534,0.6931471805599447,null,null,null,null,null,null,null,null,null,null,null,null,null
ackley,optimized_ard_gpc,classifier_margin,classifier_margin,3,4,15,16,2788,0.42390129480785177,False,False,True,2779,0.4999995635166346,0.9999991270332692,0.6931471805595641,null,null,null,null,null,null,null,null,null,null,null,null,null
ackley,optimized_ard_gpc,classifier_margin,classifier_margin,3,5,16,17,2351,1.936413175792623,False,False,False,2345,0.49999018007620555,0.9999803601524111,0.6931471803670834,null,null,null,null,null,null,null,null,null,null,null,null,null
ackley,optimized_ard_gpc,classifier_margin,classifier_margin,3,6,17,18,3212,1.1143547832276237,False,False,False,3198,0.5000843309949113,0.9998313380101773,0.6931471663365119,null,null,null,null,null,null,null,null,null,null,null,null,null
ackley,optimized_ard_gpc,classifier_margin,classifier_margin,3,7,18,19,606,5.326039252705117,False,False,False,604,0.5001644726987206,0.9996710546025589,0.6931471264574072,null,null,null,null,null,null,null,null,null,null,null,null,null
ackley,optimized_ard_gpc,classifier_margin,classifier_margin,3,8,19,20,3940,0.3465879433121106,False,True,True,3923,0.5008392947003799,0.9983214105992402,0.6931457717280955,null,null,null,null,null,null,null,null,null,null,null,null,null
ackley,optimized_ard_gpc,classifier_margin,classifier_margin,3,9,20,21,2841,1.5584321487033943,False,False,False,2829,0.4997893764286376,0.9995787528572752,0.693147091835365,null,null,null,null,null,null,null,null,null,null,null,null,null
ackley,optimized_ard_gpc,classifier_margin,classifier_margin,3,10,21,22,1758,1.7427601295904047,False,False,False,1752,0.5001967080373219,0.9996065839253563,0.6931471031718394,null,null,null,null,null,null,null,null,null,null,null,null,null
ackley,optimized_ard_gpc,classifier_margin,classifier_margin,3,11,22,23,2256,1.4699514149709785,False,False,False,2248,0.5002661656970688,0.9994676686058623,0.693147038871582,null,null,null,null,null,null,null,null,null,null,null,null,null
ackley,optimized_ard_gpc,classifier_margin,classifier_margin,3,12,23,24,3464,1.1734362773694702,False,False,False,3445,0.4995229734595691,0.9990459469191382,0.6931467254512358,null,null,null,null,null,null,null,null,null,null,null,null,null
ackley,optimized_ard_gpc,classifier_margin,classifier_margin,3,13,24,25,984,2.9016252522935932,False,False,False,981,0.49977426920777973,0.9995485384155595,0.6931470786511607,null,null,null,null,null,null,null,null,null,null,null,null,null
ackley,optimized_ard_gpc,classifier_margin,classifier_margin,3,14,25,26,2439,0.7511977358685815,False,False,False,2427,0.4999576729315685,0.999915345863137,0.6931471769767839,null,null,null,null,null,null,null,null,null,null,null,null,null
ackley,optimized_ard_gpc,classifier_margin,classifier_margin,3,15,26,27,3739,1.1581522675767228,False,False,False,3717,0.49962156919363276,0.9992431383872655,0.6931468941401675,null,null,null,null,null,null,null,null,null,null,null,null,null
ackley,optimized_ard_gpc,classifier_margin,classifier_margin,3,16,27,28,2539,1.356133215227775,False,False,False,2525,0.49974313583415847,0.9994862716683169,0.6931470486015401,null,null,null,null,null,null,null,null,null,null,null,null,null
ackley,optimized_ard_gpc,classifier_margin,classifier_margin,3,17,28,29,105,1.888525680031309,False,False,False,105,0.49980472516426716,0.9996094503285343,0.6931471042954205,null,null,null,null,null,null,null,null,null,null,null,null,null
ackley,optimized_ard_gpc,classifier_margin,classifier_margin,3,18,29,30,3516,3.587963096081099,False,False,False,3492,0.5004057509452151,0.9991884981095698,0.6931468512922501,null,null,null,null,null,null,null,null,null,null,null,null,null
ackley,optimized_ard_gpc,classifier_margin,classifier_margin,3,19,30,31,1057,1.771993653989277,False,False,False,1052,0.5000110490489181,0.9999779019021637,0.6931471803157823,null,null,null,null,null,null,null,null,null,null,null,null,null
ackley,optimized_ard_gpc,classifier_margin,classifier_margin,3,20,31,32,3123,3.5794852320769657,False,False,False,3100,0.500266349560268,0.9994673008794639,0.6931470386757621,null,null,null,null,null,null,null,null,null,null,null,null,null
ackley,optimized_ard_gpc,classifier_margin,classifier_margin,3,21,32,33,3698,0.6388443877173824,False,False,False,3671,0.5001861596470677,0.9996276807058646,0.6931471112491154,null,null,null,null,null,null,null,null,null,null,null,null,null
ackley,optimized_ard_gpc,classifier_margin,classifier_margin,3,22,33,34,1373,1.926500615867159,False,False,False,1367,0.5000308006071928,0.9999383987856143,0.6931471786625905,null,null,null,null,null,null,null,null,null,null,null,null,null
ackley,optimized_ard_gpc,classifier_margin,classifier_margin,3,23,34,35,399,1.8042660379701676,False,False,False,396,0.4999971783973731,0.9999943567947462,0.6931471805440224,null,null,null,null,null,null,null,null,null,null,null,null,null
ackley,optimized_ard_gpc,classifier_margin,classifier_margin,3,24,35,36,2677,2.363725879116819,False,False,False,2658,0.4999429657965365,0.999885931593073,0.6931471740541446,null,null,null,null,null,null,null,null,null,null,null,null,null
ackley,optimized_ard_gpc,classifier_margin,classifier_margin,3,25,36,37,3235,1.7987352813052873,False,False,False,3207,0.5001592411145637,0.9996815177708727,0.6931471298444793,null,null,null,null,null,null,null,null,null,null,null,null,null
ackley,optimized_ard_gpc,classifier_margin,classifier_margin,3,26,37,38,1028,0.10577815021765957,True,True,True,1022,0.4999832867890671,0.9999665735781342,0.6931471800012825,null,null,null,null,null,null,null,null,null,null,null,null,null
ackley,optimized_ard_gpc,classifier_margin,classifier_margin,3,27,38,39,2626,1.1138608017920681,False,False,False,2606,0.4998244628969399,0.9996489257938798,0.6931471189333949,null,null,null,null,null,null,null,null,null,null,null,null,null
ackley,optimized_ard_gpc,classifier_margin,classifier_margin,3,28,39,40,1480,0.2795604701511767,False,True,True,1471,0.50006759230077,0.99986481539846,0.693147171422507,null,null,null,null,null,null,null,null,null,null,null,null,null
ackley,optimized_ard_gpc,classifier_margin,classifier_margin,3,29,40,41,1854,1.4515497612438217,False,False,False,1840,0.49987382739396313,0.9997476547879263,0.693147148720892,null,null,null,null,null,null,null,null,null,null,null,null,null
ackley,optimized_ard_gpc,classifier_margin,classifier_margin,3,30,41,42,2665,1.5195443250326424,False,False,False,2642,0.5000107575235104,0.9999784849529791,0.6931471803284966,null,null,null,null,null,null,null,null,null,null,null,null,null
ackley,optimized_ard_gpc,classifier_margin,classifier_margin,3,31,42,43,531,0.5616687735567822,False,False,True,527,0.4999922919734803,0.9999845839469605,0.693147180441118,null,null,null,null,null,null,null,null,null,null,null,null,null
ackley,optimized_ard_gpc,classifier_margin,classifier_margin,3,32,43,44,281,0.44535568231697553,False,False,True,279,0.5000076080391153,0.9999847839217695,0.6931471804441809,null,null,null,null,null,null,null,null,null,null,null,null,null
ackley,optimized_ard_gpc,classifier_margin,classifier_margin,3,33,44,45,3612,0.4811926413426715,False,False,True,3574,0.5003310118784678,0.9993379762430643,0.6931469614222019,null,null,null,null,null,null,null,null,null,null,null,null,null
ackley,optimized_ard_gpc,classifier_margin,classifier_margin,3,34,45,46,1210,0.310811656730948,False,True,True,1200,0.49988483805743666,0.9997696761148733,0.6931471540353991,null,null,null,null,null,null,null,null,null,null,null,null,null
ackley,optimized_ard_gpc,classifier_margin,classifier_margin,3,35,46,47,890,2.3086739808505374,False,False,False,883,0.4999455311590364,0.9998910623180728,0.6931471746262361,null,null,null,null,null,null,null,null,null,null,null,null,null
ackley,optimized_ard_gpc,classifier_margin,classifier_margin,3,36,47,48,2138,0.8933749339241164,False,False,False,2118,0.5000365569031511,0.9999268861936979,0.693147177887131,null,null,null,null,null,null,null,null,null,null,null,null,null
ackley,optimized_ard_gpc,classifier_margin,classifier_margin,3,37,48,49,2298,0.29513075556845436,False,True,True,2276,0.5000523149482948,0.9998953701034103,0.6931471750862377,null,null,null,null,null,null,null,null,null,null,null,null,null
ackley,optimized_ard_gpc,classifier_margin,classifier_margin,3,38,49,50,3279,1.210523066554936,False,False,False,3239,0.4997888104684971,0.9995776209369942,0.6931470913579062,null,null,null,null,null,null,null,null,null,null,null,null,null
ackley,optimized_ard_gpc,classifier_margin,classifier_margin,3,39,50,51,2842,0.17619661062642678,True,True,True,2808,0.5001192734388898,0.9997614531222203,0.6931471521076387,null,null,null,null,null,null,null,null,null,null,null,null,null
ackley,optimized_ard_gpc,classifier_margin,classifier_margin,3,40,51,52,0,0.20259250990151756,False,True,True,0,0.5002488804585883,0.9995022390828234,0.6931470566769748,null,null,null,null,null,null,null,null,null,null,null,null,null
ackley,optimized_ard_gpc,classifier_margin,classifier_margin,3,41,52,53,2591,1.5515226585403745,False,False,False,2562,0.49984938873931034,0.9996987774786207,0.6931471351924409,null,null,null,null,null,null,null,null,null,null,null,null,null
ackley,optimized_ard_gpc,classifier_margin,classifier_margin,3,42,53,54,2792,1.5384257882472063,False,False,False,2757,0.49995730931700205,0.9999146186340041,0.6931471769149564,null,null,null,null,null,null,null,null,null,null,null,null,null
ackley,optimized_ard_gpc,classifier_margin,classifier_margin,3,43,54,55,2393,0.7141270535407287,False,False,False,2368,0.5001269908806707,0.9997460182386586,0.6931471483065774,null,null,null,null,null,null,null,null,null,null,null,null,null
ackley,optimized_ard_gpc,classifier_margin,classifier_margin,3,44,55,56,2608,1.7133840501032722,False,False,False,2577,0.4999084478673246,0.9998168957346492,0.6931471637963593,null,null,null,null,null,null,null,null,null,null,null,null,null
ackley,optimized_ard_gpc,classifier_margin,classifier_margin,3,45,56,57,744,3.058732942506177,False,False,False,736,0.5001524050081269,0.9996951899837463,0.6931471341053717,null,null,null,null,null,null,null,null,null,null,null,null,null
ackley,optimized_ard_gpc,classifier_margin,classifier_margin,3,46,57,58,73,0.6819450374342662,False,False,False,72,0.5000227209084986,0.9999545581830027,0.693147179527466,null,null,null,null,null,null,null,null,null,null,null,null,null
ackley,optimized_ard_gpc,classifier_margin,classifier_margin,3,47,58,59,2014,2.5208773795212274,False,False,False,1992,0.4998737540629541,0.9997475081259082,0.6931471486838717,null,null,null,null,null,null,null,null,null,null,null,null,null
ackley,optimized_ard_gpc,classifier_margin,classifier_margin,3,48,59,60,1906,0.08830675230426621,True,True,True,1884,0.5000378663293905,0.999924267341219,0.6931471776922276,null,null,null,null,null,null,null,null,null,null,null,null,null
ackley,optimized_ard_gpc,classifier_margin,classifier_margin,3,49,60,61,614,1.6530326079980195,False,False,False,605,0.49995612567251446,0.9999122513450289,0.693147176710032,null,null,null,null,null,null,null,null,null,null,null,null,null
ackley,optimized_ard_gpc,classifier_margin,classifier_margin,3,50,61,62,2281,1.6899473237501272,False,False,False,2253,0.4994092069502505,0.998818413900501,0.6931464824869276,null,null,null,null,null,null,null,null,null,null,null,null,null
ackley,optimized_ard_gpc,classifier_margin,classifier_margin,3,51,62,63,2025,1.7952565167184904,False,False,False,2000,0.500486401711252,0.999027196577496,0.6931467073866213,null,null,null,null,null,null,null,null,null,null,null,null,null
ackley,optimized_ard_gpc,classifier_margin,classifier_margin,3,52,63,64,1563,2.5956006292287466,False,False,False,1545,0.49995727186770256,0.9999145437354051,0.6931471769085588,null,null,null,null,null,null,null,null,null,null,null,null,null
ackley,optimized_ard_gpc,classifier_margin,classifier_margin,3,53,64,65,503,1.1165984783862726,False,False,False,496,0.49995894565681603,0.9999178913136321,0.6931471771890272,null,null,null,null,null,null,null,null,null,null,null,null,null
ackley,optimized_ard_gpc,classifier_margin,classifier_margin,3,54,65,66,278,0.023064473500960858,True,True,True,274,0.4995666653170543,0.9991333306341086,0.6931468050020034,null,null,null,null,null,null,null,null,null,null,null,null,null
ackley,optimized_ard_gpc,classifier_margin,classifier_margin,3,55,66,67,3348,1.833636390565415,False,False,False,3291,0.49994916641516984,0.9998983328303397,0.6931471753918386,null,null,null,null,null,null,null,null,null,null,null,null,null
ackley,optimized_ard_gpc,classifier_margin,classifier_margin,3,56,67,68,3862,0.7401595083363812,False,False,False,3798,0.5001024423360723,0.9997951153278555,0.6931471595710808,null,null,null,null,null,null,null,null,null,null,null,null,null
ackley,optimized_ard_gpc,classifier_margin,classifier_margin,3,57,68,69,2646,0.9816302961797998,False,False,False,2603,0.4998157284656463,0.9996314569312926,0.6931471126479469,null,null,null,null,null,null,null,null,null,null,null,null,null
ackley,optimized_ard_gpc,classifier_margin,classifier_margin,3,58,69,70,3387,0.5024722288088892,False,False,True,3328,0.5002910249683707,0.9994179500632585,0.6931470111688713,null,null,null,null,null,null,null,null,null,null,null,null,null
ackley,optimized_ard_gpc,classifier_margin,classifier_margin,3,59,70,71,3447,0.6400311293522734,False,False,False,3387,0.5000109146045532,0.9999781707908937,0.6931471803216881,null,null,null,null,null,null,null,null,null,null,null,null,null
ackley,optimized_ard_gpc,classifier_margin,classifier_margin,3,60,71,72,1609,0.6039954340219378,False,False,True,1588,0.500047171167382,0.9999056576652361,0.6931471761097072,null,null,null,null,null,null,null,null,null,null,null,null,null
ackley,optimized_ard_gpc,classifier_margin,classifier_margin,3,61,72,73,3982,0.5068171280413498,False,False,True,3910,0.5000401728376868,0.9999196543246265,0.6931471773322315,null,null,null,null,null,null,null,null,null,null,null,null,null
ackley,optimized_ard_gpc,classifier_margin,classifier_margin,3,62,73,74,211,0.3564694367149013,False,True,True,207,0.49990779548635267,0.9998155909727053,0.6931471635566006,null,null,null,null,null,null,null,null,null,null,null,null,null
ackley,optimized_ard_gpc,classifier_margin,classifier_margin,3,63,74,75,3092,0.7040486036169362,False,False,False,3036,0.5000721783169797,0.9998556433660406,0.6931471701405263,null,null,null,null,null,null,null,null,null,null,null,null,null
ackley,optimized_ard_gpc,classifier_margin,classifier_margin,3,64,75,76,2274,1.9585476906282473,False,False,False,2240,0.4996465659678725,0.999293131935745,0.6931469307286944,null,null,null,null,null,null,null,null,null,null,null,null,null
ackley,optimized_ard_gpc,classifier_margin,classifier_margin,3,65,76,77,3152,1.0062513495262984,False,False,False,3093,0.500382802325381,0.999234395349238,0.693146887484676,null,null,null,null,null,null,null,null,null,null,null,null,null
ackley,optimized_ard_gpc,classifier_margin,classifier_margin,3,66,77,78,1456,0.39392106617723677,False,True,True,1436,0.4999572164666805,0.999914432933361,0.6931471768990839,null,null,null,null,null,null,null,null,null,null,null,null,null
ackley,optimized_ard_gpc,classifier_margin,classifier_margin,3,67,78,79,455,0.5599523227856054,False,False,True,446,0.49996712400217447,0.9999342480043489,0.6931471783982828,null,null,null,null,null,null,null,null,null,null,null,null,null
ackley,optimized_ard_gpc,classifier_margin,classifier_margin,3,68,79,80,98,0.07122874900704801,True,True,True,96,0.4997992300836056,0.9995984601672112,0.6931470999428245,null,null,null,null,null,null,null,null,null,null,null,null,null
ackley,optimized_ard_gpc,classifier_entropy,classifier_entropy,3,1,12,13,306,0.8557398274179189,False,False,False,305,0.5000468414215151,0.9999063171569698,0.6931471761717078,Binary entropy is monotone-equivalent to classifier margin.,null,null,null,null,null,null,null,null,null,null,null,null
ackley,optimized_ard_gpc,classifier_entropy,classifier_entropy,3,2,13,14,1641,0.3920737669659271,False,True,True,1639,0.49996910827523217,0.9999382165504643,0.6931471786513481,Binary entropy is monotone-equivalent to classifier margin.,null,null,null,null,null,null,null,null,null,null,null,null
ackley,optimized_ard_gpc,classifier_entropy,classifier_entropy,3,3,14,15,1671,0.5121372574735172,False,False,True,1668,0.4999999817974267,0.9999999635948534,0.6931471805599447,Binary entropy is monotone-equivalent to classifier margin.,null,null,null,null,null,null,null,null,null,null,null,null
ackley,optimized_ard_gpc,classifier_entropy,classifier_entropy,3,4,15,16,2788,0.42390129480785177,False,False,True,2779,0.4999995635166346,0.9999991270332692,0.6931471805595641,Binary entropy is monotone-equivalent to classifier margin.,null,null,null,null,null,null,null,null,null,null,null,null
ackley,optimized_ard_gpc,classifier_entropy,classifier_entropy,3,5,16,17,2351,1.936413175792623,False,False,False,2345,0.49999018007620555,0.9999803601524111,0.6931471803670834,Binary entropy is monotone-equivalent to classifier margin.,null,null,null,null,null,null,null,null,null,null,null,null
ackley,optimized_ard_gpc,classifier_entropy,classifier_entropy,3,6,17,18,3212,1.1143547832276237,False,False,False,3198,0.5000843309949113,0.9998313380101773,0.6931471663365119,Binary entropy is monotone-equivalent to classifier margin.,null,null,null,null,null,null,null,null,null,null,null,null
ackley,optimized_ard_gpc,classifier_entropy,classifier_entropy,3,7,18,19,606,5.326039252705117,False,False,False,604,0.5001644726987206,0.9996710546025589,0.6931471264574072,Binary entropy is monotone-equivalent to classifier margin.,null,null,null,null,null,null,null,null,null,null,null,null
ackley,optimized_ard_gpc,classifier_entropy,classifier_entropy,3,8,19,20,3940,0.3465879433121106,False,True,True,3923,0.5008392947003799,0.9983214105992402,0.6931457717280955,Binary entropy is monotone-equivalent to classifier margin.,null,null,null,null,null,null,null,null,null,null,null,null
ackley,optimized_ard_gpc,classifier_entropy,classifier_entropy,3,9,20,21,2841,1.5584321487033943,False,False,False,2829,0.4997893764286376,0.9995787528572752,0.693147091835365,Binary entropy is monotone-equivalent to classifier margin.,null,null,null,null,null,null,null,null,null,null,null,null
ackley,optimized_ard_gpc,classifier_entropy,classifier_entropy,3,10,21,22,1758,1.7427601295904047,False,False,False,1752,0.5001967080373219,0.9996065839253563,0.6931471031718394,Binary entropy is monotone-equivalent to classifier margin.,null,null,null,null,null,null,null,null,null,null,null,null
ackley,optimized_ard_gpc,classifier_entropy,classifier_entropy,3,11,22,23,2256,1.4699514149709785,False,False,False,2248,0.5002661656970688,0.9994676686058623,0.693147038871582,Binary entropy is monotone-equivalent to classifier margin.,null,null,null,null,null,null,null,null,null,null,null,null
ackley,optimized_ard_gpc,classifier_entropy,classifier_entropy,3,12,23,24,3464,1.1734362773694702,False,False,False,3445,0.4995229734595691,0.9990459469191382,0.6931467254512358,Binary entropy is monotone-equivalent to classifier margin.,null,null,null,null,null,null,null,null,null,null,null,null
ackley,optimized_ard_gpc,classifier_entropy,classifier_entropy,3,13,24,25,984,2.9016252522935932,False,False,False,981,0.49977426920777973,0.9995485384155595,0.6931470786511607,Binary entropy is monotone-equivalent to classifier margin.,null,null,null,null,null,null,null,null,null,null,null,null
ackley,optimized_ard_gpc,classifier_entropy,classifier_entropy,3,14,25,26,2439,0.7511977358685815,False,False,False,2427,0.4999576729315685,0.999915345863137,0.6931471769767839,Binary entropy is monotone-equivalent to classifier margin.,null,null,null,null,null,null,null,null,null,null,null,null
ackley,optimized_ard_gpc,classifier_entropy,classifier_entropy,3,15,26,27,3739,1.1581522675767228,False,False,False,3717,0.49962156919363276,0.9992431383872655,0.6931468941401675,Binary entropy is monotone-equivalent to classifier margin.,null,null,null,null,null,null,null,null,null,null,null,null
ackley,optimized_ard_gpc,classifier_entropy,classifier_entropy,3,16,27,28,2539,1.356133215227775,False,False,False,2525,0.49974313583415847,0.9994862716683169,0.6931470486015401,Binary entropy is monotone-equivalent to classifier margin.,null,null,null,null,null,null,null,null,null,null,null,null
ackley,optimized_ard_gpc,classifier_entropy,classifier_entropy,3,17,28,29,105,1.888525680031309,False,False,False,105,0.49980472516426716,0.9996094503285343,0.6931471042954205,Binary entropy is monotone-equivalent to classifier margin.,null,null,null,null,null,null,null,null,null,null,null,null
ackley,optimized_ard_gpc,classifier_entropy,classifier_entropy,3,18,29,30,3516,3.587963096081099,False,False,False,3492,0.5004057509452151,0.9991884981095698,0.6931468512922501,Binary entropy is monotone-equivalent to classifier margin.,null,null,null,null,null,null,null,null,null,null,null,null
ackley,optimized_ard_gpc,classifier_entropy,classifier_entropy,3,19,30,31,1057,1.771993653989277,False,False,False,1052,0.5000110490489181,0.9999779019021637,0.6931471803157823,Binary entropy is monotone-equivalent to classifier margin.,null,null,null,null,null,null,null,null,null,null,null,null
ackley,optimized_ard_gpc,classifier_entropy,classifier_entropy,3,20,31,32,3123,3.5794852320769657,False,False,False,3100,0.500266349560268,0.9994673008794639,0.6931470386757621,Binary entropy is monotone-equivalent to classifier margin.,null,null,null,null,null,null,null,null,null,null,null,null
ackley,optimized_ard_gpc,classifier_entropy,classifier_entropy,3,21,32,33,3698,0.6388443877173824,False,False,False,3671,0.5001861596470677,0.9996276807058646,0.6931471112491154,Binary entropy is monotone-equivalent to classifier margin.,null,null,null,null,null,null,null,null,null,null,null,null
ackley,optimized_ard_gpc,classifier_entropy,classifier_entropy,3,22,33,34,1373,1.926500615867159,False,False,False,1367,0.5000308006071928,0.9999383987856143,0.6931471786625905,Binary entropy is monotone-equivalent to classifier margin.,null,null,null,null,null,null,null,null,null,null,null,null
ackley,optimized_ard_gpc,classifier_entropy,classifier_entropy,3,23,34,35,399,1.8042660379701676,False,False,False,396,0.4999971783973731,0.9999943567947462,0.6931471805440224,Binary entropy is monotone-equivalent to classifier margin.,null,null,null,null,null,null,null,null,null,null,null,null
ackley,optimized_ard_gpc,classifier_entropy,classifier_entropy,3,24,35,36,2677,2.363725879116819,False,False,False,2658,0.4999429657965365,0.999885931593073,0.6931471740541446,Binary entropy is monotone-equivalent to classifier margin.,null,null,null,null,null,null,null,null,null,null,null,null
ackley,optimized_ard_gpc,classifier_entropy,classifier_entropy,3,25,36,37,3235,1.7987352813052873,False,False,False,3207,0.5001592411145637,0.9996815177708727,0.6931471298444793,Binary entropy is monotone-equivalent to classifier margin.,null,null,null,null,null,null,null,null,null,null,null,null
ackley,optimized_ard_gpc,classifier_entropy,classifier_entropy,3,26,37,38,1028,0.10577815021765957,True,True,True,1022,0.4999832867890671,0.9999665735781342,0.6931471800012825,Binary entropy is monotone-equivalent to classifier margin.,null,null,null,null,null,null,null,null,null,null,null,null
ackley,optimized_ard_gpc,classifier_entropy,classifier_entropy,3,27,38,39,2626,1.1138608017920681,False,False,False,2606,0.4998244628969399,0.9996489257938798,0.6931471189333949,Binary entropy is monotone-equivalent to classifier margin.,null,null,null,null,null,null,null,null,null,null,null,null
ackley,optimized_ard_gpc,classifier_entropy,classifier_entropy,3,28,39,40,1480,0.2795604701511767,False,True,True,1471,0.50006759230077,0.99986481539846,0.693147171422507,Binary entropy is monotone-equivalent to classifier margin.,null,null,null,null,null,null,null,null,null,null,null,null
ackley,optimized_ard_gpc,classifier_entropy,classifier_entropy,3,29,40,41,1854,1.4515497612438217,False,False,False,1840,0.49987382739396313,0.9997476547879263,0.693147148720892,Binary entropy is monotone-equivalent to classifier margin.,null,null,null,null,null,null,null,null,null,null,null,null
ackley,optimized_ard_gpc,classifier_entropy,classifier_entropy,3,30,41,42,2665,1.5195443250326424,False,False,False,2642,0.5000107575235104,0.9999784849529791,0.6931471803284966,Binary entropy is monotone-equivalent to classifier margin.,null,null,null,null,null,null,null,null,null,null,null,null
ackley,optimized_ard_gpc,classifier_entropy,classifier_entropy,3,31,42,43,531,0.5616687735567822,False,False,True,527,0.4999922919734803,0.9999845839469605,0.693147180441118,Binary entropy is monotone-equivalent to classifier margin.,null,null,null,null,null,null,null,null,null,null,null,null
ackley,optimized_ard_gpc,classifier_entropy,classifier_entropy,3,32,43,44,281,0.44535568231697553,False,False,True,279,0.5000076080391153,0.9999847839217695,0.6931471804441809,Binary entropy is monotone-equivalent to classifier margin.,null,null,null,null,null,null,null,null,null,null,null,null
ackley,optimized_ard_gpc,classifier_entropy,classifier_entropy,3,33,44,45,3612,0.4811926413426715,False,False,True,3574,0.5003310118784678,0.9993379762430643,0.6931469614222019,Binary entropy is monotone-equivalent to classifier margin.,null,null,null,null,null,null,null,null,null,null,null,null
ackley,optimized_ard_gpc,classifier_entropy,classifier_entropy,3,34,45,46,1210,0.310811656730948,False,True,True,1200,0.49988483805743666,0.9997696761148733,0.6931471540353991,Binary entropy is monotone-equivalent to classifier margin.,null,null,null,null,null,null,null,null,null,null,null,null
ackley,optimized_ard_gpc,classifier_entropy,classifier_entropy,3,35,46,47,890,2.3086739808505374,False,False,False,883,0.4999455311590364,0.9998910623180728,0.6931471746262361,Binary entropy is monotone-equivalent to classifier margin.,null,null,null,null,null,null,null,null,null,null,null,null
ackley,optimized_ard_gpc,classifier_entropy,classifier_entropy,3,36,47,48,2138,0.8933749339241164,False,False,False,2118,0.5000365569031511,0.9999268861936979,0.693147177887131,Binary entropy is monotone-equivalent to classifier margin.,null,null,null,null,null,null,null,null,null,null,null,null
ackley,optimized_ard_gpc,classifier_entropy,classifier_entropy,3,37,48,49,2298,0.29513075556845436,False,True,True,2276,0.5000523149482948,0.9998953701034103,0.6931471750862377,Binary entropy is monotone-equivalent to classifier margin.,null,null,null,null,null,null,null,null,null,null,null,null
ackley,optimized_ard_gpc,classifier_entropy,classifier_entropy,3,38,49,50,3279,1.210523066554936,False,False,False,3239,0.4997888104684971,0.9995776209369942,0.6931470913579062,Binary entropy is monotone-equivalent to classifier margin.,null,null,null,null,null,null,null,null,null,null,null,null
ackley,optimized_ard_gpc,classifier_entropy,classifier_entropy,3,39,50,51,2842,0.17619661062642678,True,True,True,2808,0.5001192734388898,0.9997614531222203,0.6931471521076387,Binary entropy is monotone-equivalent to classifier margin.,null,null,null,null,null,null,null,null,null,null,null,null
ackley,optimized_ard_gpc,classifier_entropy,classifier_entropy,3,40,51,52,0,0.20259250990151756,False,True,True,0,0.5002488804585883,0.9995022390828234,0.6931470566769748,Binary entropy is monotone-equivalent to classifier margin.,null,null,null,null,null,null,null,null,null,null,null,null
ackley,optimized_ard_gpc,classifier_entropy,classifier_entropy,3,41,52,53,2591,1.5515226585403745,False,False,False,2562,0.49984938873931034,0.9996987774786207,0.6931471351924409,Binary entropy is monotone-equivalent to classifier margin.,null,null,null,null,null,null,null,null,null,null,null,null
ackley,optimized_ard_gpc,classifier_entropy,classifier_entropy,3,42,53,54,2792,1.5384257882472063,False,False,False,2757,0.49995730931700205,0.9999146186340041,0.6931471769149564,Binary entropy is monotone-equivalent to classifier margin.,null,null,null,null,null,null,null,null,null,null,null,null
ackley,optimized_ard_gpc,classifier_entropy,classifier_entropy,3,43,54,55,2393,0.7141270535407287,False,False,False,2368,0.5001269908806707,0.9997460182386586,0.6931471483065774,Binary entropy is monotone-equivalent to classifier margin.,null,null,null,null,null,null,null,null,null,null,null,null
ackley,optimized_ard_gpc,classifier_entropy,classifier_entropy,3,44,55,56,2608,1.7133840501032722,False,False,False,2577,0.4999084478673246,0.9998168957346492,0.6931471637963593,Binary entropy is monotone-equivalent to classifier margin.,null,null,null,null,null,null,null,null,null,null,null,null
ackley,optimized_ard_gpc,classifier_entropy,classifier_entropy,3,45,56,57,744,3.058732942506177,False,False,False,736,0.5001524050081269,0.9996951899837463,0.6931471341053717,Binary entropy is monotone-equivalent to classifier margin.,null,null,null,null,null,null,null,null,null,null,null,null
ackley,optimized_ard_gpc,classifier_entropy,classifier_entropy,3,46,57,58,73,0.6819450374342662,False,False,False,72,0.5000227209084986,0.9999545581830027,0.693147179527466,Binary entropy is monotone-equivalent to classifier margin.,null,null,null,null,null,null,null,null,null,null,null,null
ackley,optimized_ard_gpc,classifier_entropy,classifier_entropy,3,47,58,59,2014,2.5208773795212274,False,False,False,1992,0.4998737540629541,0.9997475081259082,0.6931471486838717,Binary entropy is monotone-equivalent to classifier margin.,null,null,null,null,null,null,null,null,null,null,null,null
ackley,optimized_ard_gpc,classifier_entropy,classifier_entropy,3,48,59,60,1906,0.08830675230426621,True,True,True,1884,0.5000378663293905,0.999924267341219,0.6931471776922276,Binary entropy is monotone-equivalent to classifier margin.,null,null,null,null,null,null,null,null,null,null,null,null
ackley,optimized_ard_gpc,classifier_entropy,classifier_entropy,3,49,60,61,614,1.6530326079980195,False,False,False,605,0.49995612567251446,0.9999122513450289,0.693147176710032,Binary entropy is monotone-equivalent to classifier margin.,null,null,null,null,null,null,null,null,null,null,null,null
ackley,optimized_ard_gpc,classifier_entropy,classifier_entropy,3,50,61,62,2281,1.6899473237501272,False,False,False,2253,0.4994092069502505,0.998818413900501,0.6931464824869276,Binary entropy is monotone-equivalent to classifier margin.,null,null,null,null,null,null,null,null,null,null,null,null
ackley,optimized_ard_gpc,classifier_entropy,classifier_entropy,3,51,62,63,2025,1.7952565167184904,False,False,False,2000,0.500486401711252,0.999027196577496,0.6931467073866213,Binary entropy is monotone-equivalent to classifier margin.,null,null,null,null,null,null,null,null,null,null,null,null
ackley,optimized_ard_gpc,classifier_entropy,classifier_entropy,3,52,63,64,1563,2.5956006292287466,False,False,False,1545,0.49995727186770256,0.9999145437354051,0.6931471769085588,Binary entropy is monotone-equivalent to classifier margin.,null,null,null,null,null,null,null,null,null,null,null,null
ackley,optimized_ard_gpc,classifier_entropy,classifier_entropy,3,53,64,65,503,1.1165984783862726,False,False,False,496,0.49995894565681603,0.9999178913136321,0.6931471771890272,Binary entropy is monotone-equivalent to classifier margin.,null,null,null,null,null,null,null,null,null,null,null,null
ackley,optimized_ard_gpc,classifier_entropy,classifier_entropy,3,54,65,66,278,0.023064473500960858,True,True,True,274,0.4995666653170543,0.9991333306341086,0.6931468050020034,Binary entropy is monotone-equivalent to classifier margin.,null,null,null,null,null,null,null,null,null,null,null,null
ackley,optimized_ard_gpc,classifier_entropy,classifier_entropy,3,55,66,67,3348,1.833636390565415,False,False,False,3291,0.49994916641516984,0.9998983328303397,0.6931471753918386,Binary entropy is monotone-equivalent to classifier margin.,null,null,null,null,null,null,null,null,null,null,null,null
ackley,optimized_ard_gpc,classifier_entropy,classifier_entropy,3,56,67,68,3862,0.7401595083363812,False,False,False,3798,0.5001024423360723,0.9997951153278555,0.6931471595710808,Binary entropy is monotone-equivalent to classifier margin.,null,null,null,null,null,null,null,null,null,null,null,null
ackley,optimized_ard_gpc,classifier_entropy,classifier_entropy,3,57,68,69,2646,0.9816302961797998,False,False,False,2603,0.4998157284656463,0.9996314569312926,0.6931471126479469,Binary entropy is monotone-equivalent to classifier margin.,null,null,null,null,null,null,null,null,null,null,null,null
ackley,optimized_ard_gpc,classifier_entropy,classifier_entropy,3,58,69,70,3387,0.5024722288088892,False,False,True,3328,0.5002910249683707,0.9994179500632585,0.6931470111688713,Binary entropy is monotone-equivalent to classifier margin.,null,null,null,null,null,null,null,null,null,null,null,null
ackley,optimized_ard_gpc,classifier_entropy,classifier_entropy,3,59,70,71,3447,0.6400311293522734,False,False,False,3387,0.5000109146045532,0.9999781707908937,0.6931471803216881,Binary entropy is monotone-equivalent to classifier margin.,null,null,null,null,null,null,null,null,null,null,null,null
ackley,optimized_ard_gpc,classifier_entropy,classifier_entropy,3,60,71,72,1609,0.6039954340219378,False,False,True,1588,0.500047171167382,0.9999056576652361,0.6931471761097072,Binary entropy is monotone-equivalent to classifier margin.,null,null,null,null,null,null,null,null,null,null,null,null
ackley,optimized_ard_gpc,classifier_entropy,classifier_entropy,3,61,72,73,3982,0.5068171280413498,False,False,True,3910,0.5000401728376868,0.9999196543246265,0.6931471773322315,Binary entropy is monotone-equivalent to classifier margin.,null,null,null,null,null,null,null,null,null,null,null,null
ackley,optimized_ard_gpc,classifier_entropy,classifier_entropy,3,62,73,74,211,0.3564694367149013,False,True,True,207,0.49990779548635267,0.9998155909727053,0.6931471635566006,Binary entropy is monotone-equivalent to classifier margin.,null,null,null,null,null,null,null,null,null,null,null,null
ackley,optimized_ard_gpc,classifier_entropy,classifier_entropy,3,63,74,75,3092,0.7040486036169362,False,False,False,3036,0.5000721783169797,0.9998556433660406,0.6931471701405263,Binary entropy is monotone-equivalent to classifier margin.,null,null,null,null,null,null,null,null,null,null,null,null
ackley,optimized_ard_gpc,classifier_entropy,classifier_entropy,3,64,75,76,2274,1.9585476906282473,False,False,False,2240,0.4996465659678725,0.999293131935745,0.6931469307286944,Binary entropy is monotone-equivalent to classifier margin.,null,null,null,null,null,null,null,null,null,null,null,null
ackley,optimized_ard_gpc,classifier_entropy,classifier_entropy,3,65,76,77,3152,1.0062513495262984,False,False,False,3093,0.500382802325381,0.999234395349238,0.693146887484676,Binary entropy is monotone-equivalent to classifier margin.,null,null,null,null,null,null,null,null,null,null,null,null
ackley,optimized_ard_gpc,classifier_entropy,classifier_entropy,3,66,77,78,1456,0.39392106617723677,False,True,True,1436,0.4999572164666805,0.999914432933361,0.6931471768990839,Binary entropy is monotone-equivalent to classifier margin.,null,null,null,null,null,null,null,null,null,null,null,null
ackley,optimized_ard_gpc,classifier_entropy,classifier_entropy,3,67,78,79,455,0.5599523227856054,False,False,True,446,0.49996712400217447,0.9999342480043489,0.6931471783982828,Binary entropy is monotone-equivalent to classifier margin.,null,null,null,null,null,null,null,null,null,null,null,null
ackley,optimized_ard_gpc,classifier_entropy,classifier_entropy,3,68,79,80,98,0.07122874900704801,True,True,True,96,0.4997992300836056,0.9995984601672112,0.6931470999428245,Binary entropy is monotone-equivalent to classifier margin.,null,null,null,null,null,null,null,null,null,null,null,null
ackley,optimized_ard_gpc,classifier_gated_diversity,classifier_gated_diversity,3,1,12,13,436,1.3018974731742041,False,False,False,435,0.5001869102532874,0.9996261794934251,0.6931471106890581,null,0.1,25,399,0.5,2,0.9966738152044802,0.7341259012689304,0.9095814028893114,0.9531276090468959,null,null,null
ackley,optimized_ard_gpc,classifier_gated_diversity,classifier_gated_diversity,3,2,13,14,625,1.7127748010589485,False,False,False,623,0.5013255948164024,0.9973488103671952,0.6931436661525938,null,0.1,25,399,0.5,14,0.9649181744145656,0.7268874614441959,0.9012112707994758,0.9330647226070208,null,null,null
ackley,optimized_ard_gpc,classifier_gated_diversity,classifier_gated_diversity,3,3,14,15,2875,1.024013252299648,False,False,False,2867,0.4998194861374546,0.9996389722749092,0.6931471153894347,null,0.1,25,399,0.5,1,0.9973727173968218,0.6201485718672589,1.0,0.9986863586984109,null,null,null
ackley,optimized_ard_gpc,classifier_gated_diversity,classifier_gated_diversity,3,4,15,16,2230,2.670957132438696,False,False,False,2225,0.5008366873446635,0.9983266253106731,0.6931457804678665,null,0.1,25,399,0.5,16,0.9665980117305791,0.6913756157357012,0.9610001920467349,0.963799101888657,null,null,null
ackley,optimized_ard_gpc,classifier_gated_diversity,classifier_gated_diversity,3,5,16,17,869,1.6756127398547616,False,False,False,866,0.4987721437578636,0.9975442875157272,0.693144165295012,null,0.1,25,399,0.5,31,0.9476680430797184,0.5860813163272276,0.879743783186073,0.9137059131328957,null,null,null
ackley,optimized_ard_gpc,classifier_gated_diversity,classifier_gated_diversity,3,6,17,18,3949,1.2302079339620597,False,False,False,3934,0.5008439589937637,0.9983120820124727,0.6931457560257025,null,0.1,25,399,0.5,6,0.9897559831658367,0.5531976278931086,0.9044974250159715,0.9471267040909042,null,null,null
ackley,optimized_ard_gpc,classifier_gated_diversity,classifier_gated_diversity,3,7,18,19,3094,1.4151040013855507,False,False,False,3080,0.5050133077524954,0.9899733844950092,0.6930969132084284,null,0.1,25,399,0.5,51,0.8611923457101247,0.533746796671391,0.9474518822501604,0.9043221139801425,null,null,null
ackley,optimized_ard_gpc,classifier_gated_diversity,classifier_gated_diversity,3,8,19,20,781,6.5335349288132765,False,False,False,778,0.5011449549943823,0.9977100900112355,0.6931445587137757,null,0.1,25,399,0.5,8,0.9736959043894945,0.5033886776658066,0.935435809227692,0.9545658568085933,null,null,null
ackley,optimized_ard_gpc,classifier_gated_diversity,classifier_gated_diversity,3,9,20,21,1903,0.5703825147929482,False,False,True,1897,0.49740308532095323,0.9948061706419065,0.6931336925676028,null,0.1,25,398,0.5,33,0.9222117039544231,0.4969482245421794,0.8273261232211431,0.8747689135877831,null,null,null
ackley,optimized_ard_gpc,classifier_gated_diversity,classifier_gated_diversity,3,10,21,22,3940,0.3465879433121106,False,True,True,3922,0.5039292004625562,0.9921415990748876,0.6931163030095864,null,0.1,25,398,0.5,33,0.9204632570538959,0.5319797120150906,0.9532049627839778,0.9368341099189368,null,null,null
ackley,optimized_ard_gpc,classifier_gated_diversity,classifier_gated_diversity,3,11,22,23,1889,0.9433998491694826,False,False,False,1883,0.5000066916977343,0.9999866166045315,0.6931471804703877,null,0.1,25,398,0.5,0,1.0,0.46231141398412434,0.7740276936349046,0.8870138468174523,null,null,null
ackley,optimized_ard_gpc,classifier_gated_diversity,classifier_gated_diversity,3,12,23,24,1411,1.2019375813055593,False,False,False,1406,0.4973224728252985,0.994644945650597,0.6931328421878731,null,0.1,25,398,0.5,31,0.9245758037797244,0.41945230018351853,0.84407388182886,0.8843248428042922,null,null,null
ackley,optimized_ard_gpc,classifier_gated_diversity,classifier_gated_diversity,3,13,24,25,2499,3.0922863942462833,False,False,False,2487,0.5534462208081408,0.8931075583837185,0.6874232540476197,null,0.1,25,398,0.5,0,1.0,0.4911727384178941,0.8214663533367925,0.9107331766683963,null,null,null
ackley,optimized_ard_gpc,classifier_gated_diversity,classifier_gated_diversity,3,14,25,26,3601,3.859639244339524,False,False,False,3581,0.6404017133193634,0.7191965733612733,0.6531867130930608,null,0.1,25,398,0.5,0,1.0,0.5176832634138888,0.8690613594324633,0.9345306797162316,null,null,null
ackley,optimized_ard_gpc,classifier_gated_diversity,classifier_gated_diversity,3,15,26,27,3948,2.5214623814764376,False,False,False,3925,0.6672053237858222,0.6655893524283556,0.6361401466144826,null,0.1,25,398,0.5,3,0.9020371174444531,0.5906163794792524,1.0,0.9510185587222266,null,null,null
ackley,optimized_ard_gpc,classifier_gated_diversity,classifier_gated_diversity,3,16,27,28,246,0.9037751539715817,False,False,False,245,0.5053268026581836,0.9893463946836327,0.6930904298332703,null,0.1,25,398,0.5,24,0.9231868428818667,0.4478607731548958,0.8778920287910903,0.9005394358364784,null,null,null
ackley,optimized_ard_gpc,classifier_gated_diversity,classifier_gated_diversity,3,17,28,29,1597,0.9597689128189284,False,False,False,1590,0.5017794724789852,0.9964410550420295,0.6931408475019691,null,0.1,25,398,0.5,12,0.9671516951601984,0.48804139725973833,0.9813528357257085,0.9742522654429535,null,null,null
ackley,optimized_ard_gpc,classifier_gated_diversity,classifier_gated_diversity,3,18,29,30,3927,0.447405480084031,False,False,True,3903,0.5040104349390866,0.9919791301218268,0.693115013038226,null,0.1,25,398,0.5,15,0.9541951645612136,0.49192013153367964,0.9887306273662342,0.9714628959637239,null,null,null
ackley,optimized_ard_gpc,classifier_gated_diversity,classifier_gated_diversity,3,19,30,31,1472,2.0842798359772505,False,False,False,1465,0.6404131450245814,0.7191737099508373,0.6531801154794297,null,0.1,25,397,0.5,5,0.7868880022805614,0.3918522496621495,0.7565199464485075,0.7717039743645344,null,null,null
ackley,optimized_ard_gpc,classifier_gated_diversity,classifier_gated_diversity,3,20,31,32,2176,0.4018472695731372,False,False,True,2163,0.5003996045400149,0.9992007909199703,0.6931468611923346,null,0.1,25,397,0.5,3,0.9952519635495879,0.3899277399239576,0.7679474743282123,0.8815997189389001,null,null,null
ackley,optimized_ard_gpc,classifier_gated_diversity,classifier_gated_diversity,3,21,32,33,782,1.782937804717669,False,False,False,777,0.5021549461441017,0.9956901077117966,0.6931378929454239,null,0.1,25,397,0.5,19,0.9661513865834981,0.4050132171499866,0.8116623297416132,0.8889068581625557,null,null,null
ackley,optimized_ard_gpc,classifier_gated_diversity,classifier_gated_diversity,3,22,33,34,1936,1.4971188835620772,False,False,False,1923,0.5041641729884692,0.9916716540230617,0.693112499485662,null,0.1,25,397,0.5,21,0.9371501640972822,0.4411836173378757,0.8894522159028724,0.9133011900000774,null,null,null
ackley,optimized_ard_gpc,classifier_gated_diversity,classifier_gated_diversity,3,23,34,35,2200,2.022711996898858,False,False,False,2184,0.5080694390312086,0.9838611219375828,0.6930169432133683,null,0.1,25,397,0.5,46,0.8893608781917858,0.4829032454850002,1.0,0.9446804390958929,null,null,null
ackley,optimized_ard_gpc,classifier_gated_diversity,classifier_gated_diversity,3,24,35,36,753,2.2692777383207847,False,False,False,749,0.49868126023229076,0.9973625204645815,0.693143702406763,null,0.1,25,397,0.5,4,0.9814418712821072,0.38469600328019016,0.829868032449578,0.9056549518658426,null,null,null
ackley,optimized_ard_gpc,classifier_gated_diversity,classifier_gated_diversity,3,25,36,37,363,0.8614033584245888,False,False,False,361,0.5001030129569266,0.9997939740861468,0.6931471593366065,null,0.1,25,397,0.5,0,1.0,0.3692186855080404,0.791702406632029,0.8958512033160144,null,null,null
ackley,optimized_ard_gpc,classifier_gated_diversity,classifier_gated_diversity,3,26,37,38,1216,1.8418861904880242,False,False,False,1207,0.4980361278120893,0.9960722556241786,0.6931394669521711,null,0.1,25,397,0.5,12,0.9688858900956064,0.3694871016309988,0.8070726018280573,0.8879792459618319,null,null,null
ackley,optimized_ard_gpc,classifier_gated_diversity,classifier_gated_diversity,3,27,38,39,3674,2.6640378334987034,False,False,False,3643,0.5048772033687268,0.9902455932625465,0.6930996055800811,null,0.1,25,397,0.5,33,0.9265100774409685,0.4312617458927451,0.9635619614234996,0.945036019432234,null,null,null
ackley,optimized_ard_gpc,classifier_gated_diversity,classifier_gated_diversity,3,28,39,40,3125,1.904914354416995,False,False,False,3095,0.5118539419973125,0.976292116005375,0.6928661223459672,null,0.1,25,397,0.5,94,0.7668333166619155,0.4432560287748437,1.0,0.8834166583309577,null,null,null
ackley,optimized_ard_gpc,classifier_gated_diversity,classifier_gated_diversity,3,29,40,41,2127,1.4671013412400207,False,False,False,2109,0.49960979624062696,0.9992195924812539,0.6931468760419668,null,0.1,25,396,0.5,1,0.9938974947811647,0.4154449622670539,0.9241229390015208,0.9590102168913428,null,null,null
ackley,optimized_ard_gpc,classifier_gated_diversity,classifier_gated_diversity,3,30,41,42,2688,3.248154028986523,False,False,False,2663,0.48817173171316597,0.9763434634263319,0.6928673385937985,null,0.1,25,396,0.5,43,0.85501104275702,0.3956029018099622,0.8531584183905212,0.8540847305737707,null,null,null
ackley,optimized_ard_gpc,classifier_gated_diversity,classifier_gated_diversity,3,31,42,43,1397,0.9563075932297007,False,False,False,1387,0.4998290604502248,0.9996581209004496,0.6931471221192849,null,0.1,25,396,0.5,0,1.0,0.3318303581268254,0.7047990163893776,0.8523995081946888,null,null,null
ackley,optimized_ard_gpc,classifier_gated_diversity,classifier_gated_diversity,3,32,43,44,2889,1.1901348946400976,False,False,False,2860,0.4869774245969687,0.9739548491939374,0.6928079672627346,null,0.1,25,396,0.5,59,0.8264184270639944,0.3865692559819214,0.857475605572069,0.8419470163180317,null,null,null
ackley,optimized_ard_gpc,classifier_gated_diversity,classifier_gated_diversity,3,33,44,45,3652,0.6852987937368553,False,False,False,3616,0.5005053247682174,0.9989893504635652,0.6931466698536156,null,0.1,25,396,0.5,5,0.9956881435365879,0.3683258562310182,0.8065914964977948,0.9011398200171914,null,null,null
ackley,optimized_ard_gpc,classifier_gated_diversity,classifier_gated_diversity,3,34,45,46,78,2.1435301119365704,False,False,False,78,0.5031899578108936,0.9936200843782128,0.6931268287602091,null,0.1,25,396,0.5,14,0.9624447999337342,0.36351317484466955,1.0,0.9812223999668671,null,null,null
ackley,optimized_ard_gpc,classifier_gated_diversity,classifier_gated_diversity,3,35,46,47,3217,0.7075266627833674,False,False,False,3181,0.5015882344098337,0.9968235311803326,0.6931421355743803,null,0.1,25,396,0.5,13,0.9790813598269674,0.398470938437447,1.0,0.9895406799134837,null,null,null
ackley,optimized_ard_gpc,classifier_gated_diversity,classifier_gated_diversity,3,36,47,48,2235,0.5912838952229933,False,False,True,2211,0.4967821888533477,0.9935643777066954,0.693126471799843,null,0.1,25,396,0.5,15,0.9645426780422883,0.3233423893029178,0.7455603743271292,0.8550515261847087,null,null,null
ackley,optimized_ard_gpc,classifier_gated_diversity,classifier_gated_diversity,3,37,48,49,2070,3.01073903571319,False,False,False,2051,0.4989229116466418,0.9978458232932836,0.693144860319509,null,0.1,25,396,0.5,6,0.9835027739515039,0.3440534438948813,0.8833273110466863,0.933415042499095,null,null,null
ackley,optimized_ard_gpc,classifier_gated_diversity,classifier_gated_diversity,3,38,49,50,885,0.37805459937399455,False,True,True,875,0.49738276425848316,0.9947655285169663,0.6931334806515294,null,0.1,25,396,0.5,15,0.9621097242812758,0.36157861140865066,0.9351834759609711,0.9486466001211235,null,null,null
ackley,optimized_ard_gpc,classifier_gated_diversity,classifier_gated_diversity,3,39,50,51,1841,4.993616366445627,False,False,False,1824,0.4989280071862967,0.9978560143725934,0.6931448822209992,null,0.1,25,395,0.5,5,0.9880779265362792,0.32257453493205546,0.8081651823738742,0.8981215544550767,null,null,null
ackley,optimized_ard_gpc,classifier_gated_diversity,classifier_gated_diversity,3,40,51,52,1961,1.027513922647806,False,False,False,1940,0.49469108160394093,0.9893821632078819,0.6930908102716622,null,0.1,25,395,0.5,38,0.9215478810666196,0.33926220140576924,0.860723263038797,0.8911355720527083,null,null,null
ackley,optimized_ard_gpc,classifier_gated_diversity,classifier_gated_diversity,3,41,52,53,1463,0.15123212541303133,True,True,True,1449,0.5051939702839885,0.989612059432023,0.6930932249349133,null,0.1,25,395,0.5,27,0.9265631504361737,0.3553128931110619,0.9112751811696752,0.9189191658029244,null,null,null
ackley,optimized_ard_gpc,classifier_gated_diversity,classifier_gated_diversity,3,42,53,54,2778,1.3926284695806608,False,False,False,2743,0.5007886163241095,0.9984227673517809,0.6931459367280164,null,0.1,25,395,0.5,6,0.9897366305479717,0.33111918952426705,0.8371580965475487,0.9134473635477602,null,null,null
ackley,optimized_ard_gpc,classifier_gated_diversity,classifier_gated_diversity,3,43,54,55,355,1.3174731654452874,False,False,False,352,0.5026659957493447,0.9946680085013107,0.6931329654259175,null,0.1,25,395,0.5,11,0.9619260922856528,0.3579503511264063,0.9356823677935852,0.948804230039619,null,null,null
ackley,optimized_ard_gpc,classifier_gated_diversity,classifier_gated_diversity,3,44,55,56,3606,0.5263559820346746,False,False,True,3560,0.5144775162022839,0.9710449675954322,0.6927279250141569,null,0.1,25,395,0.5,85,0.7674135028650728,0.4071072518721198,1.0,0.8837067514325364,null,null,null
ackley,optimized_ard_gpc,classifier_gated_diversity,classifier_gated_diversity,3,45,56,57,1184,2.409884626262107,False,False,False,1172,0.4974537723755743,0.9949075447511486,0.6931342139536701,null,0.1,25,395,0.5,32,0.9568493025881843,0.3677031110373661,0.9585972301798426,0.9577232663840134,null,null,null
ackley,optimized_ard_gpc,classifier_gated_diversity,classifier_gated_diversity,3,46,57,58,2525,0.39014190057660514,False,True,True,2490,0.49946128065600215,0.9989225613120043,0.6931466001227699,null,0.1,25,395,0.5,3,0.991265897877236,0.2955149170908724,0.742867980592437,0.8670669392348365,null,null,null
ackley,optimized_ard_gpc,classifier_gated_diversity,classifier_gated_diversity,3,47,58,59,1923,1.6291515305632434,False,False,False,1900,0.4979070957236038,0.9958141914472076,0.6931384200377428,null,0.1,25,395,0.5,18,0.9579460773572837,0.3383761744090589,0.8972086589754887,0.9275773681663861,null,null,null
ackley,optimized_ard_gpc,classifier_gated_diversity,classifier_gated_diversity,3,48,59,60,2141,1.0955462732450503,False,False,False,2112,0.5034028186746928,0.9931943626506143,0.6931240220313066,null,0.1,25,395,0.5,20,0.9452532404177296,0.3607173036029074,0.9378639095074699,0.9415585749625998,null,null,null
ackley,optimized_ard_gpc,classifier_gated_diversity,classifier_gated_diversity,3,49,60,61,462,0.8416724067775103,False,False,False,456,0.5001848141047762,0.9996303717904476,0.6931471122474371,null,0.1,25,394,0.5,2,0.9971941999776673,0.36511989685598606,1.0,0.9985970999888336,null,null,null
ackley,optimized_ard_gpc,classifier_gated_diversity,classifier_gated_diversity,3,50,61,62,2516,0.22117088337189905,False,True,True,2479,0.5019559351392946,0.9960881297214108,0.6931395291758924,null,0.1,25,394,0.5,6,0.9696504555658422,0.3308294254441413,0.9525222102696662,0.9610863329177541,null,null,null
ackley,optimized_ard_gpc,classifier_gated_diversity,classifier_gated_diversity,3,51,62,63,3364,0.01076675541766825,True,True,True,3313,0.5012508063429619,0.9974983873140761,0.6931440515236664,null,0.1,25,394,0.5,2,0.9829911979892908,0.3137373013133164,0.8366446933758855,0.9098179456825881,null,null,null
ackley,optimized_ard_gpc,classifier_gated_diversity,classifier_gated_diversity,3,52,63,64,2073,0.3420769465323428,False,True,True,2045,0.49677953756466753,0.9935590751293351,0.6931264376599275,null,0.1,25,394,0.5,14,0.9633106032435199,0.33388529062342154,0.9046804387755706,0.9339955210095452,null,null,null
ackley,optimized_ard_gpc,classifier_gated_diversity,classifier_gated_diversity,3,53,64,65,2989,0.5328655085423826,False,False,True,2941,0.48773607221749415,0.9754721444349883,0.6928463425415882,null,0.1,25,394,0.5,83,0.811357217104564,0.36211306249997693,1.0,0.905678608552282,null,null,null
ackley,optimized_ard_gpc,classifier_gated_diversity,classifier_gated_diversity,3,54,65,66,91,2.4913554861394225,False,False,False,90,0.5039930011953748,0.9920139976092504,0.6931152921038934,null,0.1,25,394,0.5,27,0.9447501776262754,0.3395307637708458,0.9651908498188168,0.9549705137225462,null,null,null
ackley,optimized_ard_gpc,classifier_gated_diversity,classifier_gated_diversity,3,55,66,67,918,0.13308590966080658,True,True,True,904,0.5023153240662923,0.9953693518674154,0.6931364590705646,null,0.1,25,394,0.5,17,0.9370489348159468,0.4780077244669432,1.0,0.9685244674079734,null,null,null
ackley,optimized_ard_gpc,classifier_gated_diversity,classifier_gated_diversity,3,56,67,68,3061,0.3717192857049536,False,True,True,3010,0.5035650577857131,0.9928698844285737,0.6931217610705303,null,0.1,25,394,0.5,47,0.8720836941704608,0.4027659126221401,0.9837541216770975,0.9279189079237792,null,null,null
ackley,optimized_ard_gpc,classifier_gated_diversity,classifier_gated_diversity,3,57,68,69,2128,0.9648872403479345,False,False,False,2095,0.49612497929339483,0.9922499585867897,0.6931171486883532,null,0.1,25,394,0.5,41,0.8976268216046852,0.36018449221065324,0.8402433817800133,0.8689351016923492,null,null,null
ackley,optimized_ard_gpc,classifier_gated_diversity,classifier_gated_diversity,3,58,69,70,1718,3.3786959234293423,False,False,False,1696,0.4975435466092959,0.9950870932185918,0.6931351121848752,null,0.1,25,394,0.5,35,0.9423476789887533,0.3014752754614675,0.6776977966695266,0.8100227378291399,null,null,null
ackley,optimized_ard_gpc,classifier_gated_diversity,classifier_gated_diversity,3,59,70,71,1691,0.3406248849373732,False,True,True,1669,0.4973256602259104,0.9946513204518208,0.6931328763052866,null,0.1,25,393,0.5,27,0.9365494312822304,0.37373639693412714,0.9192227683088445,0.9278860997955375,null,null,null
ackley,optimized_ard_gpc,classifier_gated_diversity,classifier_gated_diversity,3,60,71,72,3895,1.3674134583032735,False,False,False,3830,0.4986732847885902,0.9973465695771804,0.69314366020931,null,0.1,25,393,0.5,11,0.9724031842719013,0.3223952414097143,0.8616192884813816,0.9170112363766414,null,null,null
ackley,optimized_ard_gpc,classifier_gated_diversity,classifier_gated_diversity,3,61,72,73,409,1.087698048547205,False,False,False,403,0.4999578823563826,0.9999157647127652,0.6931471770121536,null,0.1,25,393,0.5,1,0.9997810091817998,0.3619615040574919,0.8375521467936695,0.9186665779877347,null,null,null
ackley,optimized_ard_gpc,classifier_gated_diversity,classifier_gated_diversity,3,62,73,74,2233,3.747184254452984,False,False,False,2192,0.5001518993338984,0.9996962013322033,0.6931471344131293,null,0.1,25,393,0.5,2,0.9977804196578441,0.30020202273604624,0.6650152190189551,0.8313978193383996,null,null,null
ackley,optimized_ard_gpc,classifier_gated_diversity,classifier_gated_diversity,3,63,74,75,3348,1.833636390565415,False,False,False,3287,0.4995568255784242,0.9991136511568484,0.693146787752758,null,0.1,25,393,0.5,5,0.9915878399277512,0.33023487517917577,0.7566235053158265,0.8741056726217888,null,null,null
ackley,optimized_ard_gpc,classifier_gated_diversity,classifier_gated_diversity,3,64,75,76,2477,0.2958235325715055,False,True,True,2433,0.4976204756151077,0.9952409512302154,0.6931358562446019,null,0.1,25,393,0.5,26,0.9489231948800356,0.31757786747083994,0.7243378678174697,0.8366305313487526,null,null,null
ackley,optimized_ard_gpc,classifier_gated_diversity,classifier_gated_diversity,3,65,76,77,2360,1.6207812968107955,False,False,False,2317,0.4992176773207726,0.9984353546415452,0.693145956501897,null,0.1,25,393,0.5,4,0.9851598214656465,0.28544962567741883,0.6423847876025626,0.8137723045341045,null,null,null
ackley,optimized_ard_gpc,classifier_gated_diversity,classifier_gated_diversity,3,66,77,78,3989,2.5454754641856123,False,False,False,3912,0.5022466780913106,0.9955066438173787,0.6931370854010825,null,0.1,25,393,0.5,27,0.9484555403071102,0.3241933411981614,0.8529315930624991,0.9006935666848046,null,null,null
ackley,optimized_ard_gpc,classifier_gated_diversity,classifier_gated_diversity,3,67,78,79,1217,0.6663526598142226,False,False,False,1199,0.49750327473268996,0.9950065494653799,0.6931347132340129,null,0.1,25,393,0.5,25,0.9405753378754866,0.31048488487669706,0.8126934224371941,0.8766343801563403,null,null,null
ackley,optimized_ard_gpc,classifier_gated_diversity,classifier_gated_diversity,3,68,79,80,903,1.8889445778741383,False,False,False,888,0.49661402181019376,0.9932280436203875,0.6931242506880815,null,0.1,25,393,0.5,28,0.9267264392718471,0.35190479193998325,0.8118993725097936,0.8693129058908203,null,null,null
ackley,optimized_ard_gpc,classifier_uncertainty_repulsion,classifier_uncertainty_repulsion,3,1,12,13,1921,0.3538473856777813,False,True,True,1919,0.5001016952847883,0.9997966094304234,0.6931471598760832,null,0.1,25,399,null,1,0.9986973969605785,null,null,0.9984187145753216,0.15,0.6068657569454213,0.9997209541287431
ackley,optimized_ard_gpc,classifier_uncertainty_repulsion,classifier_uncertainty_repulsion,3,2,13,14,119,0.9902580006691917,False,False,False,119,0.5000937825824734,0.9998124348350532,0.6931471629695996,null,0.1,25,399,null,0,1.0,null,null,0.9992691856279649,0.15,0.5700533291229055,0.9992691856279649
ackley,optimized_ard_gpc,classifier_uncertainty_repulsion,classifier_uncertainty_repulsion,3,3,14,15,2848,2.883887009503006,False,False,False,2840,0.5002020250212647,0.9995959499574707,0.6931470989317247,null,0.1,25,399,null,2,0.996047355462134,null,null,0.9872393244018498,0.15,0.461265530295523,0.9911570157663864
ackley,optimized_ard_gpc,classifier_uncertainty_repulsion,classifier_uncertainty_repulsion,3,4,15,16,1225,1.280740959421932,False,False,False,1223,0.501085030882122,0.997829938235756,0.6931448259740669,null,0.1,25,399,null,4,0.9756206991830275,null,null,0.9725763329977947,0.15,0.509548969073407,0.9968795596610628
ackley,optimized_ard_gpc,classifier_uncertainty_repulsion,classifier_uncertainty_repulsion,3,5,16,17,2230,2.670957132438696,False,False,False,2224,0.4999996921338239,0.9999993842676478,0.6931471805597558,null,0.1,25,399,null,5,0.9983200568024228,null,null,0.9954846064345109,0.15,0.5136869584123351,0.9971597782208306
ackley,optimized_ard_gpc,classifier_uncertainty_repulsion,classifier_uncertainty_repulsion,3,6,17,18,3843,1.9861987349818673,False,False,False,3828,0.4999994268928901,0.9999988537857802,0.6931471805592884,null,0.1,25,399,null,7,0.995349040875961,null,null,0.9940319032226657,0.15,0.5461167127866203,0.9986767077686274
ackley,optimized_ard_gpc,classifier_uncertainty_repulsion,classifier_uncertainty_repulsion,3,7,18,19,2167,3.7368079737773723,False,False,False,2161,0.5000000808879612,0.9999998382240776,0.6931471805599323,null,0.1,25,399,null,0,1.0,null,null,0.9933012837277835,0.15,0.4746185539459247,0.9933012837277835
ackley,optimized_ard_gpc,classifier_uncertainty_repulsion,classifier_uncertainty_repulsion,3,8,19,20,3860,2.6152150046491336,False,False,False,3843,0.5000023861552682,0.9999952276894637,0.6931471805485578,null,0.1,25,399,null,6,0.9887956446037856,null,null,0.9879388044510593,0.15,0.5632891096731569,0.9991334507211855
ackley,optimized_ard_gpc,classifier_uncertainty_repulsion,classifier_uncertainty_repulsion,3,9,20,21,897,1.3448865017825398,False,False,False,895,0.5000043193107127,0.9999913613785747,0.6931471805226325,null,0.1,25,398,null,13,0.9843529094564288,null,null,0.9737855784215436,0.15,0.45170762085811444,0.9892646926388213
ackley,optimized_ard_gpc,classifier_uncertainty_repulsion,classifier_uncertainty_repulsion,3,10,21,22,1188,2.337774252789762,False,False,False,1185,0.4995145099767836,0.9990290199535672,0.693146709158746,null,0.1,25,398,null,4,0.9933396780623318,null,null,0.9886221735710857,0.15,0.49065331218423525,0.99525086473899
ackley,optimized_ard_gpc,classifier_uncertainty_repulsion,classifier_uncertainty_repulsion,3,11,22,23,2301,0.25451530604011907,False,True,True,2291,0.49981267493903647,0.9996253498780729,0.6931471103785867,null,0.1,25,398,null,2,0.9941660158860074,null,null,0.9916120707742722,0.15,0.5180655581150088,0.9974310677784946
ackley,optimized_ard_gpc,classifier_uncertainty_repulsion,classifier_uncertainty_repulsion,3,12,23,24,415,0.9152456675000646,False,False,False,413,0.499964702133608,0.999929404267216,0.6931471780680666,null,0.1,25,398,null,0,1.0,null,null,0.9962222702203251,0.15,0.5010373655506306,0.9962222702203251
ackley,optimized_ard_gpc,classifier_uncertainty_repulsion,classifier_uncertainty_repulsion,3,13,24,25,1533,0.06184335714736555,True,True,True,1527,0.5007144832445465,0.998571033510907,0.6931461595869843,null,0.1,25,398,null,7,0.9793802263026011,null,null,0.9665737035311571,0.15,0.4417730630776126,0.9869238499741906
ackley,optimized_ard_gpc,classifier_uncertainty_repulsion,classifier_uncertainty_repulsion,3,14,25,26,3506,1.3741334617894925,False,False,False,3486,0.5001343102065401,0.9997313795869198,0.6931471444814816,null,0.1,25,398,null,1,0.9974010302546877,null,null,0.9760299511686399,0.15,0.4158607294780488,0.978573233395808
ackley,optimized_ard_gpc,classifier_uncertainty_repulsion,classifier_uncertainty_repulsion,3,15,26,27,1859,1.2052297283703677,False,False,False,1851,0.4998863908912883,0.9997727817825766,0.6931471547458858,null,0.1,25,398,null,4,0.9965503221444727,null,null,0.9730728588467719,0.15,0.4106965313012596,0.9764412666615974
ackley,optimized_ard_gpc,classifier_uncertainty_repulsion,classifier_uncertainty_repulsion,3,16,27,28,644,0.3490622414230895,False,True,True,641,0.499481298157199,0.998962596314398,0.6931466424566453,null,0.1,25,398,null,3,0.9955081242678645,null,null,0.9781102627103272,0.15,0.4267443840514942,0.9825236367906768
ackley,optimized_ard_gpc,classifier_uncertainty_repulsion,classifier_uncertainty_repulsion,3,17,28,29,1610,0.011765368207857563,True,True,True,1602,0.49990294328361484,0.9998058865672297,0.6931471617199327,null,0.1,25,398,null,3,0.9980436378095348,null,null,0.9889531025760386,0.15,0.4598209918773943,0.990891645526194
ackley,optimized_ard_gpc,classifier_uncertainty_repulsion,classifier_uncertainty_repulsion,3,18,29,30,2474,3.9696162365381777,False,False,False,2457,0.502470755879342,0.995058488241316,0.6931349712410255,null,0.1,25,398,null,8,0.9627845592660847,null,null,0.9375816078215939,0.15,0.4048815693545405,0.9738228545504484
ackley,optimized_ard_gpc,classifier_uncertainty_repulsion,classifier_uncertainty_repulsion,3,19,30,31,2327,0.9501043305733798,False,False,False,2311,0.4990268535397995,0.998053707079599,0.6931452865306835,null,0.1,25,397,null,2,0.9944693374288492,null,null,0.9737491667864456,0.15,0.41737222305071653,0.9791645957672516
ackley,optimized_ard_gpc,classifier_uncertainty_repulsion,classifier_uncertainty_repulsion,3,20,31,32,1909,1.652632156801415,False,False,False,1898,0.497908442256942,0.995816884513884,0.6931384313068437,null,0.1,25,397,null,13,0.9699125630921138,null,null,0.9546827604753323,0.15,0.4323515090611057,0.9842977571419135
ackley,optimized_ard_gpc,classifier_uncertainty_repulsion,classifier_uncertainty_repulsion,3,21,32,33,978,2.0776554993256404,False,False,False,973,0.5003786904927142,0.9992426190145716,0.6931468937469394,null,0.1,25,397,null,3,0.9973694362332524,null,null,0.946775519379101,0.15,0.36627591447082136,0.9492726415948451
ackley,optimized_ard_gpc,classifier_uncertainty_repulsion,classifier_uncertainty_repulsion,3,22,33,34,2762,0.8253608993776229,False,False,False,2739,0.4956021094174776,0.9912042188349552,0.6931084971779897,null,0.1,25,397,null,20,0.9449948454844235,null,null,0.9354082741561648,0.15,0.4545181270557564,0.9898554247421906
ackley,optimized_ard_gpc,classifier_uncertainty_repulsion,classifier_uncertainty_repulsion,3,23,34,35,1394,0.9122933517377554,False,False,False,1386,0.5009220403208916,0.9981559193582168,0.693145480242275,null,0.1,25,397,null,6,0.9894145344374302,null,null,0.9630821546896405,0.15,0.40396055711522283,0.9733858975876456
ackley,optimized_ard_gpc,classifier_uncertainty_repulsion,classifier_uncertainty_repulsion,3,24,35,36,2548,1.345556860385022,False,False,False,2525,0.4974547966737557,0.9949095933475114,0.6931342243840473,null,0.1,25,397,null,9,0.9710029084997113,null,null,0.89007755629436,0.15,0.3343891505786641,0.916657971364485
ackley,optimized_ard_gpc,classifier_uncertainty_repulsion,classifier_uncertainty_repulsion,3,25,36,37,2531,0.893757326087286,False,False,False,2508,0.5088527156579055,0.9822945686841891,0.6929904312206161,null,0.1,25,397,null,24,0.8954027380527569,null,null,0.8763993559938016,0.15,0.41637669084810425,0.9787767210760576
ackley,optimized_ard_gpc,classifier_uncertainty_repulsion,classifier_uncertainty_repulsion,3,26,37,38,2562,0.07515528207854594,True,True,True,2537,0.5002855412451254,0.9994289175097493,0.6931470174923311,null,0.1,25,397,null,0,1.0,null,null,0.8740458686180057,0.15,0.30534027964751626,0.8740458686180057
ackley,optimized_ard_gpc,classifier_uncertainty_repulsion,classifier_uncertainty_repulsion,3,27,38,39,3704,1.08119292437625,False,False,False,3671,0.4992080148321727,0.9984160296643454,0.6931459260784086,null,0.1,25,397,null,2,0.9940453049917349,null,null,0.8797339491500112,0.15,0.31197525385516417,0.8850038773205874
ackley,optimized_ard_gpc,classifier_uncertainty_repulsion,classifier_uncertainty_repulsion,3,28,39,40,358,2.325877073346403,False,False,False,356,0.5076320562846632,0.9847358874306735,0.6930306794694425,null,0.1,25,397,null,28,0.9164432847738806,null,null,0.8832495433049127,0.15,0.3864146057905425,0.9637798191983501
ackley,optimized_ard_gpc,classifier_uncertainty_repulsion,classifier_uncertainty_repulsion,3,29,40,41,2484,2.4364309156612247,False,False,False,2461,0.4965400967051954,0.9930801934103908,0.6931232385072519,null,0.1,25,396,null,14,0.9661249145806611,null,null,0.8413926881953954,0.15,0.3035137145005346,0.8708943072445194
ackley,optimized_ard_gpc,classifier_uncertainty_repulsion,classifier_uncertainty_repulsion,3,30,41,42,141,2.233925219959003,False,False,False,140,0.5006570954588372,0.9986858090823256,0.6931463170108126,null,0.1,25,396,null,3,0.9959895570368096,null,null,0.8954899159181624,0.15,0.3212650272383691,0.8990956878929074
ackley,optimized_ard_gpc,classifier_uncertainty_repulsion,classifier_uncertainty_repulsion,3,31,42,43,1352,2.2491961859421874,False,False,False,1342,0.4923239436293567,0.9846478872587134,0.6930293322476537,null,0.1,25,396,null,21,0.9278658305590844,null,null,0.8460906959613727,0.15,0.3306072088964772,0.9118675007695474
ackley,optimized_ard_gpc,classifier_uncertainty_repulsion,classifier_uncertainty_repulsion,3,32,43,44,1880,1.043613187091097,False,False,False,1864,0.49615593350972187,0.9923118670194437,0.6931176265744348,null,0.1,25,396,null,13,0.959631993207553,null,null,0.8289124848034103,0.15,0.2995118027857617,0.8637816274057152
ackley,optimized_ard_gpc,classifier_uncertainty_repulsion,classifier_uncertainty_repulsion,3,33,44,45,1847,1.1468148017888815,False,False,False,1832,0.4998244413666263,0.9996488827332526,0.6931471189182765,null,0.1,25,396,null,1,0.9987197327714608,null,null,0.8255523266536601,0.15,0.2808018749551236,0.8266106091272886
ackley,optimized_ard_gpc,classifier_uncertainty_repulsion,classifier_uncertainty_repulsion,3,34,45,46,2711,0.6927723362490354,False,False,False,2678,0.5013550563698019,0.9972898872603961,0.6931435081999192,null,0.1,25,396,null,3,0.9886251529836269,null,null,0.9048173679188978,0.15,0.3332424347182013,0.9152279457873382
ackley,optimized_ard_gpc,classifier_uncertainty_repulsion,classifier_uncertainty_repulsion,3,35,46,47,2622,1.1167437821703103,False,False,False,2590,0.49907559987066197,0.9981511997413239,0.6931454715277734,null,0.1,25,396,null,6,0.972535199409963,null,null,0.9663002770660005,0.15,0.47669519249553693,0.9935890008425965
ackley,optimized_ard_gpc,classifier_uncertainty_repulsion,classifier_uncertainty_repulsion,3,36,47,48,1312,1.2966354360269037,False,False,False,1302,0.49178382105138674,0.9835676421027735,0.6930121632902502,null,0.1,25,396,null,29,0.919723471458755,null,null,0.8697369831201435,0.15,0.3620143839179374,0.9456505244349924
ackley,optimized_ard_gpc,classifier_uncertainty_repulsion,classifier_uncertainty_repulsion,3,37,48,49,439,3.086433110335676,False,False,False,434,0.4910308896823743,0.9820617793647486,0.6929862820505373,null,0.1,25,396,null,36,0.9113784012624462,null,null,0.8261979652496947,0.15,0.3265859578489396,0.9065366966182662
ackley,optimized_ard_gpc,classifier_uncertainty_repulsion,classifier_uncertainty_repulsion,3,38,49,50,46,1.7108244782461046,False,False,False,46,0.4977223562166362,0.9954447124332724,0.6931368052016548,null,0.1,25,396,null,12,0.977762136626314,null,null,0.8680761235939896,0.15,0.31375787737725874,0.8878193285221836
ackley,optimized_ard_gpc,classifier_uncertainty_repulsion,classifier_uncertainty_repulsion,3,39,50,51,3179,0.3517940680486724,False,True,True,3136,0.49890070793140806,0.9978014158628161,0.693144763671894,null,0.1,25,395,null,5,0.9896430577099641,null,null,0.8512488771566455,0.15,0.29753272950261833,0.8601574785220412
ackley,optimized_ard_gpc,classifier_uncertainty_repulsion,classifier_uncertainty_repulsion,3,40,51,52,3763,2.4597780902891184,False,False,False,3717,0.4939212029268294,0.9878424058536588,0.6930732751915459,null,0.1,25,395,null,18,0.9405682370636481,null,null,0.819203737422058,0.15,0.30355536645878806,0.8709668316883877
ackley,optimized_ard_gpc,classifier_uncertainty_repulsion,classifier_uncertainty_repulsion,3,41,52,53,3141,0.7140521992579068,False,False,False,3098,0.4953760614800231,0.9907521229600462,0.6931044183355328,null,0.1,25,395,null,15,0.9524569898138887,null,null,0.8927149185443872,0.15,0.35299487394744355,0.9372758330208956
ackley,optimized_ard_gpc,classifier_uncertainty_repulsion,classifier_uncertainty_repulsion,3,42,53,54,445,0.6849091912063425,False,False,False,438,0.49672206179646583,0.9934441235929317,0.6931256906482737,null,0.1,25,395,null,10,0.9717025057338037,null,null,0.8048973676780553,0.15,0.28160265094683706,0.8283372358602887
ackley,optimized_ard_gpc,classifier_uncertainty_repulsion,classifier_uncertainty_repulsion,3,43,54,55,3474,0.9385927995586254,False,False,False,3428,0.49456275217428924,0.9891255043485785,0.6930880520667069,null,0.1,25,395,null,16,0.9491182378316005,null,null,0.8574637520203252,0.15,0.32432674252474,0.9034319622593351
ackley,optimized_ard_gpc,classifier_uncertainty_repulsion,classifier_uncertainty_repulsion,3,44,55,56,903,1.8889445778741383,False,False,False,893,0.5005311497726146,0.9989377004547708,0.6931466163196773,null,0.1,25,395,null,6,0.9881040328923141,null,null,0.9531500008686155,0.15,0.3877872319388621,0.9646251499233502
ackley,optimized_ard_gpc,classifier_uncertainty_repulsion,classifier_uncertainty_repulsion,3,45,56,57,2937,2.530978238816001,False,False,False,2894,0.4981235295337827,0.9962470590675654,0.6931401382605928,null,0.1,25,395,null,21,0.9588142129110734,null,null,0.9088778355257605,0.15,0.3646541392164322,0.9479186095565896
ackley,optimized_ard_gpc,classifier_uncertainty_repulsion,classifier_uncertainty_repulsion,3,46,57,58,695,1.7135720456027475,False,False,False,686,0.5025266989839885,0.994946602032023,0.6931344120900893,null,0.1,25,395,null,22,0.9472786518220171,null,null,0.9009130512238557,0.15,0.36846519042593856,0.9510538947447187
ackley,optimized_ard_gpc,classifier_uncertainty_repulsion,classifier_uncertainty_repulsion,3,47,58,59,1881,2.501989788997733,False,False,False,1857,0.5016302147119687,0.9967395705760627,0.6931418653505139,null,0.1,25,395,null,5,0.972558900429793,null,null,0.8577885640639854,0.15,0.31010464563657386,0.8819913772676511
ackley,optimized_ard_gpc,classifier_uncertainty_repulsion,classifier_uncertainty_repulsion,3,48,59,60,1525,0.8846680624408503,False,False,False,1507,0.5016032714022933,0.9967934571954133,0.6931420395927566,null,0.1,25,395,null,11,0.96526824113624,null,null,0.8787831229453227,0.15,0.3294837105214052,0.910403021144554
ackley,optimized_ard_gpc,classifier_uncertainty_repulsion,classifier_uncertainty_repulsion,3,49,60,61,491,0.7391164979260019,False,False,False,483,0.49716279796508456,0.9943255959301691,0.6931310810427731,null,0.1,25,394,null,13,0.9517762601748313,null,null,0.8560341800552809,0.15,0.32148132669885154,0.8994069466473522
ackley,optimized_ard_gpc,classifier_uncertainty_repulsion,classifier_uncertainty_repulsion,3,50,61,62,374,0.7032267745305205,False,False,False,369,0.5000358464096446,0.9999283071807108,0.6931471779900151,null,0.1,25,394,null,0,1.0,null,null,0.8801807558494241,0.15,0.30899788620157465,0.8801807558494241
ackley,optimized_ard_gpc,classifier_uncertainty_repulsion,classifier_uncertainty_repulsion,3,51,62,63,2992,1.2257210439981954,False,False,False,2942,0.4977089013461473,0.9954178026922946,0.6931366822571238,null,0.1,25,394,null,18,0.9599650194683397,null,null,0.8795291764027118,0.15,0.3340279377324174,0.9162096103145759
ackley,optimized_ard_gpc,classifier_uncertainty_repulsion,classifier_uncertainty_repulsion,3,52,63,64,2205,0.6207082951493028,False,False,False,2173,0.49861012464043597,0.9972202492808719,0.6931433170479395,null,0.1,25,394,null,14,0.9750641073625383,null,null,0.8941213699763085,0.15,0.33465542988961045,0.9169872659909791
ackley,optimized_ard_gpc,classifier_uncertainty_repulsion,classifier_uncertainty_repulsion,3,53,64,65,3368,1.90057726171886,False,False,False,3313,0.5007660907163722,0.9984678185672555,0.6931460067695145,null,0.1,25,394,null,4,0.9913594750301901,null,null,0.9800413901085973,0.15,0.44863168600621395,0.9885832685250241
ackley,optimized_ard_gpc,classifier_uncertainty_repulsion,classifier_uncertainty_repulsion,3,54,65,66,1065,0.6823360430480907,False,False,False,1050,0.5003860713784049,0.9992278572431903,0.6931468824576972,null,0.1,25,394,null,3,0.995021882949345,null,null,0.8862749100950997,0.15,0.31562373219621576,0.8907089635738379
ackley,optimized_ard_gpc,classifier_uncertainty_repulsion,classifier_uncertainty_repulsion,3,55,66,67,540,1.4650228906985578,False,False,False,530,0.4990000293703498,0.9980000587406996,0.6931451806760918,null,0.1,25,394,null,6,0.9800939840904025,null,null,0.8682867778593231,0.15,0.3125528122364842,0.8859219543778298
ackley,optimized_ard_gpc,classifier_uncertainty_repulsion,classifier_uncertainty_repulsion,3,56,67,68,3466,1.9963410259384293,False,False,False,3408,0.5011977622860191,0.9976044754279618,0.6931443112882134,null,0.1,25,394,null,12,0.9771266581314414,null,null,0.9212177464656018,0.15,0.3588037935329744,0.9427823289840909
ackley,optimized_ard_gpc,classifier_uncertainty_repulsion,classifier_uncertainty_repulsion,3,57,68,69,3822,0.9774486477471847,False,False,False,3758,0.5002344916174947,0.9995310167650107,0.693147070587304,null,0.1,25,394,null,3,0.996545514584245,null,null,0.9388582426096427,0.15,0.35807348605202943,0.9421127573900433
ackley,optimized_ard_gpc,classifier_uncertainty_repulsion,classifier_uncertainty_repulsion,3,58,69,70,653,2.1877333095943747,False,False,False,641,0.5009436406512833,0.9981127186974335,0.6931453996435306,null,0.1,25,394,null,18,0.9659254934737712,null,null,0.9475566712534892,0.15,0.4222670202367229,0.9809831893408031
ackley,optimized_ard_gpc,classifier_uncertainty_repulsion,classifier_uncertainty_repulsion,3,59,70,71,2679,0.8920468378706161,False,False,False,2632,0.4990617141166067,0.9981234282332134,0.693145419798114,null,0.1,25,393,null,7,0.9835482103175335,null,null,0.9399746555098566,0.15,0.37450264401894523,0.9556975912816623
ackley,optimized_ard_gpc,classifier_uncertainty_repulsion,classifier_uncertainty_repulsion,3,60,71,72,1191,0.8228656458493759,False,False,False,1172,0.4972535451716613,0.9945070903433226,0.6931320944558335,null,0.1,25,393,null,6,0.9641535753118239,null,null,0.8420197121093659,0.15,0.30491963030429237,0.8733253017674515
ackley,optimized_ard_gpc,classifier_uncertainty_repulsion,classifier_uncertainty_repulsion,3,61,72,73,3039,6.639184173532842,False,False,False,2982,0.5002464448231734,0.9995071103536532,0.6931470590898385,null,0.1,25,393,null,1,0.999120907676876,null,null,0.8160440781999526,0.15,0.27633972858716865,0.8167620874808758
ackley,optimized_ard_gpc,classifier_uncertainty_repulsion,classifier_uncertainty_repulsion,3,62,73,74,534,0.9404279364048858,False,False,False,524,0.4986418518341975,0.997283703668395,0.6931434914225282,null,0.1,25,393,null,3,0.9842376434785542,null,null,0.8269758779302389,0.15,0.2872768782800519,0.8402197207246503
ackley,optimized_ard_gpc,classifier_uncertainty_repulsion,classifier_uncertainty_repulsion,3,63,74,75,2104,1.0431340236508202,False,False,False,2069,0.5101829573163172,0.9796340853673655,0.692939780981942,null,0.1,25,393,null,40,0.8577942509099757,null,null,0.820909756348761,0.15,0.376292154314145,0.9570007673494122
ackley,optimized_ard_gpc,classifier_uncertainty_repulsion,classifier_uncertainty_repulsion,3,64,75,76,2488,1.791621187620441,False,False,False,2443,0.49365314480963995,0.9873062896192799,0.6930666132546104,null,0.1,25,393,null,29,0.9033837035667593,null,null,0.8337469257075326,0.15,0.33960043322539163,0.9229156142796408
ackley,optimized_ard_gpc,classifier_uncertainty_repulsion,classifier_uncertainty_repulsion,3,65,76,77,2264,1.2006737880945302,False,False,False,2224,0.5010741545847259,0.9978516908305481,0.6931448729420264,null,0.1,25,393,null,9,0.9864453663611132,null,null,0.8277198304606533,0.15,0.2867262003388406,0.8390934345548394
ackley,optimized_ard_gpc,classifier_uncertainty_repulsion,classifier_uncertainty_repulsion,3,66,77,78,1997,0.343751224148539,False,True,True,1962,0.5042062073586493,0.9915875852827014,0.6931117957818946,null,0.1,25,393,null,23,0.9441594161517785,null,null,0.8285698943569605,0.15,0.3074267996844238,0.8775741471011963
ackley,optimized_ard_gpc,classifier_uncertainty_repulsion,classifier_uncertainty_repulsion,3,67,78,79,2119,1.9700203651418153,False,False,False,2082,0.497252987196072,0.994505974392144,0.69313208832533,null,0.1,25,393,null,19,0.9629046905928546,null,null,0.7895041648789081,0.15,0.2777512651191139,0.8199193259644578
ackley,optimized_ard_gpc,classifier_uncertainty_repulsion,classifier_uncertainty_repulsion,3,68,79,80,774,1.3318686589737005,False,False,False,759,0.500739822976271,0.9985203540474581,0.6931460858834735,null,0.1,25,393,null,8,0.9812678746585362,null,null,0.861851502808172,0.15,0.3078641143719824,0.8783040034894458
ackley,fixed_iso_gpc,random,random,4,1,12,13,2217,1.727344436917246,False,False,False,2207,0.4339508072289675,0.867901614457935,0.684396634875913,null,null,null,null,null,null,null,null,null,null,null,null,null
ackley,fixed_iso_gpc,random,random,4,2,13,14,2642,1.0888243990365556,False,False,False,2631,0.46131171209854926,0.9226234241970985,0.6901506189933635,null,null,null,null,null,null,null,null,null,null,null,null,null
ackley,fixed_iso_gpc,random,random,4,3,14,15,3556,1.9202192004568275,False,False,False,3543,0.49794513210021796,0.9958902642004359,0.6931387355720016,null,null,null,null,null,null,null,null,null,null,null,null,null
ackley,fixed_iso_gpc,random,random,4,4,15,16,3049,1.1457608981420044,False,False,False,3037,0.4563265511764172,0.9126531023528344,0.6893275746836237,null,null,null,null,null,null,null,null,null,null,null,null,null
ackley,fixed_iso_gpc,random,random,4,5,16,17,3086,0.5970169223876347,False,False,False,3073,0.47758549598836453,0.9551709919767291,0.6921420237545397,null,null,null,null,null,null,null,null,null,null,null,null,null
ackley,fixed_iso_gpc,random,random,4,6,17,18,2760,0.7755542271248856,False,False,False,2748,0.4187330701423093,0.8374661402846186,0.6798797734630311,null,null,null,null,null,null,null,null,null,null,null,null,null
ackley,fixed_iso_gpc,random,random,4,7,18,19,47,1.856164296276857,False,False,False,47,0.46115842426846143,0.9223168485369229,0.6901268024278135,null,null,null,null,null,null,null,null,null,null,null,null,null
ackley,fixed_iso_gpc,random,random,4,8,19,20,2590,1.061809161264577,False,False,False,2578,0.4803692226970071,0.9607384453940142,0.6923762475919853,null,null,null,null,null,null,null,null,null,null,null,null,null
ackley,fixed_iso_gpc,random,random,4,9,20,21,2247,0.09822668538651058,True,True,True,2235,0.455792353115001,0.911584706230002,0.6892334400147866,null,null,null,null,null,null,null,null,null,null,null,null,null
ackley,fixed_iso_gpc,random,random,4,10,21,22,813,0.11727212361338601,True,True,True,806,0.5275376336781434,0.9449247326437131,0.6916297703560954,null,null,null,null,null,null,null,null,null,null,null,null,null
ackley,fixed_iso_gpc,random,random,4,11,22,23,3523,2.4557858246268136,False,False,False,3503,0.4497493465683391,0.8994986931366782,0.6880883879873261,null,null,null,null,null,null,null,null,null,null,null,null,null
ackley,fixed_iso_gpc,random,random,4,12,23,24,2139,0.45999112975411727,False,False,True,2127,0.5570830957735353,0.8858338084529294,0.686615989665109,null,null,null,null,null,null,null,null,null,null,null,null,null
ackley,fixed_iso_gpc,random,random,4,13,24,25,2632,1.2454927769048894,False,False,False,2616,0.4409159217151597,0.8818318434303194,0.6861489837303243,null,null,null,null,null,null,null,null,null,null,null,null,null
ackley,fixed_iso_gpc,random,random,4,14,25,26,3176,0.5831615060964346,False,False,True,3155,0.5416753850909402,0.9166492298181197,0.6896694717555549,null,null,null,null,null,null,null,null,null,null,null,null,null
ackley,fixed_iso_gpc,random,random,4,15,26,27,2271,0.6851373924426216,False,False,False,2256,0.477117115035945,0.95423423007189,0.6920995618252519,null,null,null,null,null,null,null,null,null,null,null,null,null
ackley,fixed_iso_gpc,random,random,4,16,27,28,2934,1.4950469944316076,False,False,False,2914,0.4633134948246749,0.9266269896493498,0.6904529607586172,null,null,null,null,null,null,null,null,null,null,null,null,null
ackley,fixed_iso_gpc,random,random,4,17,28,29,3858,0.9013563714011958,False,False,False,3830,0.450506710659468,0.901013421318936,0.6882399770309582,null,null,null,null,null,null,null,null,null,null,null,null,null
ackley,fixed_iso_gpc,random,random,4,18,29,30,1053,3.086212367441414,False,False,False,1045,0.5171490639290113,0.9657018721419774,0.6925588843994863,null,null,null,null,null,null,null,null,null,null,null,null,null
ackley,fixed_iso_gpc,random,random,4,19,30,31,3813,1.1751933022857983,False,False,False,3784,0.5221464876135613,0.9557070247728774,0.6921659257370181,null,null,null,null,null,null,null,null,null,null,null,null,null
ackley,fixed_iso_gpc,random,random,4,20,31,32,2996,1.0870438997933434,False,False,False,2974,0.5036219922163605,0.992756015567279,0.6931209426752383,null,null,null,null,null,null,null,null,null,null,null,null,null
ackley,fixed_iso_gpc,random,random,4,21,32,33,956,1.5769446705747487,False,False,False,948,0.48354649102903835,0.9670929820580767,0.6926056468850628,null,null,null,null,null,null,null,null,null,null,null,null,null
ackley,fixed_iso_gpc,random,random,4,22,33,34,3510,1.020292945007803,False,False,False,3482,0.4395467910926669,0.8790935821853338,0.6858200866308601,null,null,null,null,null,null,null,null,null,null,null,null,null
ackley,fixed_iso_gpc,random,random,4,23,34,35,1074,0.5769744769628655,False,False,True,1064,0.44652854539818065,0.8930570907963613,0.6874178374675192,null,null,null,null,null,null,null,null,null,null,null,null,null
ackley,fixed_iso_gpc,random,random,4,24,35,36,2556,1.9426998120752579,False,False,False,2537,0.34678502531329514,0.6935700506265903,0.6454336946855335,null,null,null,null,null,null,null,null,null,null,null,null,null
ackley,fixed_iso_gpc,random,random,4,25,36,37,2566,1.0248901063516769,False,False,False,2546,0.34379723168416376,0.6875944633683275,0.6435220893648956,null,null,null,null,null,null,null,null,null,null,null,null,null
ackley,fixed_iso_gpc,random,random,4,26,37,38,2862,1.5417986399394898,False,False,False,2837,0.4577773297113765,0.915554659422753,0.6895774230383341,null,null,null,null,null,null,null,null,null,null,null,null,null
ackley,fixed_iso_gpc,random,random,4,27,38,39,3802,1.034620758524376,False,False,False,3766,0.48069981219221347,0.9613996243844269,0.6924020009451619,null,null,null,null,null,null,null,null,null,null,null,null,null
ackley,fixed_iso_gpc,random,random,4,28,39,40,2518,0.17388490280784552,True,True,True,2499,0.4306795784413566,0.8613591568827133,0.6835055115431613,null,null,null,null,null,null,null,null,null,null,null,null,null
ackley,fixed_iso_gpc,random,random,4,29,40,41,1553,1.2465772776580941,False,False,False,1540,0.4080296084110273,0.8160592168220546,0.6761333635781115,null,null,null,null,null,null,null,null,null,null,null,null,null
ackley,fixed_iso_gpc,random,random,4,30,41,42,1961,6.3328389843258694,False,False,False,1945,0.3092262557743197,0.6184525115486394,0.6184801766556745,null,null,null,null,null,null,null,null,null,null,null,null,null
ackley,fixed_iso_gpc,random,random,4,31,42,43,3174,1.8953212685863523,False,False,False,3141,0.336528290641013,0.673056581282026,0.6387058129296976,null,null,null,null,null,null,null,null,null,null,null,null,null
ackley,fixed_iso_gpc,random,random,4,32,43,44,860,3.8750645735944094,False,False,False,852,0.3680281250207713,0.7360562500415426,0.6578978691274269,null,null,null,null,null,null,null,null,null,null,null,null,null
ackley,fixed_iso_gpc,random,random,4,33,44,45,3483,0.8553937314028932,False,False,False,3447,0.5609658079472695,0.8780683841054611,0.6856949908965976,null,null,null,null,null,null,null,null,null,null,null,null,null
ackley,fixed_iso_gpc,random,random,4,34,45,46,3852,5.3899725753119,False,False,False,3808,0.3595833341254888,0.7191666682509776,0.6531780833666561,null,null,null,null,null,null,null,null,null,null,null,null,null
ackley,fixed_iso_gpc,random,random,4,35,46,47,1216,1.5074207871809513,False,False,False,1204,0.5614701204038823,0.8770597591922353,0.6855708762770185,null,null,null,null,null,null,null,null,null,null,null,null,null
ackley,fixed_iso_gpc,random,random,4,36,47,48,2828,1.3715749168903066,False,False,False,2798,0.5774711275846585,0.8450577448306831,0.6810951336966271,null,null,null,null,null,null,null,null,null,null,null,null,null
ackley,fixed_iso_gpc,random,random,4,37,48,49,2283,0.48838775324912653,False,False,True,2260,0.43407752053903437,0.8681550410780687,0.6844302762315305,null,null,null,null,null,null,null,null,null,null,null,null,null
ackley,fixed_iso_gpc,random,random,4,38,49,50,2907,1.2571249411360625,False,False,False,2874,0.48355299085335446,0.9671059817067089,0.6926060747346572,null,null,null,null,null,null,null,null,null,null,null,null,null
ackley,fixed_iso_gpc,random,random,4,39,50,51,3418,1.7458764687837007,False,False,False,3378,0.577080496874288,0.845839006251424,0.6812168543242556,null,null,null,null,null,null,null,null,null,null,null,null,null
ackley,fixed_iso_gpc,random,random,4,40,51,52,2619,0.6560884167547982,False,False,False,2591,0.42937302933967203,0.8587460586793441,0.683137399173545,null,null,null,null,null,null,null,null,null,null,null,null,null
ackley,fixed_iso_gpc,random,random,4,41,52,53,1281,1.8262792292143715,False,False,False,1268,0.48856865975811203,0.9771373195162241,0.6928858067076031,null,null,null,null,null,null,null,null,null,null,null,null,null
ackley,fixed_iso_gpc,random,random,4,42,53,54,1566,3.083920267173811,False,False,False,1548,0.33690493763594986,0.6738098752718997,0.6389611647893706,null,null,null,null,null,null,null,null,null,null,null,null,null
ackley,fixed_iso_gpc,random,random,4,43,54,55,18,2.2428032065498993,False,False,False,18,0.467160383429281,0.934320766858562,0.6909887463333186,null,null,null,null,null,null,null,null,null,null,null,null,null
ackley,fixed_iso_gpc,random,random,4,44,55,56,3459,0.31301116375842497,False,True,True,3414,0.42156804421657057,0.8431360884331411,0.6807930781449486,null,null,null,null,null,null,null,null,null,null,null,null,null
ackley,fixed_iso_gpc,random,random,4,45,56,57,3842,0.5232406050286844,False,False,True,3788,0.5692380058171977,0.8615239883656045,0.6835284981976582,null,null,null,null,null,null,null,null,null,null,null,null,null
ackley,fixed_iso_gpc,random,random,4,46,57,58,60,1.8612078364742999,False,False,False,58,0.6428272689931873,0.7143454620136254,0.6517741186879866,null,null,null,null,null,null,null,null,null,null,null,null,null
ackley,fixed_iso_gpc,random,random,4,47,58,59,1080,0.3096076585933485,False,True,True,1066,0.4307989551188598,0.8615979102377196,0.6835387980110853,null,null,null,null,null,null,null,null,null,null,null,null,null
ackley,fixed_iso_gpc,random,random,4,48,59,60,3310,1.0324943323009101,False,False,False,3264,0.5960290141096607,0.8079419717806786,0.6745889475327083,null,null,null,null,null,null,null,null,null,null,null,null,null
ackley,fixed_iso_gpc,random,random,4,49,60,61,2908,0.11597506831203397,True,True,True,2868,0.5449850386211779,0.9100299227576443,0.6890943951716078,null,null,null,null,null,null,null,null,null,null,null,null,null
ackley,fixed_iso_gpc,random,random,4,50,61,62,2281,2.5679660127183492,False,False,False,2253,0.3677607079518168,0.7355214159036336,0.6577531268384655,null,null,null,null,null,null,null,null,null,null,null,null,null
ackley,fixed_iso_gpc,random,random,4,51,62,63,2313,1.565365643248624,False,False,False,2283,0.5016808385517701,0.9966383228964597,0.6931415301128285,null,null,null,null,null,null,null,null,null,null,null,null,null
ackley,fixed_iso_gpc,random,random,4,52,63,64,822,1.4584456230443497,False,False,False,812,0.4692872243998849,0.9385744487997698,0.6912594432397727,null,null,null,null,null,null,null,null,null,null,null,null,null
ackley,fixed_iso_gpc,random,random,4,53,64,65,3665,0.9719256261271294,False,False,False,3607,0.40470296730464383,0.8094059346092877,0.6748725365689447,null,null,null,null,null,null,null,null,null,null,null,null,null
ackley,fixed_iso_gpc,random,random,4,54,65,66,1909,1.7976134155761851,False,False,False,1885,0.529940225382191,0.940119549235618,0.6913532734102674,null,null,null,null,null,null,null,null,null,null,null,null,null
ackley,fixed_iso_gpc,random,random,4,55,66,67,2787,4.691892098343663,False,False,False,2746,0.21071364664567227,0.42142729329134454,0.5149006655340809,null,null,null,null,null,null,null,null,null,null,null,null,null
ackley,fixed_iso_gpc,random,random,4,56,67,68,2085,1.081012005543526,False,False,False,2059,0.6050176909735967,0.7899646180528066,0.6709246416653856,null,null,null,null,null,null,null,null,null,null,null,null,null
ackley,fixed_iso_gpc,random,random,4,57,68,69,762,0.6142576191515356,False,False,False,754,0.4814576024423687,0.9629152048847374,0.6924593818420823,null,null,null,null,null,null,null,null,null,null,null,null,null
ackley,fixed_iso_gpc,random,random,4,58,69,70,1481,1.8582170285756128,False,False,False,1460,0.5604132123256278,0.8791735753487444,0.685829802616601,null,null,null,null,null,null,null,null,null,null,null,null,null
ackley,fixed_iso_gpc,random,random,4,59,70,71,2601,2.134804541252919,False,False,False,2561,0.45909945132574137,0.9181989026514827,0.6897977295153787,null,null,null,null,null,null,null,null,null,null,null,null,null
ackley,fixed_iso_gpc,random,random,4,60,71,72,3774,1.840158670533869,False,False,False,3708,0.5900148085975729,0.8199703828048541,0.6768531564648723,null,null,null,null,null,null,null,null,null,null,null,null,null
ackley,fixed_iso_gpc,random,random,4,61,72,73,393,0.17673570013857187,True,True,True,387,0.39981728887414647,0.7996345777482929,0.6729375144706706,null,null,null,null,null,null,null,null,null,null,null,null,null
ackley,fixed_iso_gpc,random,random,4,62,73,74,2026,2.8147812268524373,False,False,False,1997,0.3645387888660707,0.7290775777321414,0.6559850263061435,null,null,null,null,null,null,null,null,null,null,null,null,null
ackley,fixed_iso_gpc,random,random,4,63,74,75,1537,0.12929342698384083,True,True,True,1514,0.5317434476376519,0.9365131047246962,0.6911305316348536,null,null,null,null,null,null,null,null,null,null,null,null,null
ackley,fixed_iso_gpc,random,random,4,64,75,76,1322,1.6307684724447906,False,False,False,1301,0.5472289210045744,0.9055421579908511,0.6886793808825232,null,null,null,null,null,null,null,null,null,null,null,null,null
ackley,fixed_iso_gpc,random,random,4,65,76,77,1089,1.0259886420206534,False,False,False,1071,0.38510962339964294,0.7702192467992859,0.6665102204952216,null,null,null,null,null,null,null,null,null,null,null,null,null
ackley,fixed_iso_gpc,random,random,4,66,77,78,412,1.669658030581493,False,False,False,404,0.5522157770119236,0.8955684459761528,0.6876842506848263,null,null,null,null,null,null,null,null,null,null,null,null,null
ackley,fixed_iso_gpc,random,random,4,67,78,79,2254,0.13948373619335364,True,True,True,2216,0.3639120845979562,0.7278241691959124,0.6556359074604189,null,null,null,null,null,null,null,null,null,null,null,null,null
ackley,fixed_iso_gpc,random,random,4,68,79,80,3723,1.067571772726044,False,False,False,3651,0.5048001977278886,0.9903996045442227,0.6931010960555601,null,null,null,null,null,null,null,null,null,null,null,null,null
ackley,fixed_iso_gpc,classifier_margin,classifier_margin,4,1,12,13,882,1.793402565186435,False,False,False,876,0.5000102348054759,0.9999795303890482,0.6931471803504428,null,null,null,null,null,null,null,null,null,null,null,null,null
ackley,fixed_iso_gpc,classifier_margin,classifier_margin,4,2,13,14,459,1.918687250268185,False,False,False,455,0.5000032295829042,0.9999935408341916,0.6931471805390849,null,null,null,null,null,null,null,null,null,null,null,null,null
ackley,fixed_iso_gpc,classifier_margin,classifier_margin,4,3,14,15,1232,2.2467530363900376,False,False,False,1224,0.5000395788127481,0.9999208423745038,0.6931471774269805,null,null,null,null,null,null,null,null,null,null,null,null,null
ackley,fixed_iso_gpc,classifier_margin,classifier_margin,4,4,15,16,3577,0.7785931255089693,False,False,False,3563,0.49998984989213535,0.9999796997842707,0.693147180353896,null,null,null,null,null,null,null,null,null,null,null,null,null
ackley,fixed_iso_gpc,classifier_margin,classifier_margin,4,5,16,17,200,0.7311973130937623,False,False,False,198,0.4999378177621656,0.9998756355243312,0.6931471728266838,null,null,null,null,null,null,null,null,null,null,null,null,null
ackley,fixed_iso_gpc,classifier_margin,classifier_margin,4,6,17,18,318,2.2924348309545,False,False,False,314,0.5000509437420733,0.9998981125158535,0.6931471753694156,null,null,null,null,null,null,null,null,null,null,null,null,null
ackley,fixed_iso_gpc,classifier_margin,classifier_margin,4,7,18,19,2478,0.13709345168277132,True,True,True,2463,0.4998858251608965,0.999771650321793,0.6931471544881573,null,null,null,null,null,null,null,null,null,null,null,null,null
ackley,fixed_iso_gpc,classifier_margin,classifier_margin,4,8,19,20,3932,0.0638148001873251,True,True,True,3913,0.4999321223297381,0.9998642446594762,0.6931471713451891,null,null,null,null,null,null,null,null,null,null,null,null,null
ackley,fixed_iso_gpc,classifier_margin,classifier_margin,4,9,20,21,1649,0.2716218013534881,False,True,True,1634,0.49998339807437947,0.9999667961487589,0.6931471800086975,null,null,null,null,null,null,null,null,null,null,null,null,null
ackley,fixed_iso_gpc,classifier_margin,classifier_margin,4,10,21,22,3997,0.3444417028204221,False,True,True,3976,0.49995986020993594,0.9999197204198719,0.6931471773375398,null,null,null,null,null,null,null,null,null,null,null,null,null
ackley,fixed_iso_gpc,classifier_margin,classifier_margin,4,11,22,23,2942,0.4770831255024621,False,False,True,2925,0.49998799092976565,0.9999759818595313,0.6931471802715098,null,null,null,null,null,null,null,null,null,null,null,null,null
ackley,fixed_iso_gpc,classifier_margin,classifier_margin,4,12,23,24,374,2.9376664937532375,False,False,False,369,0.5000219811410314,0.9999560377179373,0.6931471795936042,null,null,null,null,null,null,null,null,null,null,null,null,null
ackley,fixed_iso_gpc,classifier_margin,classifier_margin,4,13,24,25,865,0.15039368808160525,True,True,True,855,0.499990162250183,0.999980324500366,0.6931471803663827,null,null,null,null,null,null,null,null,null,null,null,null,null
ackley,fixed_iso_gpc,classifier_margin,classifier_margin,4,14,25,26,2892,5.118899814452336,False,False,False,2873,0.4999999810674059,0.9999999621348118,0.6931471805599446,null,null,null,null,null,null,null,null,null,null,null,null,null
ackley,fixed_iso_gpc,classifier_margin,classifier_margin,4,15,26,27,3710,0.006142819151669698,True,True,True,3687,0.5000424465074033,0.9999151069851935,0.6931471769565333,null,null,null,null,null,null,null,null,null,null,null,null,null
ackley,fixed_iso_gpc,classifier_margin,classifier_margin,4,16,27,28,739,0.15637874125823892,True,True,True,730,0.49991505551350146,0.9998301110270029,0.6931471661288137,null,null,null,null,null,null,null,null,null,null,null,null,null
ackley,fixed_iso_gpc,classifier_margin,classifier_margin,4,17,28,29,3844,2.6134913156775035,False,False,False,3818,0.4999811473701827,0.9999622947403654,0.693147179849102,null,null,null,null,null,null,null,null,null,null,null,null,null
ackley,fixed_iso_gpc,classifier_margin,classifier_margin,4,18,29,30,1192,0.11672441631022679,True,True,True,1179,0.5000005132500608,0.9999989734998784,0.6931471805594185,null,null,null,null,null,null,null,null,null,null,null,null,null
ackley,fixed_iso_gpc,classifier_margin,classifier_margin,4,19,30,31,1605,0.3004013315785645,False,True,True,1587,0.5000125338648447,0.9999749322703106,0.6931471802457498,null,null,null,null,null,null,null,null,null,null,null,null,null
ackley,fixed_iso_gpc,classifier_margin,classifier_margin,4,20,31,32,1991,0.5041145409898231,False,False,True,1970,0.4999649826363941,0.9999299652727882,0.6931471781075138,null,null,null,null,null,null,null,null,null,null,null,null,null
ackley,fixed_iso_gpc,classifier_margin,classifier_margin,4,21,32,33,2880,2.242077479561729,False,False,False,2857,0.5000284094715898,0.9999431810568205,0.6931471789457492,null,null,null,null,null,null,null,null,null,null,null,null,null
ackley,fixed_iso_gpc,classifier_margin,classifier_margin,4,22,33,34,1431,0.11252293031812144,True,True,True,1414,0.4999850503968861,0.9999701007937722,0.6931471801129641,null,null,null,null,null,null,null,null,null,null,null,null,null
ackley,fixed_iso_gpc,classifier_margin,classifier_margin,4,23,34,35,1011,0.43074478099194025,False,False,True,998,0.49997137291819127,0.9999427458363825,0.6931471789209256,null,null,null,null,null,null,null,null,null,null,null,null,null
ackley,fixed_iso_gpc,classifier_margin,classifier_margin,4,24,35,36,586,0.8021302829949946,False,False,False,577,0.49999932652999474,0.9999986530599895,0.6931471805590381,null,null,null,null,null,null,null,null,null,null,null,null,null
ackley,fixed_iso_gpc,classifier_margin,classifier_margin,4,25,36,37,3013,1.1560799475854786,False,False,False,2984,0.500014626396021,0.999970747207958,0.6931471801320824,null,null,null,null,null,null,null,null,null,null,null,null,null
ackley,fixed_iso_gpc,classifier_margin,classifier_margin,4,26,37,38,1016,1.6589791247578543,False,False,False,1001,0.4999851106587661,0.9999702213175322,0.6931471801165603,null,null,null,null,null,null,null,null,null,null,null,null,null
ackley,fixed_iso_gpc,classifier_margin,classifier_margin,4,27,38,39,690,1.887691447997538,False,False,False,680,0.49997754709315867,0.9999550941863173,0.6931471795516793,null,null,null,null,null,null,null,null,null,null,null,null,null
ackley,fixed_iso_gpc,classifier_margin,classifier_margin,4,28,39,40,16,1.6527076512581491,False,False,False,16,0.4999720026780866,0.9999440053561732,0.6931471789922452,null,null,null,null,null,null,null,null,null,null,null,null,null
ackley,fixed_iso_gpc,classifier_margin,classifier_margin,4,29,40,41,1029,1.8034989648754767,False,False,False,1011,0.49995674623124076,0.9999134924624815,0.6931471768181683,null,null,null,null,null,null,null,null,null,null,null,null,null
ackley,fixed_iso_gpc,classifier_margin,classifier_margin,4,30,41,42,1188,1.497585602036887,False,False,False,1169,0.5000862355694844,0.9998275288610312,0.6931471656867983,null,null,null,null,null,null,null,null,null,null,null,null,null
ackley,fixed_iso_gpc,classifier_margin,classifier_margin,4,31,42,43,1330,0.3788816875182395,False,True,True,1307,0.5000187247703047,0.9999625504593905,0.6931471798587112,null,null,null,null,null,null,null,null,null,null,null,null,null
ackley,fixed_iso_gpc,classifier_margin,classifier_margin,4,32,43,44,371,1.5443126184407703,False,False,False,365,0.49997179458137736,0.9999435891627547,0.6931471789688539,null,null,null,null,null,null,null,null,null,null,null,null,null
ackley,fixed_iso_gpc,classifier_margin,classifier_margin,4,33,44,45,444,1.4530251980610256,False,False,False,435,0.49989658349039967,0.9997931669807993,0.6931471591699963,null,null,null,null,null,null,null,null,null,null,null,null,null
ackley,fixed_iso_gpc,classifier_margin,classifier_margin,4,34,45,46,2150,1.00267202652309,False,False,False,2117,0.5000952503155951,0.9998094993688098,0.6931471624147,null,null,null,null,null,null,null,null,null,null,null,null,null
ackley,fixed_iso_gpc,classifier_margin,classifier_margin,4,35,46,47,328,0.3529995288680077,False,True,True,322,0.49999902637278637,0.9999980527455727,0.6931471805580494,null,null,null,null,null,null,null,null,null,null,null,null,null
ackley,fixed_iso_gpc,classifier_margin,classifier_margin,4,36,47,48,512,1.3418922328873517,False,False,False,500,0.5000468683145349,0.9999062633709301,0.6931471761666674,null,null,null,null,null,null,null,null,null,null,null,null,null
ackley,fixed_iso_gpc,classifier_margin,classifier_margin,4,37,48,49,2762,0.8164800754661954,False,False,False,2725,0.49999946011461205,0.9999989202292241,0.6931471805593623,null,null,null,null,null,null,null,null,null,null,null,null,null
ackley,fixed_iso_gpc,classifier_margin,classifier_margin,4,38,49,50,40,1.1815635849543789,False,False,False,39,0.4999920418765759,0.9999840837531518,0.6931471804332818,null,null,null,null,null,null,null,null,null,null,null,null,null
ackley,fixed_iso_gpc,classifier_margin,classifier_margin,4,39,50,51,2061,1.4488701559451815,False,False,False,2025,0.5000039184968496,0.9999921630063009,0.6931471805292361,null,null,null,null,null,null,null,null,null,null,null,null,null
ackley,fixed_iso_gpc,classifier_margin,classifier_margin,4,40,51,52,3378,0.23124706334637324,False,True,True,3334,0.49998947320343934,0.9999789464068787,0.6931471803383185,null,null,null,null,null,null,null,null,null,null,null,null,null
ackley,fixed_iso_gpc,classifier_margin,classifier_margin,4,41,52,53,928,2.0739250192343093,False,False,False,907,0.5000727338045972,0.9998545323908057,0.6931471699795326,null,null,null,null,null,null,null,null,null,null,null,null,null
ackley,fixed_iso_gpc,classifier_margin,classifier_margin,4,42,53,54,2224,1.5862472156053133,False,False,False,2185,0.500076389898849,0.9998472202023021,0.693147168889112,null,null,null,null,null,null,null,null,null,null,null,null,null
ackley,fixed_iso_gpc,classifier_margin,classifier_margin,4,43,54,55,1852,1.3896358294490554,False,False,False,1816,0.5000803363472681,0.9998393273054638,0.693147167652088,null,null,null,null,null,null,null,null,null,null,null,null,null
ackley,fixed_iso_gpc,classifier_margin,classifier_margin,4,44,55,56,2678,2.3313983022362343,False,False,False,2636,0.49998868584596234,0.9999773716919247,0.6931471803039251,null,null,null,null,null,null,null,null,null,null,null,null,null
ackley,fixed_iso_gpc,classifier_margin,classifier_margin,4,45,56,57,1789,1.026936931821023,False,False,False,1753,0.499981979451386,0.999963958902772,0.6931471799104649,null,null,null,null,null,null,null,null,null,null,null,null,null
ackley,fixed_iso_gpc,classifier_margin,classifier_margin,4,46,57,58,324,1.3419367715246562,False,False,False,317,0.5000373849979458,0.9999252300041084,0.6931471777646692,null,null,null,null,null,null,null,null,null,null,null,null,null
ackley,fixed_iso_gpc,classifier_margin,classifier_margin,4,47,58,59,1042,0.07753907007910499,True,True,True,1016,0.4999774602882537,0.9999549205765074,0.6931471795438681,null,null,null,null,null,null,null,null,null,null,null,null,null
ackley,fixed_iso_gpc,classifier_margin,classifier_margin,4,48,59,60,3087,1.9817731335522684,False,False,False,3036,0.4999892257483231,0.9999784514966462,0.6931471803277764,null,null,null,null,null,null,null,null,null,null,null,null,null
ackley,fixed_iso_gpc,classifier_margin,classifier_margin,4,49,60,61,92,0.6106424724205315,False,False,False,90,0.499974288641146,0.999948577282292,0.6931471792377973,null,null,null,null,null,null,null,null,null,null,null,null,null
ackley,fixed_iso_gpc,classifier_margin,classifier_margin,4,50,61,62,1892,1.3986132120366275,False,False,False,1851,0.5000190203004896,0.9999619593990208,0.6931471798364017,null,null,null,null,null,null,null,null,null,null,null,null,null
ackley,fixed_iso_gpc,classifier_margin,classifier_margin,4,51,62,63,2928,0.7497952796373522,False,False,False,2877,0.49998623834121647,0.9999724766824329,0.6931471801811788,null,null,null,null,null,null,null,null,null,null,null,null,null
ackley,fixed_iso_gpc,classifier_margin,classifier_margin,4,52,63,64,1729,0.9005076805303673,False,False,False,1690,0.4999988680548124,0.9999977361096248,0.6931471805573827,null,null,null,null,null,null,null,null,null,null,null,null,null
ackley,fixed_iso_gpc,classifier_margin,classifier_margin,4,53,64,65,1460,1.1248128787746587,False,False,False,1425,0.4999085603156106,0.9998171206312212,0.6931471638375135,null,null,null,null,null,null,null,null,null,null,null,null,null
ackley,fixed_iso_gpc,classifier_margin,classifier_margin,4,54,65,66,2049,0.549294795616607,False,False,True,2004,0.49998454076950016,0.9999690815390003,0.6931471800819697,null,null,null,null,null,null,null,null,null,null,null,null,null
ackley,fixed_iso_gpc,classifier_margin,classifier_margin,4,55,66,67,824,0.06200926396090267,True,True,True,803,0.500026678475657,0.9999466430486861,0.6931471791364632,null,null,null,null,null,null,null,null,null,null,null,null,null
ackley,fixed_iso_gpc,classifier_margin,classifier_margin,4,56,67,68,3451,1.3359743160694642,False,False,False,3391,0.5000021968562174,0.9999956062875652,0.6931471805502929,null,null,null,null,null,null,null,null,null,null,null,null,null
ackley,fixed_iso_gpc,classifier_margin,classifier_margin,4,57,68,69,1323,0.23989153343982572,False,True,True,1290,0.49998951907139627,0.9999790381427925,0.6931471803402456,null,null,null,null,null,null,null,null,null,null,null,null,null
ackley,fixed_iso_gpc,classifier_margin,classifier_margin,4,58,69,70,1347,0.4130480776059411,False,False,True,1312,0.500001432639391,0.999997134721218,0.6931471805558405,null,null,null,null,null,null,null,null,null,null,null,null,null
ackley,fixed_iso_gpc,classifier_margin,classifier_margin,4,59,70,71,494,1.413504956496805,False,False,False,479,0.5000198840037414,0.9999602319925172,0.6931471797691982,null,null,null,null,null,null,null,null,null,null,null,null,null
ackley,fixed_iso_gpc,classifier_margin,classifier_margin,4,60,71,72,1084,0.9162638858402818,False,False,False,1054,0.500040458397573,0.9999190832048539,0.6931471772861815,null,null,null,null,null,null,null,null,null,null,null,null,null
ackley,fixed_iso_gpc,classifier_margin,classifier_margin,4,61,72,73,3262,0.4228318522638226,False,False,True,3199,0.5001024197415834,0.9997951605168331,0.6931471595803382,null,null,null,null,null,null,null,null,null,null,null,null,null
ackley,fixed_iso_gpc,classifier_margin,classifier_margin,4,62,73,74,1297,0.5430840156833199,False,False,True,1262,0.5000093502469455,0.999981299506109,0.693147180385091,null,null,null,null,null,null,null,null,null,null,null,null,null
ackley,fixed_iso_gpc,classifier_margin,classifier_margin,4,63,74,75,977,1.5497815111747002,False,False,False,951,0.4999421446243709,0.9998842892487418,0.6931471738654562,null,null,null,null,null,null,null,null,null,null,null,null,null
ackley,fixed_iso_gpc,classifier_margin,classifier_margin,4,64,75,76,694,0.7518573374752346,False,False,False,674,0.5000865329651124,0.9998269340697752,0.6931471655840371,null,null,null,null,null,null,null,null,null,null,null,null,null
ackley,fixed_iso_gpc,classifier_margin,classifier_margin,4,65,76,77,1174,0.7319868617049892,False,False,False,1141,0.5000817571538553,0.9998364856922894,0.6931471671914808,null,null,null,null,null,null,null,null,null,null,null,null,null
ackley,fixed_iso_gpc,classifier_margin,classifier_margin,4,66,77,78,681,0.5136938311986388,False,False,True,662,0.49998617933967776,0.9999723586793555,0.6931471801779241,null,null,null,null,null,null,null,null,null,null,null,null,null
ackley,fixed_iso_gpc,classifier_margin,classifier_margin,4,67,78,79,3890,0.9491790814749841,False,False,False,3814,0.4999900101009539,0.9999800202019078,0.6931471803603492,null,null,null,null,null,null,null,null,null,null,null,null,null
ackley,fixed_iso_gpc,classifier_margin,classifier_margin,4,68,79,80,1947,0.8642199691920016,False,False,False,1893,0.5000511272670765,0.9998977454658471,0.6931471753319505,null,null,null,null,null,null,null,null,null,null,null,null,null
ackley,fixed_iso_gpc,classifier_entropy,classifier_entropy,4,1,12,13,882,1.793402565186435,False,False,False,876,0.5000102348054759,0.9999795303890482,0.6931471803504428,Binary entropy is monotone-equivalent to classifier margin.,null,null,null,null,null,null,null,null,null,null,null,null
ackley,fixed_iso_gpc,classifier_entropy,classifier_entropy,4,2,13,14,459,1.918687250268185,False,False,False,455,0.5000032295829042,0.9999935408341916,0.6931471805390849,Binary entropy is monotone-equivalent to classifier margin.,null,null,null,null,null,null,null,null,null,null,null,null
ackley,fixed_iso_gpc,classifier_entropy,classifier_entropy,4,3,14,15,1232,2.2467530363900376,False,False,False,1224,0.5000395788127481,0.9999208423745038,0.6931471774269805,Binary entropy is monotone-equivalent to classifier margin.,null,null,null,null,null,null,null,null,null,null,null,null
ackley,fixed_iso_gpc,classifier_entropy,classifier_entropy,4,4,15,16,3577,0.7785931255089693,False,False,False,3563,0.49998984989213535,0.9999796997842707,0.693147180353896,Binary entropy is monotone-equivalent to classifier margin.,null,null,null,null,null,null,null,null,null,null,null,null
ackley,fixed_iso_gpc,classifier_entropy,classifier_entropy,4,5,16,17,200,0.7311973130937623,False,False,False,198,0.4999378177621656,0.9998756355243312,0.6931471728266838,Binary entropy is monotone-equivalent to classifier margin.,null,null,null,null,null,null,null,null,null,null,null,null
ackley,fixed_iso_gpc,classifier_entropy,classifier_entropy,4,6,17,18,318,2.2924348309545,False,False,False,314,0.5000509437420733,0.9998981125158535,0.6931471753694156,Binary entropy is monotone-equivalent to classifier margin.,null,null,null,null,null,null,null,null,null,null,null,null
ackley,fixed_iso_gpc,classifier_entropy,classifier_entropy,4,7,18,19,2478,0.13709345168277132,True,True,True,2463,0.4998858251608965,0.999771650321793,0.6931471544881573,Binary entropy is monotone-equivalent to classifier margin.,null,null,null,null,null,null,null,null,null,null,null,null
ackley,fixed_iso_gpc,classifier_entropy,classifier_entropy,4,8,19,20,3932,0.0638148001873251,True,True,True,3913,0.4999321223297381,0.9998642446594762,0.6931471713451891,Binary entropy is monotone-equivalent to classifier margin.,null,null,null,null,null,null,null,null,null,null,null,null
ackley,fixed_iso_gpc,classifier_entropy,classifier_entropy,4,9,20,21,1649,0.2716218013534881,False,True,True,1634,0.49998339807437947,0.9999667961487589,0.6931471800086975,Binary entropy is monotone-equivalent to classifier margin.,null,null,null,null,null,null,null,null,null,null,null,null
ackley,fixed_iso_gpc,classifier_entropy,classifier_entropy,4,10,21,22,3997,0.3444417028204221,False,True,True,3976,0.49995986020993594,0.9999197204198719,0.6931471773375398,Binary entropy is monotone-equivalent to classifier margin.,null,null,null,null,null,null,null,null,null,null,null,null
ackley,fixed_iso_gpc,classifier_entropy,classifier_entropy,4,11,22,23,2942,0.4770831255024621,False,False,True,2925,0.49998799092976565,0.9999759818595313,0.6931471802715098,Binary entropy is monotone-equivalent to classifier margin.,null,null,null,null,null,null,null,null,null,null,null,null
ackley,fixed_iso_gpc,classifier_entropy,classifier_entropy,4,12,23,24,374,2.9376664937532375,False,False,False,369,0.5000219811410314,0.9999560377179373,0.6931471795936042,Binary entropy is monotone-equivalent to classifier margin.,null,null,null,null,null,null,null,null,null,null,null,null
ackley,fixed_iso_gpc,classifier_entropy,classifier_entropy,4,13,24,25,865,0.15039368808160525,True,True,True,855,0.499990162250183,0.999980324500366,0.6931471803663827,Binary entropy is monotone-equivalent to classifier margin.,null,null,null,null,null,null,null,null,null,null,null,null
ackley,fixed_iso_gpc,classifier_entropy,classifier_entropy,4,14,25,26,2892,5.118899814452336,False,False,False,2873,0.4999999810674059,0.9999999621348118,0.6931471805599446,Binary entropy is monotone-equivalent to classifier margin.,null,null,null,null,null,null,null,null,null,null,null,null
ackley,fixed_iso_gpc,classifier_entropy,classifier_entropy,4,15,26,27,3710,0.006142819151669698,True,True,True,3687,0.5000424465074033,0.9999151069851935,0.6931471769565333,Binary entropy is monotone-equivalent to classifier margin.,null,null,null,null,null,null,null,null,null,null,null,null
ackley,fixed_iso_gpc,classifier_entropy,classifier_entropy,4,16,27,28,739,0.15637874125823892,True,True,True,730,0.49991505551350146,0.9998301110270029,0.6931471661288137,Binary entropy is monotone-equivalent to classifier margin.,null,null,null,null,null,null,null,null,null,null,null,null
ackley,fixed_iso_gpc,classifier_entropy,classifier_entropy,4,17,28,29,3844,2.6134913156775035,False,False,False,3818,0.4999811473701827,0.9999622947403654,0.693147179849102,Binary entropy is monotone-equivalent to classifier margin.,null,null,null,null,null,null,null,null,null,null,null,null
ackley,fixed_iso_gpc,classifier_entropy,classifier_entropy,4,18,29,30,1192,0.11672441631022679,True,True,True,1179,0.5000005132500608,0.9999989734998784,0.6931471805594185,Binary entropy is monotone-equivalent to classifier margin.,null,null,null,null,null,null,null,null,null,null,null,null
ackley,fixed_iso_gpc,classifier_entropy,classifier_entropy,4,19,30,31,1605,0.3004013315785645,False,True,True,1587,0.5000125338648447,0.9999749322703106,0.6931471802457498,Binary entropy is monotone-equivalent to classifier margin.,null,null,null,null,null,null,null,null,null,null,null,null
ackley,fixed_iso_gpc,classifier_entropy,classifier_entropy,4,20,31,32,1991,0.5041145409898231,False,False,True,1970,0.4999649826363941,0.9999299652727882,0.6931471781075138,Binary entropy is monotone-equivalent to classifier margin.,null,null,null,null,null,null,null,null,null,null,null,null
ackley,fixed_iso_gpc,classifier_entropy,classifier_entropy,4,21,32,33,2880,2.242077479561729,False,False,False,2857,0.5000284094715898,0.9999431810568205,0.6931471789457492,Binary entropy is monotone-equivalent to classifier margin.,null,null,null,null,null,null,null,null,null,null,null,null
ackley,fixed_iso_gpc,classifier_entropy,classifier_entropy,4,22,33,34,1431,0.11252293031812144,True,True,True,1414,0.4999850503968861,0.9999701007937722,0.6931471801129641,Binary entropy is monotone-equivalent to classifier margin.,null,null,null,null,null,null,null,null,null,null,null,null
ackley,fixed_iso_gpc,classifier_entropy,classifier_entropy,4,23,34,35,1011,0.43074478099194025,False,False,True,998,0.49997137291819127,0.9999427458363825,0.6931471789209256,Binary entropy is monotone-equivalent to classifier margin.,null,null,null,null,null,null,null,null,null,null,null,null
ackley,fixed_iso_gpc,classifier_entropy,classifier_entropy,4,24,35,36,586,0.8021302829949946,False,False,False,577,0.49999932652999474,0.9999986530599895,0.6931471805590381,Binary entropy is monotone-equivalent to classifier margin.,null,null,null,null,null,null,null,null,null,null,null,null
ackley,fixed_iso_gpc,classifier_entropy,classifier_entropy,4,25,36,37,3013,1.1560799475854786,False,False,False,2984,0.500014626396021,0.999970747207958,0.6931471801320824,Binary entropy is monotone-equivalent to classifier margin.,null,null,null,null,null,null,null,null,null,null,null,null
ackley,fixed_iso_gpc,classifier_entropy,classifier_entropy,4,26,37,38,1016,1.6589791247578543,False,False,False,1001,0.4999851106587661,0.9999702213175322,0.6931471801165603,Binary entropy is monotone-equivalent to classifier margin.,null,null,null,null,null,null,null,null,null,null,null,null
ackley,fixed_iso_gpc,classifier_entropy,classifier_entropy,4,27,38,39,690,1.887691447997538,False,False,False,680,0.49997754709315867,0.9999550941863173,0.6931471795516793,Binary entropy is monotone-equivalent to classifier margin.,null,null,null,null,null,null,null,null,null,null,null,null
ackley,fixed_iso_gpc,classifier_entropy,classifier_entropy,4,28,39,40,16,1.6527076512581491,False,False,False,16,0.4999720026780866,0.9999440053561732,0.6931471789922452,Binary entropy is monotone-equivalent to classifier margin.,null,null,null,null,null,null,null,null,null,null,null,null
ackley,fixed_iso_gpc,classifier_entropy,classifier_entropy,4,29,40,41,1029,1.8034989648754767,False,False,False,1011,0.49995674623124076,0.9999134924624815,0.6931471768181683,Binary entropy is monotone-equivalent to classifier margin.,null,null,null,null,null,null,null,null,null,null,null,null
ackley,fixed_iso_gpc,classifier_entropy,classifier_entropy,4,30,41,42,1188,1.497585602036887,False,False,False,1169,0.5000862355694844,0.9998275288610312,0.6931471656867983,Binary entropy is monotone-equivalent to classifier margin.,null,null,null,null,null,null,null,null,null,null,null,null
ackley,fixed_iso_gpc,classifier_entropy,classifier_entropy,4,31,42,43,1330,0.3788816875182395,False,True,True,1307,0.5000187247703047,0.9999625504593905,0.6931471798587112,Binary entropy is monotone-equivalent to classifier margin.,null,null,null,null,null,null,null,null,null,null,null,null
ackley,fixed_iso_gpc,classifier_entropy,classifier_entropy,4,32,43,44,371,1.5443126184407703,False,False,False,365,0.49997179458137736,0.9999435891627547,0.6931471789688539,Binary entropy is monotone-equivalent to classifier margin.,null,null,null,null,null,null,null,null,null,null,null,null
ackley,fixed_iso_gpc,classifier_entropy,classifier_entropy,4,33,44,45,444,1.4530251980610256,False,False,False,435,0.49989658349039967,0.9997931669807993,0.6931471591699963,Binary entropy is monotone-equivalent to classifier margin.,null,null,null,null,null,null,null,null,null,null,null,null
ackley,fixed_iso_gpc,classifier_entropy,classifier_entropy,4,34,45,46,2150,1.00267202652309,False,False,False,2117,0.5000952503155951,0.9998094993688098,0.6931471624147,Binary entropy is monotone-equivalent to classifier margin.,null,null,null,null,null,null,null,null,null,null,null,null
ackley,fixed_iso_gpc,classifier_entropy,classifier_entropy,4,35,46,47,328,0.3529995288680077,False,True,True,322,0.49999902637278637,0.9999980527455727,0.6931471805580494,Binary entropy is monotone-equivalent to classifier margin.,null,null,null,null,null,null,null,null,null,null,null,null
ackley,fixed_iso_gpc,classifier_entropy,classifier_entropy,4,36,47,48,512,1.3418922328873517,False,False,False,500,0.5000468683145349,0.9999062633709301,0.6931471761666674,Binary entropy is monotone-equivalent to classifier margin.,null,null,null,null,null,null,null,null,null,null,null,null
ackley,fixed_iso_gpc,classifier_entropy,classifier_entropy,4,37,48,49,2762,0.8164800754661954,False,False,False,2725,0.49999946011461205,0.9999989202292241,0.6931471805593623,Binary entropy is monotone-equivalent to classifier margin.,null,null,null,null,null,null,null,null,null,null,null,null
ackley,fixed_iso_gpc,classifier_entropy,classifier_entropy,4,38,49,50,40,1.1815635849543789,False,False,False,39,0.4999920418765759,0.9999840837531518,0.6931471804332818,Binary entropy is monotone-equivalent to classifier margin.,null,null,null,null,null,null,null,null,null,null,null,null
ackley,fixed_iso_gpc,classifier_entropy,classifier_entropy,4,39,50,51,2061,1.4488701559451815,False,False,False,2025,0.5000039184968496,0.9999921630063009,0.6931471805292361,Binary entropy is monotone-equivalent to classifier margin.,null,null,null,null,null,null,null,null,null,null,null,null
ackley,fixed_iso_gpc,classifier_entropy,classifier_entropy,4,40,51,52,3378,0.23124706334637324,False,True,True,3334,0.49998947320343934,0.9999789464068787,0.6931471803383185,Binary entropy is monotone-equivalent to classifier margin.,null,null,null,null,null,null,null,null,null,null,null,null
ackley,fixed_iso_gpc,classifier_entropy,classifier_entropy,4,41,52,53,928,2.0739250192343093,False,False,False,907,0.5000727338045972,0.9998545323908057,0.6931471699795326,Binary entropy is monotone-equivalent to classifier margin.,null,null,null,null,null,null,null,null,null,null,null,null
ackley,fixed_iso_gpc,classifier_entropy,classifier_entropy,4,42,53,54,2224,1.5862472156053133,False,False,False,2185,0.500076389898849,0.9998472202023021,0.693147168889112,Binary entropy is monotone-equivalent to classifier margin.,null,null,null,null,null,null,null,null,null,null,null,null
ackley,fixed_iso_gpc,classifier_entropy,classifier_entropy,4,43,54,55,1852,1.3896358294490554,False,False,False,1816,0.5000803363472681,0.9998393273054638,0.693147167652088,Binary entropy is monotone-equivalent to classifier margin.,null,null,null,null,null,null,null,null,null,null,null,null
ackley,fixed_iso_gpc,classifier_entropy,classifier_entropy,4,44,55,56,2678,2.3313983022362343,False,False,False,2636,0.49998868584596234,0.9999773716919247,0.6931471803039251,Binary entropy is monotone-equivalent to classifier margin.,null,null,null,null,null,null,null,null,null,null,null,null
ackley,fixed_iso_gpc,classifier_entropy,classifier_entropy,4,45,56,57,1789,1.026936931821023,False,False,False,1753,0.499981979451386,0.999963958902772,0.6931471799104649,Binary entropy is monotone-equivalent to classifier margin.,null,null,null,null,null,null,null,null,null,null,null,null
ackley,fixed_iso_gpc,classifier_entropy,classifier_entropy,4,46,57,58,324,1.3419367715246562,False,False,False,317,0.5000373849979458,0.9999252300041084,0.6931471777646692,Binary entropy is monotone-equivalent to classifier margin.,null,null,null,null,null,null,null,null,null,null,null,null
ackley,fixed_iso_gpc,classifier_entropy,classifier_entropy,4,47,58,59,1042,0.07753907007910499,True,True,True,1016,0.4999774602882537,0.9999549205765074,0.6931471795438681,Binary entropy is monotone-equivalent to classifier margin.,null,null,null,null,null,null,null,null,null,null,null,null
ackley,fixed_iso_gpc,classifier_entropy,classifier_entropy,4,48,59,60,3087,1.9817731335522684,False,False,False,3036,0.4999892257483231,0.9999784514966462,0.6931471803277764,Binary entropy is monotone-equivalent to classifier margin.,null,null,null,null,null,null,null,null,null,null,null,null
ackley,fixed_iso_gpc,classifier_entropy,classifier_entropy,4,49,60,61,92,0.6106424724205315,False,False,False,90,0.499974288641146,0.999948577282292,0.6931471792377973,Binary entropy is monotone-equivalent to classifier margin.,null,null,null,null,null,null,null,null,null,null,null,null
ackley,fixed_iso_gpc,classifier_entropy,classifier_entropy,4,50,61,62,1892,1.3986132120366275,False,False,False,1851,0.5000190203004896,0.9999619593990208,0.6931471798364017,Binary entropy is monotone-equivalent to classifier margin.,null,null,null,null,null,null,null,null,null,null,null,null
ackley,fixed_iso_gpc,classifier_entropy,classifier_entropy,4,51,62,63,2928,0.7497952796373522,False,False,False,2877,0.49998623834121647,0.9999724766824329,0.6931471801811788,Binary entropy is monotone-equivalent to classifier margin.,null,null,null,null,null,null,null,null,null,null,null,null
ackley,fixed_iso_gpc,classifier_entropy,classifier_entropy,4,52,63,64,1729,0.9005076805303673,False,False,False,1690,0.4999988680548124,0.9999977361096248,0.6931471805573827,Binary entropy is monotone-equivalent to classifier margin.,null,null,null,null,null,null,null,null,null,null,null,null
ackley,fixed_iso_gpc,classifier_entropy,classifier_entropy,4,53,64,65,1460,1.1248128787746587,False,False,False,1425,0.4999085603156106,0.9998171206312212,0.6931471638375135,Binary entropy is monotone-equivalent to classifier margin.,null,null,null,null,null,null,null,null,null,null,null,null
ackley,fixed_iso_gpc,classifier_entropy,classifier_entropy,4,54,65,66,2049,0.549294795616607,False,False,True,2004,0.49998454076950016,0.9999690815390003,0.6931471800819697,Binary entropy is monotone-equivalent to classifier margin.,null,null,null,null,null,null,null,null,null,null,null,null
ackley,fixed_iso_gpc,classifier_entropy,classifier_entropy,4,55,66,67,824,0.06200926396090267,True,True,True,803,0.500026678475657,0.9999466430486861,0.6931471791364632,Binary entropy is monotone-equivalent to classifier margin.,null,null,null,null,null,null,null,null,null,null,null,null
ackley,fixed_iso_gpc,classifier_entropy,classifier_entropy,4,56,67,68,3451,1.3359743160694642,False,False,False,3391,0.5000021968562174,0.9999956062875652,0.6931471805502929,Binary entropy is monotone-equivalent to classifier margin.,null,null,null,null,null,null,null,null,null,null,null,null
ackley,fixed_iso_gpc,classifier_entropy,classifier_entropy,4,57,68,69,1323,0.23989153343982572,False,True,True,1290,0.49998951907139627,0.9999790381427925,0.6931471803402456,Binary entropy is monotone-equivalent to classifier margin.,null,null,null,null,null,null,null,null,null,null,null,null
ackley,fixed_iso_gpc,classifier_entropy,classifier_entropy,4,58,69,70,1347,0.4130480776059411,False,False,True,1312,0.500001432639391,0.999997134721218,0.6931471805558405,Binary entropy is monotone-equivalent to classifier margin.,null,null,null,null,null,null,null,null,null,null,null,null
ackley,fixed_iso_gpc,classifier_entropy,classifier_entropy,4,59,70,71,494,1.413504956496805,False,False,False,479,0.5000198840037414,0.9999602319925172,0.6931471797691982,Binary entropy is monotone-equivalent to classifier margin.,null,null,null,null,null,null,null,null,null,null,null,null
ackley,fixed_iso_gpc,classifier_entropy,classifier_entropy,4,60,71,72,1084,0.9162638858402818,False,False,False,1054,0.500040458397573,0.9999190832048539,0.6931471772861815,Binary entropy is monotone-equivalent to classifier margin.,null,null,null,null,null,null,null,null,null,null,null,null
ackley,fixed_iso_gpc,classifier_entropy,classifier_entropy,4,61,72,73,3262,0.4228318522638226,False,False,True,3199,0.5001024197415834,0.9997951605168331,0.6931471595803382,Binary entropy is monotone-equivalent to classifier margin.,null,null,null,null,null,null,null,null,null,null,null,null
ackley,fixed_iso_gpc,classifier_entropy,classifier_entropy,4,62,73,74,1297,0.5430840156833199,False,False,True,1262,0.5000093502469455,0.999981299506109,0.693147180385091,Binary entropy is monotone-equivalent to classifier margin.,null,null,null,null,null,null,null,null,null,null,null,null
ackley,fixed_iso_gpc,classifier_entropy,classifier_entropy,4,63,74,75,977,1.5497815111747002,False,False,False,951,0.4999421446243709,0.9998842892487418,0.6931471738654562,Binary entropy is monotone-equivalent to classifier margin.,null,null,null,null,null,null,null,null,null,null,null,null
ackley,fixed_iso_gpc,classifier_entropy,classifier_entropy,4,64,75,76,694,0.7518573374752346,False,False,False,674,0.5000865329651124,0.9998269340697752,0.6931471655840371,Binary entropy is monotone-equivalent to classifier margin.,null,null,null,null,null,null,null,null,null,null,null,null
ackley,fixed_iso_gpc,classifier_entropy,classifier_entropy,4,65,76,77,1174,0.7319868617049892,False,False,False,1141,0.5000817571538553,0.9998364856922894,0.6931471671914808,Binary entropy is monotone-equivalent to classifier margin.,null,null,null,null,null,null,null,null,null,null,null,null
ackley,fixed_iso_gpc,classifier_entropy,classifier_entropy,4,66,77,78,681,0.5136938311986388,False,False,True,662,0.49998617933967776,0.9999723586793555,0.6931471801779241,Binary entropy is monotone-equivalent to classifier margin.,null,null,null,null,null,null,null,null,null,null,null,null
ackley,fixed_iso_gpc,classifier_entropy,classifier_entropy,4,67,78,79,3890,0.9491790814749841,False,False,False,3814,0.4999900101009539,0.9999800202019078,0.6931471803603492,Binary entropy is monotone-equivalent to classifier margin.,null,null,null,null,null,null,null,null,null,null,null,null
ackley,fixed_iso_gpc,classifier_entropy,classifier_entropy,4,68,79,80,1947,0.8642199691920016,False,False,False,1893,0.5000511272670765,0.9998977454658471,0.6931471753319505,Binary entropy is monotone-equivalent to classifier margin.,null,null,null,null,null,null,null,null,null,null,null,null
ackley,fixed_iso_gpc,classifier_gated_diversity,classifier_gated_diversity,4,1,12,13,1417,2.6127760729090923,False,False,False,1409,0.5001655600724704,0.9996688798550593,0.6931471257396691,null,0.1,25,399,0.5,18,0.9659100215121607,0.7225068635844354,0.9717394786035379,0.9688247500578493,null,null,null
ackley,fixed_iso_gpc,classifier_gated_diversity,classifier_gated_diversity,4,2,13,14,647,1.4797866698071687,False,False,False,642,0.5000079025231519,0.9999841949536963,0.6931471804350455,null,0.1,25,399,0.5,2,0.9995941816568824,0.6296488597411621,0.8070689523284776,0.90333156699268,null,null,null
ackley,fixed_iso_gpc,classifier_gated_diversity,classifier_gated_diversity,4,3,14,15,830,3.1265371885131934,False,False,False,823,0.5000453387513228,0.9999093224973543,0.6931471764487405,null,0.1,25,399,0.5,3,0.993133659680827,0.5962422400185352,0.73971136013283,0.8664225099068286,null,null,null
ackley,fixed_iso_gpc,classifier_gated_diversity,classifier_gated_diversity,4,4,15,16,374,2.9376664937532375,False,False,False,371,0.4996235743914511,0.9992471487829022,0.693146897167441,null,0.1,25,399,0.5,37,0.9261984434510069,0.612966822687406,0.7719115430531263,0.8490549932520666,null,null,null
ackley,fixed_iso_gpc,classifier_gated_diversity,classifier_gated_diversity,4,5,16,17,344,2.778979165825575,False,False,False,341,0.5006950786412692,0.9986098427174617,0.693146214290999,null,0.1,25,399,0.5,59,0.8690592484298822,0.6149069101519823,0.7791261418940735,0.8240926951619778,null,null,null
ackley,fixed_iso_gpc,classifier_gated_diversity,classifier_gated_diversity,4,6,17,18,591,1.846222413417527,False,False,False,584,0.49983372444968954,0.9996674488993791,0.6931471252648271,null,0.1,25,399,0.5,14,0.9707877372217392,0.5551128211186347,0.6657886972874898,0.8182882172546144,null,null,null
ackley,fixed_iso_gpc,classifier_gated_diversity,classifier_gated_diversity,4,7,18,19,931,1.3896071032117128,False,False,False,920,0.5002034118017521,0.9995931763964958,0.6931470978072208,null,0.1,25,399,0.5,18,0.9666827289274451,0.5417694647468707,0.6404968676417989,0.8035897982846221,null,null,null
ackley,fixed_iso_gpc,classifier_gated_diversity,classifier_gated_diversity,4,8,19,20,2368,2.5265620864348293,False,False,False,2351,0.5004703651395581,0.9990592697208838,0.6931467380731511,null,0.1,25,399,0.5,35,0.9177908931286857,0.5636794910327025,0.6820264975875673,0.7999086953581265,null,null,null
ackley,fixed_iso_gpc,classifier_gated_diversity,classifier_gated_diversity,4,9,20,21,0,2.0874149129470467,False,False,False,0,0.500800517098055,0.9983989658038901,0.6931458989041492,null,0.1,25,398,0.5,59,0.8687487629445025,0.5705178746753505,0.6949883963275069,0.7818685796360048,null,null,null
ackley,fixed_iso_gpc,classifier_gated_diversity,classifier_gated_diversity,4,10,21,22,2035,2.667382030213295,False,False,False,2017,0.4999250851258379,0.9998501702516758,0.6931471693354685,null,0.1,25,398,0.5,5,0.9886629852926543,0.6101981737170735,0.7702009092584389,0.8794319472755465,null,null,null
ackley,fixed_iso_gpc,classifier_gated_diversity,classifier_gated_diversity,4,11,22,23,3606,0.6256387341297884,False,False,False,3585,0.4999292872584117,0.9998585745168234,0.6931471705593617,null,0.1,25,398,0.5,7,0.9912567662952899,0.49397164543906874,0.5498979006587541,0.7705773334770221,null,null,null
ackley,fixed_iso_gpc,classifier_gated_diversity,classifier_gated_diversity,4,12,23,24,3951,2.8494907780660412,False,False,False,3928,0.5027550313360623,0.9944899373278755,0.6931320000878043,null,0.1,25,398,0.5,162,0.5598093677689907,0.7314346047949016,1.0,0.7799046838844954,null,null,null
ackley,fixed_iso_gpc,classifier_gated_diversity,classifier_gated_diversity,4,13,24,25,1866,1.5963963797110523,False,False,False,1848,0.4997703311228572,0.9995406622457144,0.6931470750643554,null,0.1,25,398,0.5,14,0.9671816190971143,0.4621912622861112,0.8249962666582275,0.8960889428776708,null,null,null
ackley,fixed_iso_gpc,classifier_gated_diversity,classifier_gated_diversity,4,14,25,26,2875,0.7878536730519325,False,False,False,2854,0.5005260919496971,0.9989478161006058,0.693146627014364,null,0.1,25,398,0.5,32,0.9270812600985209,0.4918328726065091,0.9249019548573342,0.9259916074779275,null,null,null
ackley,fixed_iso_gpc,classifier_gated_diversity,classifier_gated_diversity,4,15,26,27,125,2.9515597771974225,False,False,False,124,0.4988047013949761,0.9976094027899522,0.6931443230797132,null,0.1,25,398,0.5,76,0.8307103507025597,0.5169904658628505,1.0,0.9153551753512799,null,null,null
ackley,fixed_iso_gpc,classifier_gated_diversity,classifier_gated_diversity,4,16,27,28,76,1.0474928884364498,False,False,False,75,0.49986696974895284,0.9997339394979057,0.6931471451658495,null,0.1,25,398,0.5,3,0.9808483834732583,0.4601288763450511,0.9067296975679051,0.9437890405205818,null,null,null
ackley,fixed_iso_gpc,classifier_gated_diversity,classifier_gated_diversity,4,17,28,29,1086,1.9931279993438178,False,False,False,1071,0.500732049400161,0.9985359011996779,0.6931461087669138,null,0.1,25,398,0.5,39,0.8978383645458486,0.46292259049898793,0.9640785521336706,0.9309584583397597,null,null,null
ackley,fixed_iso_gpc,classifier_gated_diversity,classifier_gated_diversity,4,18,29,30,336,0.4014673970182283,False,False,True,330,0.49986427577420417,0.9997285515484083,0.6931471437178139,null,0.1,25,398,0.5,7,0.9859729929232802,0.42337924629606644,0.8283755057103436,0.9071742493168119,null,null,null
ackley,fixed_iso_gpc,classifier_gated_diversity,classifier_gated_diversity,4,19,30,31,2443,1.4424246462954624,False,False,False,2418,0.49996330745455275,0.9999266149091055,0.6931471778672595,null,0.1,25,397,0.5,0,1.0,0.4411235081192579,0.8201972238175456,0.9100986119087728,null,null,null
ackley,fixed_iso_gpc,classifier_gated_diversity,classifier_gated_diversity,4,20,31,32,800,1.8582221677439215,False,False,False,787,0.5007041134069803,0.9985917731860394,0.6931461890082378,null,0.1,25,397,0.5,30,0.9084570200328755,0.4036190622822661,0.7605634067943363,0.834510213413606,null,null,null
ackley,fixed_iso_gpc,classifier_gated_diversity,classifier_gated_diversity,4,21,32,33,639,0.89256998604084,False,False,False,627,0.4995661100573763,0.9991322201147526,0.6931468040389335,null,0.1,25,397,0.5,20,0.9463767366973623,0.41198176489435995,0.8336607938230235,0.890018765260193,null,null,null
ackley,fixed_iso_gpc,classifier_gated_diversity,classifier_gated_diversity,4,22,33,34,2555,0.7087387963539733,False,False,False,2527,0.5007344205851822,0.9985311588296355,0.6931461018123656,null,0.1,25,397,0.5,30,0.9182349987543801,0.4519723027388558,0.9786185806164378,0.9484267896854089,null,null,null
ackley,fixed_iso_gpc,classifier_gated_diversity,classifier_gated_diversity,4,23,34,35,3004,0.6439909664680652,False,False,False,2974,0.4999983617225313,0.9999967234450626,0.6931471805545775,null,0.1,25,397,0.5,0,1.0,0.42383659781085725,0.8856767813018754,0.9428383906509377,null,null,null
ackley,fixed_iso_gpc,classifier_gated_diversity,classifier_gated_diversity,4,24,35,36,2674,0.008904813586427807,True,True,True,2645,0.49950296344625733,0.9990059268925147,0.6931466864691924,null,0.1,25,397,0.5,26,0.9380977087716571,0.4107780257208238,0.8842980229118518,0.9111978658417544,null,null,null
ackley,fixed_iso_gpc,classifier_gated_diversity,classifier_gated_diversity,4,25,36,37,3195,0.1599057655233107,True,True,True,3163,0.49993331244033834,0.9998666248806767,0.693147171665484,null,0.1,25,397,0.5,1,0.9979729437048834,0.383255416643996,0.7943167363654918,0.8961448400351877,null,null,null
ackley,fixed_iso_gpc,classifier_gated_diversity,classifier_gated_diversity,4,26,37,38,844,1.2665423153339184,False,False,False,827,0.49961503019335496,0.9992300603867099,0.6931468841564119,null,0.1,25,397,0.5,15,0.9599899540593032,0.398620893207187,0.8490264999315214,0.9045082269954123,null,null,null
ackley,fixed_iso_gpc,classifier_gated_diversity,classifier_gated_diversity,4,27,38,39,2984,1.365959340936083,False,False,False,2952,0.5002567714229481,0.9994864571541038,0.6931470486968122,null,0.1,25,397,0.5,10,0.9765094673038154,0.40204297309622894,0.8072495188390117,0.8918794930714136,null,null,null
ackley,fixed_iso_gpc,classifier_gated_diversity,classifier_gated_diversity,4,28,39,40,1654,1.3937352356002126,False,False,False,1629,0.49945763208018534,0.9989152641603707,0.6931465922339091,null,0.1,25,397,0.5,19,0.9531226973318143,0.40467139164172106,0.8671620911605515,0.9101423942461829,null,null,null
ackley,fixed_iso_gpc,classifier_gated_diversity,classifier_gated_diversity,4,29,40,41,1706,1.2826166301052542,False,False,False,1680,0.5022408859859588,0.9955182280280823,0.6931371373863193,null,0.1,25,396,0.5,94,0.7753143471193366,0.4282121568348609,0.9531872351690631,0.8642507911441999,null,null,null
ackley,fixed_iso_gpc,classifier_gated_diversity,classifier_gated_diversity,4,30,41,42,2573,0.036808476239604815,True,True,True,2541,0.5011037949876731,0.9977924100246538,0.6931447438312164,null,0.1,25,396,0.5,39,0.8950934565420134,0.39531392777170715,0.8388224841228844,0.8669579703324489,null,null,null
ackley,fixed_iso_gpc,classifier_gated_diversity,classifier_gated_diversity,4,31,42,43,2596,0.09613374361624061,True,True,True,2563,0.5025084582027803,0.9949830835944393,0.6931345957820428,null,0.1,25,396,0.5,102,0.7369574715840777,0.4376199001180194,0.9881961044635847,0.8625767880238312,null,null,null
ackley,fixed_iso_gpc,classifier_gated_diversity,classifier_gated_diversity,4,32,43,44,1020,0.669604517596369,False,False,False,1001,0.49965509032661115,0.9993101806532223,0.6931469426345609,null,0.1,25,396,0.5,13,0.9683706959452426,0.3475402540079385,0.7546969145512699,0.8615338052482562,null,null,null
ackley,fixed_iso_gpc,classifier_gated_diversity,classifier_gated_diversity,4,33,44,45,2410,1.6510004959261728,False,False,False,2379,0.4994936500869963,0.9989873001739926,0.6931466677793889,null,0.1,25,396,0.5,15,0.9493679353762661,0.37446707468391033,0.866644589828159,0.9080062626022125,null,null,null
ackley,fixed_iso_gpc,classifier_gated_diversity,classifier_gated_diversity,4,34,45,46,2034,1.2149591277667202,False,False,False,2005,0.499919184927327,0.999838369854654,0.6931471674977934,null,0.1,25,396,0.5,2,0.9926672978895152,0.33652292312410437,0.7275632751742163,0.8601152865318658,null,null,null
ackley,fixed_iso_gpc,classifier_gated_diversity,classifier_gated_diversity,4,35,46,47,927,0.11263779656601614,True,True,True,909,0.5009322266218208,0.9981355467563584,0.6931454424659894,null,0.1,25,396,0.5,26,0.9189058325715401,0.3415999350940651,0.7461726647710027,0.8325392486712715,null,null,null
ackley,fixed_iso_gpc,classifier_gated_diversity,classifier_gated_diversity,4,36,47,48,2095,0.22630062654911853,False,True,True,2063,0.4997602869814354,0.9995205739628708,0.6931470656352783,null,0.1,25,396,0.5,5,0.9788793380889719,0.41084908550592975,1.0,0.989439669044486,null,null,null
ackley,fixed_iso_gpc,classifier_gated_diversity,classifier_gated_diversity,4,37,48,49,991,1.8256669335139222,False,False,False,971,0.4996489404767084,0.9992978809534168,0.6931469340743472,null,0.1,25,396,0.5,12,0.9753412428705595,0.3693502654430364,0.8926995182978091,0.9340203805841842,null,null,null
ackley,fixed_iso_gpc,classifier_gated_diversity,classifier_gated_diversity,4,38,49,50,1815,1.2111274322694268,False,False,False,1785,0.5010562350376846,0.9978875299246308,0.6931449492933761,null,0.1,25,396,0.5,38,0.8945898572153573,0.34448314576579986,0.8077566628938493,0.8511732600546034,null,null,null
ackley,fixed_iso_gpc,classifier_gated_diversity,classifier_gated_diversity,4,39,50,51,508,0.8344321486977488,False,False,False,498,0.5004334268524195,0.9991331462951609,0.6931468048422256,null,0.1,25,395,0.5,11,0.954248531584136,0.3731731728907318,0.7352839085273667,0.8447662200557513,null,null,null
ackley,fixed_iso_gpc,classifier_gated_diversity,classifier_gated_diversity,4,40,51,52,2731,1.1136520886586325,False,False,False,2688,0.4996952159999959,0.9993904319999918,0.6931469947733605,null,0.1,25,395,0.5,11,0.9722972857692068,0.33549901981872204,0.6339661702233267,0.8031317279962668,null,null,null
ackley,fixed_iso_gpc,classifier_gated_diversity,classifier_gated_diversity,4,41,52,53,108,0.7747287296415006,False,False,False,106,0.5003374753265845,0.9993250493468311,0.6931469527807359,null,0.1,25,395,0.5,14,0.9664068562069632,0.36266772148696536,0.7096803609980878,0.8380436086025256,null,null,null
ackley,fixed_iso_gpc,classifier_gated_diversity,classifier_gated_diversity,4,42,53,54,109,1.241498198312513,False,False,False,106,0.5004855309577084,0.9990289380845832,0.6931467090792494,null,0.1,25,395,0.5,17,0.964370629999001,0.3896559225550358,0.966490715167382,0.9654306725831916,null,null,null
ackley,fixed_iso_gpc,classifier_gated_diversity,classifier_gated_diversity,4,43,54,55,1764,0.816101413433163,False,False,False,1731,0.49975892607413214,0.9995178521482643,0.6931470643266653,null,0.1,25,395,0.5,12,0.9816923835901695,0.34018691587465727,0.7967329559583416,0.8892126697742555,null,null,null
ackley,fixed_iso_gpc,classifier_gated_diversity,classifier_gated_diversity,4,44,55,56,2676,1.0130431498024102,False,False,False,2630,0.500204390812867,0.9995912183742659,0.6931470970087342,null,0.1,25,395,0.5,5,0.9821171848968165,0.32127579530533995,0.7318375867684717,0.8569773858326442,null,null,null
ackley,fixed_iso_gpc,classifier_gated_diversity,classifier_gated_diversity,4,45,56,57,3902,1.334301351645971,False,False,False,3847,0.5008496673768599,0.9983006652462802,0.6931457366899478,null,0.1,25,395,0.5,34,0.9201426502031422,0.3398976013978347,0.8419430654580714,0.8810428578306069,null,null,null
ackley,fixed_iso_gpc,classifier_gated_diversity,classifier_gated_diversity,4,46,57,58,443,2.236113617874093,False,False,False,431,0.49551571432987274,0.9910314286597455,0.6931069623848326,null,0.1,25,395,0.5,176,0.5750677679695262,0.45432908169871294,1.0,0.7875338839847631,null,null,null
ackley,fixed_iso_gpc,classifier_gated_diversity,classifier_gated_diversity,4,47,58,59,682,1.530661417966325,False,False,False,664,0.4995413413296309,0.9990826826592618,0.6931467598243346,null,0.1,25,395,0.5,15,0.9613234789957777,0.33220887350168204,0.81522190181492,0.8882726904053488,null,null,null
ackley,fixed_iso_gpc,classifier_gated_diversity,classifier_gated_diversity,4,48,59,60,2434,0.05793312626063418,True,True,True,2391,0.5005296725662067,0.9989406548675865,0.6931466194537856,null,0.1,25,395,0.5,18,0.9525833311026661,0.3173387446835135,0.7600353174766283,0.8563093242896472,null,null,null
ackley,fixed_iso_gpc,classifier_gated_diversity,classifier_gated_diversity,4,49,60,61,1261,1.6077249924209394,False,False,False,1233,0.49955709004971405,0.9991141800994281,0.6931467882214459,null,0.1,25,394,0.5,12,0.9599030110689541,0.32319090559334634,0.7812836159617702,0.8705933135153622,null,null,null
ackley,fixed_iso_gpc,classifier_gated_diversity,classifier_gated_diversity,4,50,61,62,2943,0.268565864125236,False,True,True,2890,0.49788809998414063,0.9957761999682813,0.6931382602900675,null,0.1,25,394,0.5,71,0.8066372580014783,0.3591932392430813,0.9120025663354502,0.8593199121684643,null,null,null
ackley,fixed_iso_gpc,classifier_gated_diversity,classifier_gated_diversity,4,51,62,63,1970,0.13347638236049875,True,True,True,1931,0.4991964751680711,0.9983929503361422,0.6931458892550784,null,0.1,25,394,0.5,23,0.9341528264187321,0.3515862516238836,0.8843827612761074,0.9092677938474197,null,null,null
ackley,fixed_iso_gpc,classifier_gated_diversity,classifier_gated_diversity,4,52,63,64,1308,1.4361495242766633,False,False,False,1278,0.5002379515487279,0.9995240969025443,0.693147067318062,null,0.1,25,394,0.5,6,0.9820959960206078,0.3039575086288151,0.7684839041279214,0.8752899500742646,null,null,null
ackley,fixed_iso_gpc,classifier_gated_diversity,classifier_gated_diversity,4,53,64,65,57,0.9435545738847679,False,False,False,56,0.5000448744497019,0.9999102511005962,0.6931471765325129,null,0.1,25,394,0.5,0,1.0,0.297583363329004,0.7885701558519156,0.8942850779259578,null,null,null
ackley,fixed_iso_gpc,classifier_gated_diversity,classifier_gated_diversity,4,54,65,66,2687,0.8068170983905301,False,False,False,2633,0.5001984887556551,0.9996030224886898,0.693147101764371,null,0.1,25,394,0.5,6,0.9839270611620752,0.33641724787499655,0.950109071681912,0.9670180664219936,null,null,null
ackley,fixed_iso_gpc,classifier_gated_diversity,classifier_gated_diversity,4,55,66,67,1603,0.7575582152148126,False,False,False,1568,0.5006681534608535,0.9986636930782931,0.693146287701585,null,0.1,25,394,0.5,15,0.946388234394583,0.3407283328942183,0.9680420703555634,0.9572151523750732,null,null,null
ackley,fixed_iso_gpc,classifier_gated_diversity,classifier_gated_diversity,4,56,67,68,1689,0.28918513531088585,False,True,True,1651,0.5000043762412626,0.9999912475174748,0.6931471805216424,null,0.1,25,394,0.5,0,1.0,0.3073538316261136,0.8292127769627958,0.914606388481398,null,null,null
ackley,fixed_iso_gpc,classifier_gated_diversity,classifier_gated_diversity,4,57,68,69,696,1.2913936150139502,False,False,False,676,0.49982263331804544,0.9996452666360909,0.6931471176420643,null,0.1,25,394,0.5,6,0.9858090199480488,0.3484110051702108,0.9651014000433422,0.9754552099956955,null,null,null
ackley,fixed_iso_gpc,classifier_gated_diversity,classifier_gated_diversity,4,58,69,70,3685,1.2555427967369965,False,False,False,3619,0.49962834823555935,0.9992566964711187,0.6931469043098519,null,0.1,25,394,0.5,11,0.9709828607135104,0.32106643838160903,0.945775600039549,0.9583792303765297,null,null,null
ackley,fixed_iso_gpc,classifier_gated_diversity,classifier_gated_diversity,4,59,70,71,946,0.3668775024035238,False,True,True,919,0.4999999332223679,0.9999998664447358,0.6931471805599365,null,0.1,25,393,0.5,0,1.0,0.28147216089446675,0.7661999881666872,0.8830999940833436,null,null,null
ackley,fixed_iso_gpc,classifier_gated_diversity,classifier_gated_diversity,4,60,71,72,428,1.5424887188929262,False,False,False,415,0.5000602115133135,0.999879576973373,0.6931471733090926,null,0.1,25,393,0.5,2,0.995507279898003,0.29585115305745746,0.8299509052363261,0.9127290925671645,null,null,null
ackley,fixed_iso_gpc,classifier_gated_diversity,classifier_gated_diversity,4,61,72,73,1295,1.7222857414282906,False,False,False,1261,0.49872804382432223,0.9974560876486445,0.6931439448114296,null,0.1,25,393,0.5,39,0.9042514241394983,0.3185576844356857,0.9358965070346615,0.92007396558708,null,null,null
ackley,fixed_iso_gpc,classifier_gated_diversity,classifier_gated_diversity,4,62,73,74,872,0.7101261296965689,False,False,False,846,0.4991306882839155,0.998261376567831,0.6931456691534645,null,0.1,25,393,0.5,21,0.9300596050509533,0.2890256105752437,0.8497830078179607,0.889921306434457,null,null,null
ackley,fixed_iso_gpc,classifier_gated_diversity,classifier_gated_diversity,4,63,74,75,1094,0.01012323229297074,True,True,True,1061,0.5010736976506505,0.9978526046986991,0.6931448749048832,null,0.1,25,393,0.5,28,0.913036000788881,0.32007810492222444,0.9789120131186655,0.9459740069537732,null,null,null
ackley,fixed_iso_gpc,classifier_gated_diversity,classifier_gated_diversity,4,64,75,76,3633,0.4054482288151817,False,False,True,3562,0.5019794360710925,0.996041127857815,0.6931393442051568,null,0.1,25,393,0.5,65,0.8369072994231883,0.323175877953956,0.9917938236993263,0.9143505615612573,null,null,null
ackley,fixed_iso_gpc,classifier_gated_diversity,classifier_gated_diversity,4,65,76,77,1752,0.07695886986230427,True,True,True,1706,0.5014320922701345,0.997135815459731,0.6931430787777968,null,0.1,25,393,0.5,41,0.8780940403797582,0.3202799926748703,0.9574767125143555,0.9177853764470569,null,null,null
ackley,fixed_iso_gpc,classifier_gated_diversity,classifier_gated_diversity,4,66,77,78,2329,0.1824452937550678,True,True,True,2275,0.5011417205981719,0.9977165588036563,0.693144573505831,null,0.1,25,393,0.5,36,0.9085944862941608,0.28755933582818854,0.8321790542138054,0.8703867702539831,null,null,null
ackley,fixed_iso_gpc,classifier_gated_diversity,classifier_gated_diversity,4,67,78,79,3069,1.5114708112572668,False,False,False,2999,0.5008875408177356,0.9982249183645289,0.6931456051017116,null,0.1,25,393,0.5,22,0.9311323796095413,0.28778166469538224,0.8446101707402193,0.8878712751748803,null,null,null
ackley,fixed_iso_gpc,classifier_gated_diversity,classifier_gated_diversity,4,68,79,80,3405,1.3963942980641786,False,False,False,3333,0.49901410037093563,0.9980282007418713,0.6931452365625284,null,0.1,25,393,0.5,27,0.9285594176178893,0.30004250150478096,0.8971452903031727,0.912852353960531,null,null,null
ackley,fixed_iso_gpc,classifier_uncertainty_repulsion,classifier_uncertainty_repulsion,4,1,12,13,459,1.918687250268185,False,False,False,455,0.5000119595385035,0.999976080922993,0.6931471802738842,null,0.1,25,399,null,1,0.9996214646016935,null,null,0.9967358047884528,0.15,0.51297469645829,0.9971132474487324
ackley,fixed_iso_gpc,classifier_uncertainty_repulsion,classifier_uncertainty_repulsion,4,2,13,14,882,1.793402565186435,False,False,False,875,0.5000014874019725,0.999997025196055,0.6931471805555206,null,0.1,25,399,null,0,1.0,null,null,0.9957010210320624,0.15,0.4951989479251991,0.9957010210320624
ackley,fixed_iso_gpc,classifier_uncertainty_repulsion,classifier_uncertainty_repulsion,4,3,14,15,1232,2.2467530363900376,False,False,False,1224,0.5000395788127481,0.9999208423745038,0.6931471774269805,null,0.1,25,399,null,0,1.0,null,null,0.9999743128196051,0.15,0.6896581275262802,0.9999743128196051
ackley,fixed_iso_gpc,classifier_uncertainty_repulsion,classifier_uncertainty_repulsion,4,4,15,16,1304,1.5118810101047337,False,False,False,1294,0.5000453393098816,0.9999093213802368,0.6931471764486392,null,0.1,25,399,null,2,0.9923634553991181,null,null,0.9920859473777188,0.15,0.6067864278480761,0.9997203564682986
ackley,fixed_iso_gpc,classifier_uncertainty_repulsion,classifier_uncertainty_repulsion,4,5,16,17,3154,1.8724319922855557,False,False,False,3140,0.5000784869443688,0.9998430261112623,0.6931471682395444,null,0.1,25,399,null,0,1.0,null,null,0.9994165920251246,0.15,0.5788765605905566,0.9994165920251246
ackley,fixed_iso_gpc,classifier_uncertainty_repulsion,classifier_uncertainty_repulsion,4,6,17,18,690,1.887691447997538,False,False,False,684,0.4998007734205135,0.999601546841027,0.6931471011774832,null,0.1,25,399,null,3,0.9781901632855676,null,null,0.9775939543805368,0.15,0.5771733460771654,0.9993904979548881
ackley,fixed_iso_gpc,classifier_uncertainty_repulsion,classifier_uncertainty_repulsion,4,7,18,19,1355,0.6676612658550205,False,False,False,1342,0.500022489914977,0.999955020170046,0.6931471795483528,null,0.1,25,399,null,0,1.0,null,null,0.9949143933323437,0.15,0.4875041977376877,0.9949143933323437
ackley,fixed_iso_gpc,classifier_uncertainty_repulsion,classifier_uncertainty_repulsion,4,8,19,20,591,1.846222413417527,False,False,False,585,0.5000815350297855,0.999836929940429,0.693147167264023,null,0.1,25,399,null,1,0.99911477027931,null,null,0.9980539033267859,0.15,0.5551128211186347,0.9989381931044544
ackley,fixed_iso_gpc,classifier_uncertainty_repulsion,classifier_uncertainty_repulsion,4,9,20,21,2416,0.3250576026673748,False,True,True,2399,0.4999633100501443,0.9999266201002887,0.6931471778676406,null,0.1,25,398,null,0,1.0,null,null,0.9860516764763676,0.15,0.43847214050576194,0.9860516764763676
ackley,fixed_iso_gpc,classifier_uncertainty_repulsion,classifier_uncertainty_repulsion,4,10,21,22,3957,2.200763253780961,False,False,False,3936,0.500033695042856,0.999932609914288,0.6931471782892334,null,0.1,25,398,null,1,0.9967248291201707,null,null,0.9739787435016675,0.15,0.41243626761514923,0.9771791722710653
ackley,fixed_iso_gpc,classifier_uncertainty_repulsion,classifier_uncertainty_repulsion,4,11,22,23,2768,0.6496791919278735,False,False,False,2750,0.49999762690982846,0.9999952538196569,0.6931471805486822,null,0.1,25,398,null,0,1.0,null,null,0.9960702907329042,0.15,0.499262999350988,0.9960702907329042
ackley,fixed_iso_gpc,classifier_uncertainty_repulsion,classifier_uncertainty_repulsion,4,12,23,24,2598,1.1157705876461463,False,False,False,2580,0.5000273769326495,0.9999452461347009,0.6931471790609525,null,0.1,25,398,null,0,1.0,null,null,0.9900141953701246,0.15,0.4552983449585605,0.9900141953701246
ackley,fixed_iso_gpc,classifier_uncertainty_repulsion,classifier_uncertainty_repulsion,4,13,24,25,2891,0.5240297430829362,False,False,True,2871,0.4999710342385132,0.9999420684770264,0.6931471788819147,null,0.1,25,398,null,0,1.0,null,null,0.9848660965248187,0.15,0.4342658177862299,0.9848660965248187
ackley,fixed_iso_gpc,classifier_uncertainty_repulsion,classifier_uncertainty_repulsion,4,14,25,26,2730,0.4784684341558165,False,False,True,2711,0.5000156371562058,0.9999687256875884,0.693147180070904,null,0.1,25,398,null,0,1.0,null,null,0.9881042278793999,0.15,0.4465655049075757,0.9881042278793999
ackley,fixed_iso_gpc,classifier_uncertainty_repulsion,classifier_uncertainty_repulsion,4,15,26,27,97,2.4934382394240195,False,False,False,97,0.500113442882786,0.9997731142344279,0.6931471548213697,null,0.1,25,398,null,7,0.9853701173966696,null,null,0.9718578387948136,0.15,0.43934477768758395,0.986287103329706
ackley,fixed_iso_gpc,classifier_uncertainty_repulsion,classifier_uncertainty_repulsion,4,16,27,28,3093,0.2455528737102366,False,True,True,3070,0.5000887218654412,0.9998225562691176,0.6931471648168064,null,0.1,25,398,null,3,0.988427658452762,null,null,0.958271301345499,0.15,0.3962794301955553,0.9694905774343988
ackley,fixed_iso_gpc,classifier_uncertainty_repulsion,classifier_uncertainty_repulsion,4,17,28,29,3643,2.7500618366289853,False,False,False,3617,0.5000705117926509,0.9998589764146981,0.6931471706161194,null,0.1,25,398,null,1,0.9924366493550186,null,null,0.9626025296240744,0.15,0.3971183348038449,0.969938514714936
ackley,fixed_iso_gpc,classifier_uncertainty_repulsion,classifier_uncertainty_repulsion,4,18,29,30,1590,0.2138703967987965,False,True,True,1573,0.5000306461949818,0.9999387076100363,0.6931471786815668,null,0.1,25,398,null,1,0.9982216325221426,null,null,0.9926813701023007,0.15,0.48345320944981035,0.9944498674048532
ackley,fixed_iso_gpc,classifier_uncertainty_repulsion,classifier_uncertainty_repulsion,4,19,30,31,2033,1.6636718539567052,False,False,False,2014,0.5000326419226871,0.9999347161546257,0.6931471784289551,null,0.1,25,397,null,1,0.9960947266688542,null,null,0.9748712325858259,0.15,0.41616464426022465,0.9786932974196098
ackley,fixed_iso_gpc,classifier_uncertainty_repulsion,classifier_uncertainty_repulsion,4,20,31,32,12,1.1492372924047576,False,False,False,12,0.5001598888500467,0.9996802222999066,0.6931471294310557,null,0.1,25,397,null,6,0.9796414053859182,null,null,0.9358206647893613,0.15,0.3739232154664763,0.9552685907765462
ackley,fixed_iso_gpc,classifier_uncertainty_repulsion,classifier_uncertainty_repulsion,4,21,32,33,2600,0.016525831334442742,True,True,True,2577,0.4999240706423198,0.9998481412846396,0.6931471690294106,null,0.1,25,397,null,1,0.998316314422676,null,null,0.9688906605620181,0.15,0.39823253070890646,0.9705247190338919
ackley,fixed_iso_gpc,classifier_uncertainty_repulsion,classifier_uncertainty_repulsion,4,22,33,34,2399,0.36196473025814235,False,True,True,2378,0.5001037562417427,0.9997924875165145,0.6931471590292297,null,0.1,25,397,null,3,0.9903282707981221,null,null,0.9369815935739092,0.15,0.36256739397684207,0.9461323292515723
ackley,fixed_iso_gpc,classifier_uncertainty_repulsion,classifier_uncertainty_repulsion,4,23,34,35,2671,0.5239104483904953,False,False,True,2646,0.49997683044992175,0.9999536608998435,0.6931471794862891,null,0.1,25,397,null,0,1.0,null,null,0.9338529215088329,0.15,0.349591697479405,0.9338529215088329
ackley,fixed_iso_gpc,classifier_uncertainty_repulsion,classifier_uncertainty_repulsion,4,24,35,36,663,1.6289920140844671,False,False,False,654,0.4996597311734905,0.999319462346981,0.6931469489941788,null,0.1,25,397,null,22,0.96063700438407,null,null,0.937138812602454,0.15,0.4086322199852576,0.9755389479331142
ackley,fixed_iso_gpc,classifier_uncertainty_repulsion,classifier_uncertainty_repulsion,4,25,36,37,1837,1.6617373673002156,False,False,False,1816,0.5004859643833665,0.9990280712332671,0.6931467082371071,null,0.1,25,397,null,32,0.945218969703459,null,null,0.9360857525008889,0.15,0.4569216970453627,0.9903374588372518
ackley,fixed_iso_gpc,classifier_uncertainty_repulsion,classifier_uncertainty_repulsion,4,26,37,38,3681,1.9237913706813092,False,False,False,3646,0.5000535963908804,0.9998928072182391,0.693147174814799,null,0.1,25,397,null,1,0.9939571901914074,null,null,0.92639820044111,0.15,0.3478378716587791,0.932030282172125
ackley,fixed_iso_gpc,classifier_uncertainty_repulsion,classifier_uncertainty_repulsion,4,27,38,39,3296,2.180872881526751,False,False,False,3263,0.5000479471889029,0.9999041056221942,0.6931471759620795,null,0.1,25,397,null,1,0.9951066833124022,null,null,0.9493404202081136,0.15,0.3722480671662841,0.9540086868355192
ackley,fixed_iso_gpc,classifier_uncertainty_repulsion,classifier_uncertainty_repulsion,4,28,39,40,928,2.0739250192343093,False,False,False,915,0.4999341626610647,0.9998683253221294,0.6931471718908349,null,0.1,25,397,null,3,0.9927937394910843,null,null,0.9471535882497093,0.15,0.3722741986979621,0.9540285666338201
ackley,fixed_iso_gpc,classifier_uncertainty_repulsion,classifier_uncertainty_repulsion,4,29,40,41,1347,0.4130480776059411,False,False,True,1330,0.4997632842923427,0.9995265685846854,0.6931470684912886,null,0.1,25,396,null,8,0.9769112329970882,null,null,0.9305725862560346,0.15,0.370376668269697,0.9525661644826314
ackley,fixed_iso_gpc,classifier_uncertainty_repulsion,classifier_uncertainty_repulsion,4,30,41,42,3710,0.006142819151669698,True,True,True,3671,0.5000005211027231,0.9999989577945538,0.6931471805594023,null,0.1,25,396,null,0,1.0,null,null,0.9363191857164064,0.15,0.35202874566042214,0.9363191857164064
ackley,fixed_iso_gpc,classifier_uncertainty_repulsion,classifier_uncertainty_repulsion,4,31,42,43,3896,0.438505313823903,False,False,True,3855,0.5000632776352323,0.9998734447295354,0.693147172551827,null,0.1,25,396,null,2,0.9956941665647433,null,null,0.9451647975206176,0.15,0.3662510665317566,0.9492521190332391
ackley,fixed_iso_gpc,classifier_uncertainty_repulsion,classifier_uncertainty_repulsion,4,32,43,44,2975,3.109107160243431,False,False,False,2942,0.49970191132682784,0.9994038226536557,0.6931470028462206,null,0.1,25,396,null,9,0.9754712190990411,null,null,0.9335628525219506,0.15,0.37634370277610946,0.9570378236112412
ackley,fixed_iso_gpc,classifier_uncertainty_repulsion,classifier_uncertainty_repulsion,4,33,44,45,341,0.3406697720704184,False,True,True,336,0.500043179526953,0.999913640946094,0.6931471768310022,null,0.1,25,396,null,3,0.9989559513261838,null,null,0.9718320067779777,0.15,0.40284391556137855,0.9728477071364386
ackley,fixed_iso_gpc,classifier_uncertainty_repulsion,classifier_uncertainty_repulsion,4,34,45,46,197,0.5197766168229858,False,False,True,193,0.49995247406905985,0.9999049481381197,0.6931471760425171,null,0.1,25,396,null,2,0.9975807280389247,null,null,0.9068512613576187,0.15,0.3284589625619753,0.9090505017476983
ackley,fixed_iso_gpc,classifier_uncertainty_repulsion,classifier_uncertainty_repulsion,4,35,46,47,1282,1.6553888994599237,False,False,False,1265,0.5001711656139273,0.9996576687721455,0.6931471219646094,null,0.1,25,396,null,4,0.9840555597072853,null,null,0.9237366653287064,0.15,0.3544596780972424,0.9387037715670025
ackley,fixed_iso_gpc,classifier_uncertainty_repulsion,classifier_uncertainty_repulsion,4,36,47,48,2030,0.8752485695265708,False,False,False,2003,0.5002874964589278,0.9994250070821444,0.6931470152515085,null,0.1,25,396,null,3,0.9755981876941391,null,null,0.9121634232776735,0.15,0.35069465968740565,0.9349785954744382
ackley,fixed_iso_gpc,classifier_uncertainty_repulsion,classifier_uncertainty_repulsion,4,37,48,49,1663,1.4436184900942717,False,False,False,1637,0.5000593210072379,0.9998813579855241,0.6931471735219815,null,0.1,25,396,null,0,1.0,null,null,0.9634614869461392,0.15,0.3859047538143051,0.9634614869461392
ackley,fixed_iso_gpc,classifier_uncertainty_repulsion,classifier_uncertainty_repulsion,4,38,49,50,1434,0.669786416132311,False,False,False,1411,0.5002845668466565,0.9994308663066871,0.6931470186033561,null,0.1,25,396,null,11,0.9712060079393648,null,null,0.9080648570192268,0.15,0.35070281620438964,0.934986861279713
ackley,fixed_iso_gpc,classifier_uncertainty_repulsion,classifier_uncertainty_repulsion,4,39,50,51,623,0.6536352285815443,False,False,False,612,0.49998893164520675,0.9999778632904135,0.6931471803149283,null,0.1,25,395,null,2,0.9998138738121873,null,null,0.892559690345585,0.15,0.31694879827916844,0.8927258500048082
ackley,fixed_iso_gpc,classifier_uncertainty_repulsion,classifier_uncertainty_repulsion,4,40,51,52,2960,1.8357984027485514,False,False,False,2920,0.5000421573104373,0.9999156853791253,0.6931471770054676,null,0.1,25,395,null,2,0.9980472200537178,null,null,0.918604704872535,0.15,0.3374677924166325,0.9204020475334754
ackley,fixed_iso_gpc,classifier_uncertainty_repulsion,classifier_uncertainty_repulsion,4,41,52,53,2039,0.5927019551732009,False,False,True,2007,0.49936990649145385,0.9987398129829077,0.6931463865240761,null,0.1,25,395,null,31,0.9367244011157183,null,null,0.8857364562811436,0.15,0.3619198732407851,0.9455678268081372
ackley,fixed_iso_gpc,classifier_uncertainty_repulsion,classifier_uncertainty_repulsion,4,42,53,54,3291,1.6072727803184463,False,False,False,3246,0.4998082812731468,0.9996165625462936,0.693147107047803,null,0.1,25,395,null,8,0.9838038338657957,null,null,0.8702174166357416,0.15,0.3116870489776166,0.8845436322567239
ackley,fixed_iso_gpc,classifier_uncertainty_repulsion,classifier_uncertainty_repulsion,4,43,54,55,2516,1.956230779514195,False,False,False,2481,0.4996563474402522,0.9993126948805044,0.6931469443657631,null,0.1,25,395,null,14,0.9670001535016169,null,null,0.8575797258803748,0.15,0.31313742604386147,0.8868454909494912
ackley,fixed_iso_gpc,classifier_uncertainty_repulsion,classifier_uncertainty_repulsion,4,44,55,56,1359,1.3735579218578362,False,False,False,1335,0.4999661029178358,0.9999322058356716,0.693147178261921,null,0.1,25,395,null,0,1.0,null,null,0.8756097220370729,0.15,0.3062595409028669,0.8756097220370729
ackley,fixed_iso_gpc,classifier_uncertainty_repulsion,classifier_uncertainty_repulsion,4,45,56,57,3310,1.0324943323009101,False,False,False,3261,0.49943109326506985,0.9988621865301397,0.6931465332500595,null,0.1,25,395,null,24,0.9446273698318325,null,null,0.851058052079129,0.15,0.3225584601097288,0.9009457901168361
ackley,fixed_iso_gpc,classifier_uncertainty_repulsion,classifier_uncertainty_repulsion,4,46,57,58,3145,1.012039767530375,False,False,False,3099,0.49998466447688866,0.9999693289537773,0.6931471800895888,null,0.1,25,395,null,1,0.9993269459239124,null,null,0.8566295952602071,0.15,0.29594935680209095,0.8572065416170914
ackley,fixed_iso_gpc,classifier_uncertainty_repulsion,classifier_uncertainty_repulsion,4,47,58,59,2157,1.272060175832081,False,False,False,2123,0.5000246673947139,0.9999506652105723,0.6931471793429845,null,0.1,25,395,null,0,1.0,null,null,0.8500615968434865,0.15,0.29221376108940916,0.8500615968434865
ackley,fixed_iso_gpc,classifier_uncertainty_repulsion,classifier_uncertainty_repulsion,4,48,59,60,1611,0.2555428535562214,False,True,True,1582,0.5006662445779535,0.998667510844093,0.6931462927960073,null,0.1,25,395,null,19,0.9401450277879289,null,null,0.8653608931712389,0.15,0.33751189244861696,0.9204546826220525
ackley,fixed_iso_gpc,classifier_uncertainty_repulsion,classifier_uncertainty_repulsion,4,49,60,61,2673,1.2044117422500538,False,False,False,2631,0.4993014425651321,0.9986028851302642,0.6931462045946482,null,0.1,25,394,null,23,0.9359006435348886,null,null,0.865004356417584,0.15,0.340753732986877,0.924248062433711
ackley,fixed_iso_gpc,classifier_uncertainty_repulsion,classifier_uncertainty_repulsion,4,50,61,62,2495,0.2938932399978196,False,True,True,2457,0.5000001141595776,0.9999997716808449,0.6931471805599192,null,0.1,25,394,null,0,1.0,null,null,0.8987891850134228,0.15,0.32105254199195854,0.8987891850134228
ackley,fixed_iso_gpc,classifier_uncertainty_repulsion,classifier_uncertainty_repulsion,4,51,62,63,660,1.337682539177603,False,False,False,648,0.5000998815677398,0.9998002368645205,0.69314716060729,null,0.1,25,394,null,2,0.9937546488257334,null,null,0.8642304467298103,0.15,0.30280854780332395,0.869661790011272
ackley,fixed_iso_gpc,classifier_uncertainty_repulsion,classifier_uncertainty_repulsion,4,52,63,64,1220,0.7459870118063314,False,False,False,1202,0.5001287708809459,0.9997424582381083,0.6931471473960654,null,0.1,25,394,null,2,0.9896378002438785,null,null,0.8988250069407149,0.15,0.327847903922474,0.9082363332516357
ackley,fixed_iso_gpc,classifier_uncertainty_repulsion,classifier_uncertainty_repulsion,4,53,64,65,277,0.419098961344206,False,False,True,272,0.5003213067113679,0.9993573865772643,0.6931469740839256,null,0.1,25,394,null,9,0.9710699144921837,null,null,0.8516824011861927,0.15,0.3071173608207074,0.8770556975102826
ackley,fixed_iso_gpc,classifier_uncertainty_repulsion,classifier_uncertainty_repulsion,4,54,65,66,340,0.7164979205621851,False,False,False,333,0.4998488819708247,0.9996977639416494,0.6931471348866272,null,0.1,25,394,null,5,0.9861314302059234,null,null,0.9384606952692286,0.15,0.3692238318610146,0.9516588423444324
ackley,fixed_iso_gpc,classifier_uncertainty_repulsion,classifier_uncertainty_repulsion,4,55,66,67,572,0.343190598115676,False,True,True,561,0.5000978352272287,0.9998043295455425,0.6931471614164818,null,0.1,25,394,null,2,0.9933180248731642,null,null,0.8431616105471302,0.15,0.2915849816026074,0.8488334948465197
ackley,fixed_iso_gpc,classifier_uncertainty_repulsion,classifier_uncertainty_repulsion,4,56,67,68,1959,0.9887681840272027,False,False,False,1922,0.5004301954878096,0.9991396090243807,0.6931468104235842,null,0.1,25,394,null,19,0.9640022093085728,null,null,0.8647570418048024,0.15,0.31985546129508835,0.8970488173725726
ackley,fixed_iso_gpc,classifier_uncertainty_repulsion,classifier_uncertainty_repulsion,4,57,68,69,404,0.34827125784029533,False,True,True,394,0.5001696464388844,0.9996607071222312,0.6931471230001158,null,0.1,25,394,null,7,0.9880103067024629,null,null,0.8333004284818921,0.15,0.28885354143856223,0.8434126879334657
ackley,fixed_iso_gpc,classifier_uncertainty_repulsion,classifier_uncertainty_repulsion,4,58,69,70,1452,1.1612580131466963,False,False,False,1420,0.5002985347242583,0.9994029305514833,0.6931470023139715,null,0.1,25,394,null,9,0.9781620196343183,null,null,0.8792992707085026,0.15,0.32115016162100696,0.8989300883275195
ackley,fixed_iso_gpc,classifier_uncertainty_repulsion,classifier_uncertainty_repulsion,4,59,70,71,3199,0.9535283215958668,False,False,False,3139,0.4988841088628413,0.9977682177256826,0.6931446901318179,null,0.1,25,393,null,32,0.9026637747464457,null,null,0.81845380454337,0.15,0.32671341683596006,0.9067094830223692
ackley,fixed_iso_gpc,classifier_uncertainty_repulsion,classifier_uncertainty_repulsion,4,60,71,72,1752,0.07695886986230427,True,True,True,1714,0.4993768917424255,0.998753783484851,0.693146404031943,null,0.1,25,393,null,11,0.9541269013805206,null,null,0.8625328391378005,0.15,0.3247373717683963,0.9040022222304044
ackley,fixed_iso_gpc,classifier_uncertainty_repulsion,classifier_uncertainty_repulsion,4,61,72,73,2488,0.20727346151581294,False,True,True,2441,0.5011514420550807,0.9976971158898387,0.6931445289199891,null,0.1,25,393,null,29,0.9040594179038052,null,null,0.834008184231251,0.15,0.33925664193240257,0.9225147901948987
ackley,fixed_iso_gpc,classifier_uncertainty_repulsion,classifier_uncertainty_repulsion,4,62,73,74,2028,0.4181766737975181,False,False,True,1987,0.5012055765884047,0.9975888468231906,0.6931442737273077,null,0.1,25,393,null,24,0.9015038726384181,null,null,0.7961851388144325,0.15,0.3108348213658114,0.8831743966714742
ackley,fixed_iso_gpc,classifier_uncertainty_repulsion,classifier_uncertainty_repulsion,4,63,74,75,1825,0.22137655448492843,False,True,True,1786,0.4995371909306717,0.9990743818613435,0.6931467521754149,null,0.1,25,393,null,8,0.9659587352067723,null,null,0.8058362142852259,0.15,0.28438210689049964,0.8342346157392834
ackley,fixed_iso_gpc,classifier_uncertainty_repulsion,classifier_uncertainty_repulsion,4,64,75,76,3949,0.6110130586600118,False,False,False,3875,0.5005952582016602,0.9988094835966796,0.6931464718951246,null,0.1,25,393,null,7,0.9686831038942879,null,null,0.8340640681554123,0.15,0.29800501869149343,0.8610288181989737
ackley,fixed_iso_gpc,classifier_uncertainty_repulsion,classifier_uncertainty_repulsion,4,65,76,77,1879,1.2789706653254527,False,False,False,1838,0.4998561825407871,0.9997123650815742,0.6931471391930215,null,0.1,25,393,null,2,0.9903197018557252,null,null,0.8158559795948512,0.15,0.2795245872704882,0.8238309084087164
ackley,fixed_iso_gpc,classifier_uncertainty_repulsion,classifier_uncertainty_repulsion,4,66,77,78,1305,0.5073810291895207,False,False,True,1278,0.5005148098672525,0.998970380265495,0.6931466505014527,null,0.1,25,393,null,9,0.9593361887005636,null,null,0.8051707217988245,0.15,0.2868269147330238,0.8392998526298079
ackley,fixed_iso_gpc,classifier_uncertainty_repulsion,classifier_uncertainty_repulsion,4,67,78,79,13,0.02770213696999413,True,True,True,12,0.49903618002347816,0.9980723600469563,0.6931453226609005,null,0.1,25,393,null,23,0.9202489176036507,null,null,0.7847574001702727,0.15,0.2936121288144735,0.8527664473801273
ackley,fixed_iso_gpc,classifier_uncertainty_repulsion,classifier_uncertainty_repulsion,4,68,79,80,3956,1.0747364763464518,False,False,False,3878,0.5012095000352694,0.9975809999294611,0.6931442547764213,null,0.1,25,393,null,32,0.9019784274886056,null,null,0.8306100303856339,0.15,0.3378654987410308,0.92087571617241
ackley,optimized_iso_gpc,random,random,4,1,12,13,2217,1.727344436917246,False,False,False,2207,0.4945788750342679,0.9891577500685358,0.6930884022165169,null,null,null,null,null,null,null,null,null,null,null,null,null
ackley,optimized_iso_gpc,random,random,4,2,13,14,2642,1.0888243990365556,False,False,False,2631,0.47981185502619894,0.9596237100523979,0.6923318365455897,null,null,null,null,null,null,null,null,null,null,null,null,null
ackley,optimized_iso_gpc,random,random,4,3,14,15,3556,1.9202192004568275,False,False,False,3543,0.4999322783204032,0.9998645566408064,0.6931471713874935,null,null,null,null,null,null,null,null,null,null,null,null,null
ackley,optimized_iso_gpc,random,random,4,4,15,16,3049,1.1457608981420044,False,False,False,3037,0.49456247225171523,0.9891249445034305,0.6930880459782764,null,null,null,null,null,null,null,null,null,null,null,null,null
ackley,optimized_iso_gpc,random,random,4,5,16,17,3086,0.5970169223876347,False,False,False,3073,0.4910877550561388,0.9821755101122775,0.6929883159272312,null,null,null,null,null,null,null,null,null,null,null,null,null
ackley,optimized_iso_gpc,random,random,4,6,17,18,2760,0.7755542271248856,False,False,False,2748,0.4482246203631348,0.8964492407262696,0.6877761778885949,null,null,null,null,null,null,null,null,null,null,null,null,null
ackley,optimized_iso_gpc,random,random,4,7,18,19,47,1.856164296276857,False,False,False,47,0.49999999499984976,0.9999999899996995,0.6931471805599452,null,null,null,null,null,null,null,null,null,null,null,null,null
ackley,optimized_iso_gpc,random,random,4,8,19,20,2590,1.061809161264577,False,False,False,2578,0.4968592913759933,0.9937185827519865,0.6931274523288888,null,null,null,null,null,null,null,null,null,null,null,null,null
ackley,optimized_iso_gpc,random,random,4,9,20,21,2247,0.09822668538651058,True,True,True,2235,0.4968684982632121,0.9937369965264242,0.6931275678254702,null,null,null,null,null,null,null,null,null,null,null,null,null
ackley,optimized_iso_gpc,random,random,4,10,21,22,813,0.11727212361338601,True,True,True,806,0.49999999500010656,0.9999999900002131,0.6931471805599454,null,null,null,null,null,null,null,null,null,null,null,null,null
ackley,optimized_iso_gpc,random,random,4,11,22,23,3523,2.4557858246268136,False,False,False,3503,0.4938243926628445,0.987648785325689,0.6930709023685059,null,null,null,null,null,null,null,null,null,null,null,null,null
ackley,optimized_iso_gpc,random,random,4,12,23,24,2139,0.45999112975411727,False,False,True,2127,0.49999999500016656,0.9999999900003331,0.6931471805599453,null,null,null,null,null,null,null,null,null,null,null,null,null
ackley,optimized_iso_gpc,random,random,4,13,24,25,2632,1.2454927769048894,False,False,False,2616,0.4704811816166057,0.9409623632332114,0.6914034455092424,null,null,null,null,null,null,null,null,null,null,null,null,null
ackley,optimized_iso_gpc,random,random,4,14,25,26,3176,0.5831615060964346,False,False,True,3155,0.5376995333131873,0.9246009333736254,0.6903019715056192,null,null,null,null,null,null,null,null,null,null,null,null,null
ackley,optimized_iso_gpc,random,random,4,15,26,27,2271,0.6851373924426216,False,False,False,2256,0.47551267934620967,0.9510253586924193,0.6919474429474248,null,null,null,null,null,null,null,null,null,null,null,null,null
ackley,optimized_iso_gpc,random,random,4,16,27,28,2934,1.4950469944316076,False,False,False,2914,0.4401263485570581,0.8802526971141162,0.685960238336538,null,null,null,null,null,null,null,null,null,null,null,null,null
ackley,optimized_iso_gpc,random,random,4,17,28,29,3858,0.9013563714011958,False,False,False,3830,0.47865707197296103,0.9573141439459221,0.6922358625392429,null,null,null,null,null,null,null,null,null,null,null,null,null
ackley,optimized_iso_gpc,random,random,4,18,29,30,1053,3.086212367441414,False,False,False,1045,0.5025948912282603,0.9948102175434794,0.6931337135785189,null,null,null,null,null,null,null,null,null,null,null,null,null
ackley,optimized_iso_gpc,random,random,4,19,30,31,3813,1.1751933022857983,False,False,False,3784,0.5044485907114922,0.9911028185770157,0.6931076001191021,null,null,null,null,null,null,null,null,null,null,null,null,null
ackley,optimized_iso_gpc,random,random,4,20,31,32,2996,1.0870438997933434,False,False,False,2974,0.5003636501739301,0.9992726996521397,0.6931469160770241,null,null,null,null,null,null,null,null,null,null,null,null,null
ackley,optimized_iso_gpc,random,random,4,21,32,33,956,1.5769446705747487,False,False,False,948,0.4941354812804821,0.9882709625609643,0.6930783938231027,null,null,null,null,null,null,null,null,null,null,null,null,null
ackley,optimized_iso_gpc,random,random,4,22,33,34,3510,1.020292945007803,False,False,False,3482,0.47772151490106296,0.9554430298021259,0.6921541900430739,null,null,null,null,null,null,null,null,null,null,null,null,null
ackley,optimized_iso_gpc,random,random,4,23,34,35,1074,0.5769744769628655,False,False,True,1064,0.486828303114482,0.973656606228964,0.6928001532177408,null,null,null,null,null,null,null,null,null,null,null,null,null
ackley,optimized_iso_gpc,random,random,4,24,35,36,2556,1.9426998120752579,False,False,False,2537,0.43642421688284116,0.8728484337656823,0.6850414956685615,null,null,null,null,null,null,null,null,null,null,null,null,null
ackley,optimized_iso_gpc,random,random,4,25,36,37,2566,1.0248901063516769,False,False,False,2546,0.377078823504462,0.754157647008924,0.6626159420345319,null,null,null,null,null,null,null,null,null,null,null,null,null
ackley,optimized_iso_gpc,random,random,4,26,37,38,2862,1.5417986399394898,False,False,False,2837,0.4377708409671186,0.8755416819342372,0.6853821244877075,null,null,null,null,null,null,null,null,null,null,null,null,null
ackley,optimized_iso_gpc,random,random,4,27,38,39,3802,1.034620758524376,False,False,False,3766,0.4809330482474792,0.9618660964949584,0.6924199069356005,null,null,null,null,null,null,null,null,null,null,null,null,null
ackley,optimized_iso_gpc,random,random,4,28,39,40,2518,0.17388490280784552,True,True,True,2499,0.4150064091178933,0.8300128182357867,0.6786289628349322,null,null,null,null,null,null,null,null,null,null,null,null,null
ackley,optimized_iso_gpc,random,random,4,29,40,41,1553,1.2465772776580941,False,False,False,1540,0.3894971105576417,0.7789942211152834,0.6685226066562002,null,null,null,null,null,null,null,null,null,null,null,null,null
ackley,optimized_iso_gpc,random,random,4,30,41,42,1961,6.3328389843258694,False,False,False,1945,0.22490592813414878,0.44981185626829756,0.5330474707918812,null,null,null,null,null,null,null,null,null,null,null,null,null
ackley,optimized_iso_gpc,random,random,4,31,42,43,3174,1.8953212685863523,False,False,False,3141,0.20321155414740133,0.40642310829480266,0.5048224797196207,null,null,null,null,null,null,null,null,null,null,null,null,null
ackley,optimized_iso_gpc,random,random,4,32,43,44,860,3.8750645735944094,False,False,False,852,0.257946361607992,0.515892723215984,0.5708978970847596,null,null,null,null,null,null,null,null,null,null,null,null,null
ackley,optimized_iso_gpc,random,random,4,33,44,45,3483,0.8553937314028932,False,False,False,3447,0.6497782859785843,0.7004434280428313,0.6475837806798672,null,null,null,null,null,null,null,null,null,null,null,null,null
ackley,optimized_iso_gpc,random,random,4,34,45,46,3852,5.3899725753119,False,False,False,3808,0.21072645606227525,0.4214529121245505,0.5149175815291211,null,null,null,null,null,null,null,null,null,null,null,null,null
ackley,optimized_iso_gpc,random,random,4,35,46,47,1216,1.5074207871809513,False,False,False,1204,0.6910091318259788,0.6179817363480424,0.6182908567217188,null,null,null,null,null,null,null,null,null,null,null,null,null
ackley,optimized_iso_gpc,random,random,4,36,47,48,2828,1.3715749168903066,False,False,False,2798,0.7055581355714367,0.5888837288571267,0.606081088441301,null,null,null,null,null,null,null,null,null,null,null,null,null
ackley,optimized_iso_gpc,random,random,4,37,48,49,2283,0.48838775324912653,False,False,True,2260,0.38829568873549647,0.7765913774709929,0.6679796195502274,null,null,null,null,null,null,null,null,null,null,null,null,null
ackley,optimized_iso_gpc,random,random,4,38,49,50,2907,1.2571249411360625,False,False,False,2874,0.5301863216520886,0.9396273566958229,0.6913236438316511,null,null,null,null,null,null,null,null,null,null,null,null,null
ackley,optimized_iso_gpc,random,random,4,39,50,51,3418,1.7458764687837007,False,False,False,3378,0.7414690810621778,0.5170618378756444,0.571514689034561,null,null,null,null,null,null,null,null,null,null,null,null,null
ackley,optimized_iso_gpc,random,random,4,40,51,52,2619,0.6560884167547982,False,False,False,2591,0.4000712062095886,0.8001424124191772,0.6730405280797587,null,null,null,null,null,null,null,null,null,null,null,null,null
ackley,optimized_iso_gpc,random,random,4,41,52,53,1281,1.8262792292143715,False,False,False,1268,0.5749139139591932,0.8501721720816136,0.6818806157317463,null,null,null,null,null,null,null,null,null,null,null,null,null
ackley,optimized_iso_gpc,random,random,4,42,53,54,1566,3.083920267173811,False,False,False,1548,0.14493385540436066,0.2898677108087213,0.4138197479070892,null,null,null,null,null,null,null,null,null,null,null,null,null
ackley,optimized_iso_gpc,random,random,4,43,54,55,18,2.2428032065498993,False,False,False,18,0.39786199970995995,0.7957239994199199,0.672135253788654,null,null,null,null,null,null,null,null,null,null,null,null,null
ackley,optimized_iso_gpc,random,random,4,44,55,56,3459,0.31301116375842497,False,True,True,3414,0.32020062885857214,0.6404012577171443,0.6270205934683213,null,null,null,null,null,null,null,null,null,null,null,null,null
ackley,optimized_iso_gpc,random,random,4,45,56,57,3842,0.5232406050286844,False,False,True,3788,0.6489590461834496,0.7020819076331009,0.6480886498431082,null,null,null,null,null,null,null,null,null,null,null,null,null
ackley,optimized_iso_gpc,random,random,4,46,57,58,60,1.8612078364742999,False,False,False,58,0.7911598396574391,0.41768032068512184,0.5124159097474186,null,null,null,null,null,null,null,null,null,null,null,null,null
ackley,optimized_iso_gpc,random,random,4,47,58,59,1080,0.3096076585933485,False,True,True,1066,0.326833971120152,0.653667942240304,0.6319137964321304,null,null,null,null,null,null,null,null,null,null,null,null,null
ackley,optimized_iso_gpc,random,random,4,48,59,60,3310,1.0324943323009101,False,False,False,3264,0.6731613849257769,0.6536772301484461,0.6319171518242565,null,null,null,null,null,null,null,null,null,null,null,null,null
ackley,optimized_iso_gpc,random,random,4,49,60,61,2908,0.11597506831203397,True,True,True,2868,0.6719415959970547,0.6561168080058906,0.6327950928265607,null,null,null,null,null,null,null,null,null,null,null,null,null
ackley,optimized_iso_gpc,random,random,4,50,61,62,2281,2.5679660127183492,False,False,False,2253,0.2059458328984647,0.4118916657969294,0.5085354283630774,null,null,null,null,null,null,null,null,null,null,null,null,null
ackley,optimized_iso_gpc,random,random,4,51,62,63,2313,1.565365643248624,False,False,False,2283,0.5850797011506472,0.8298405976987056,0.6785993853116652,null,null,null,null,null,null,null,null,null,null,null,null,null
ackley,optimized_iso_gpc,random,random,4,52,63,64,822,1.4584456230443497,False,False,False,812,0.48226180174967226,0.9645236034993445,0.6925177611382534,null,null,null,null,null,null,null,null,null,null,null,null,null
ackley,optimized_iso_gpc,random,random,4,53,64,65,3665,0.9719256261271294,False,False,False,3607,0.3520988290943592,0.7041976581887184,0.6487362239217469,null,null,null,null,null,null,null,null,null,null,null,null,null
ackley,optimized_iso_gpc,random,random,4,54,65,66,1909,1.7976134155761851,False,False,False,1885,0.6510669469051322,0.6978661061897355,0.6467836539661682,null,null,null,null,null,null,null,null,null,null,null,null,null
ackley,optimized_iso_gpc,random,random,4,55,66,67,2787,4.691892098343663,False,False,False,2746,0.018231295544524073,0.036462591089048146,0.09107341723753218,null,null,null,null,null,null,null,null,null,null,null,null,null
ackley,optimized_iso_gpc,random,random,4,56,67,68,2085,1.081012005543526,False,False,False,2059,0.8054552131773107,0.38908957364537855,0.4927462506232658,null,null,null,null,null,null,null,null,null,null,null,null,null
ackley,optimized_iso_gpc,random,random,4,57,68,69,762,0.6142576191515356,False,False,False,754,0.5747244318006608,0.8505511363986784,0.6819377523635672,null,null,null,null,null,null,null,null,null,null,null,null,null
ackley,optimized_iso_gpc,random,random,4,58,69,70,1481,1.8582170285756128,False,False,False,1460,0.724010427023984,0.551979145952032,0.5891256159617448,null,null,null,null,null,null,null,null,null,null,null,null,null
ackley,optimized_iso_gpc,random,random,4,59,70,71,2601,2.134804541252919,False,False,False,2561,0.37999037299920246,0.7599807459984049,0.6640594134862643,null,null,null,null,null,null,null,null,null,null,null,null,null
ackley,optimized_iso_gpc,random,random,4,60,71,72,3774,1.840158670533869,False,False,False,3708,0.7998782001558311,0.4002435996883378,0.500571227622394,null,null,null,null,null,null,null,null,null,null,null,null,null
ackley,optimized_iso_gpc,random,random,4,61,72,73,393,0.17673570013857187,True,True,True,387,0.2256291916144164,0.4512583832288328,0.5339408670152973,null,null,null,null,null,null,null,null,null,null,null,null,null
ackley,optimized_iso_gpc,random,random,4,62,73,74,2026,2.8147812268524373,False,False,False,1997,0.1218989788392264,0.2437979576784528,0.3706915767212814,null,null,null,null,null,null,null,null,null,null,null,null,null
ackley,optimized_iso_gpc,random,random,4,63,74,75,1537,0.12929342698384083,True,True,True,1514,0.6379064433108397,0.7241871133783206,0.6546132485998553,null,null,null,null,null,null,null,null,null,null,null,null,null
ackley,optimized_iso_gpc,random,random,4,64,75,76,1322,1.6307684724447906,False,False,False,1301,0.6595695363839695,0.6808609272320609,0.6413205891164812,null,null,null,null,null,null,null,null,null,null,null,null,null
ackley,optimized_iso_gpc,random,random,4,65,76,77,1089,1.0259886420206534,False,False,False,1071,0.2368629923349772,0.4737259846699544,0.5474369066809648,null,null,null,null,null,null,null,null,null,null,null,null,null
ackley,optimized_iso_gpc,random,random,4,66,77,78,412,1.669658030581493,False,False,False,404,0.7121479927571954,0.5757040144856092,0.6002171835433956,null,null,null,null,null,null,null,null,null,null,null,null,null
ackley,optimized_iso_gpc,random,random,4,67,78,79,2254,0.13948373619335364,True,True,True,2216,0.24320092732278908,0.48640185464557817,0.5547415697641734,null,null,null,null,null,null,null,null,null,null,null,null,null
ackley,optimized_iso_gpc,random,random,4,68,79,80,3723,1.067571772726044,False,False,False,3651,0.5654543496686273,0.8690913006627454,0.6845539941473957,null,null,null,null,null,null,null,null,null,null,null,null,null
ackley,optimized_iso_gpc,classifier_margin,classifier_margin,4,1,12,13,1016,1.6589791247578543,False,False,False,1010,0.5000003169193108,0.9999993661613784,0.6931471805597444,null,null,null,null,null,null,null,null,null,null,null,null,null
ackley,optimized_iso_gpc,classifier_margin,classifier_margin,4,2,13,14,848,2.421324835925267,False,False,False,842,0.5000003581442404,0.9999992837115192,0.6931471805596888,null,null,null,null,null,null,null,null,null,null,null,null,null
ackley,optimized_iso_gpc,classifier_margin,classifier_margin,4,3,14,15,3630,1.466657942363268,False,False,False,3617,0.49999998713564175,0.9999999742712835,0.693147180559945,null,null,null,null,null,null,null,null,null,null,null,null,null
ackley,optimized_iso_gpc,classifier_margin,classifier_margin,4,4,15,16,631,2.4791558954637747,False,False,False,626,0.5000004307198579,0.9999991385602842,0.6931471805595742,null,null,null,null,null,null,null,null,null,null,null,null,null
ackley,optimized_iso_gpc,classifier_margin,classifier_margin,4,5,16,17,3438,2.1146209815217674,False,False,False,3425,0.4999994471978087,0.9999988943956174,0.6931471805593341,null,null,null,null,null,null,null,null,null,null,null,null,null
ackley,optimized_iso_gpc,classifier_margin,classifier_margin,4,6,17,18,1283,3.2880874637922872,False,False,False,1274,0.5386554968597608,0.9226890062804785,0.6901557015107674,null,null,null,null,null,null,null,null,null,null,null,null,null
ackley,optimized_iso_gpc,classifier_margin,classifier_margin,4,7,18,19,703,3.591013831327894,False,False,False,697,0.5701065596379493,0.8597868807241014,0.6832848564530423,null,null,null,null,null,null,null,null,null,null,null,null,null
ackley,optimized_iso_gpc,classifier_margin,classifier_margin,4,8,19,20,2080,2.8359571492091824,False,False,False,2065,0.5974836525985836,0.8050326948028328,0.674018775558171,null,null,null,null,null,null,null,null,null,null,null,null,null
ackley,optimized_iso_gpc,classifier_margin,classifier_margin,4,9,20,21,235,2.9608475231854925,False,False,False,233,0.6215236204906489,0.7569527590187022,0.6633133116863134,null,null,null,null,null,null,null,null,null,null,null,null,null
ackley,optimized_iso_gpc,classifier_margin,classifier_margin,4,10,21,22,2652,2.8074569032199967,False,False,False,2635,0.6408957104647186,0.7182085790705628,0.652901093378549,null,null,null,null,null,null,null,null,null,null,null,null,null
ackley,optimized_iso_gpc,classifier_margin,classifier_margin,4,11,22,23,1476,3.1649303650794423,False,False,False,1462,0.6587617151222958,0.6824765697554085,0.6418534105313923,null,null,null,null,null,null,null,null,null,null,null,null,null
ackley,optimized_iso_gpc,classifier_margin,classifier_margin,4,12,23,24,766,2.1815921652617085,False,False,False,758,0.6727569228227139,0.6544861543545721,0.632209011519713,null,null,null,null,null,null,null,null,null,null,null,null,null
ackley,optimized_iso_gpc,classifier_margin,classifier_margin,4,13,24,25,1053,3.086212367441414,False,False,False,1041,0.6883490163090755,0.623301967381849,0.6204152830021005,null,null,null,null,null,null,null,null,null,null,null,null,null
ackley,optimized_iso_gpc,classifier_margin,classifier_margin,4,14,25,26,318,2.2924348309545,False,False,False,314,0.699308483872926,0.601383032254148,0.6114490841304573,null,null,null,null,null,null,null,null,null,null,null,null,null
ackley,optimized_iso_gpc,classifier_margin,classifier_margin,4,15,26,27,3158,2.744592886730773,False,False,False,3136,0.7122355303753807,0.5755289392492386,0.6001378698404871,null,null,null,null,null,null,null,null,null,null,null,null,null
ackley,optimized_iso_gpc,classifier_margin,classifier_margin,4,16,27,28,1180,3.0742963505272005,False,False,False,1166,0.7221708116300078,0.5556583767399843,0.5908913630977977,null,null,null,null,null,null,null,null,null,null,null,null,null
ackley,optimized_iso_gpc,classifier_margin,classifier_margin,4,17,28,29,3826,2.90571671173063,False,False,False,3798,0.731630805120119,0.536738389759762,0.5816300493099489,null,null,null,null,null,null,null,null,null,null,null,null,null
ackley,optimized_iso_gpc,classifier_margin,classifier_margin,4,18,29,30,329,2.9100890832261275,False,False,False,324,0.7398658385648105,0.520268322870379,0.5731971990034604,null,null,null,null,null,null,null,null,null,null,null,null,null
ackley,optimized_iso_gpc,classifier_margin,classifier_margin,4,19,30,31,1670,2.870219882943088,False,False,False,1648,0.7484855919844904,0.5030288160310192,0.5639927842607634,null,null,null,null,null,null,null,null,null,null,null,null,null
ackley,optimized_iso_gpc,classifier_margin,classifier_margin,4,20,31,32,1903,3.0615418244497796,False,False,False,1880,0.7569948321631159,0.48601033567376817,0.5545192375480497,null,null,null,null,null,null,null,null,null,null,null,null,null
ackley,optimized_iso_gpc,classifier_margin,classifier_margin,4,21,32,33,344,2.778979165825575,False,False,False,338,0.7634572399410331,0.4730855201179338,0.5470619653554891,null,null,null,null,null,null,null,null,null,null,null,null,null
ackley,optimized_iso_gpc,classifier_margin,classifier_margin,4,22,33,34,3727,2.654173070707108,False,False,False,3696,0.7716009969998368,0.4567980060003265,0.5373345904944775,null,null,null,null,null,null,null,null,null,null,null,null,null
ackley,optimized_iso_gpc,classifier_margin,classifier_margin,4,23,34,35,1990,3.1331398550022627,False,False,False,1965,0.777142848399194,0.445714303201612,0.5305004496499685,null,null,null,null,null,null,null,null,null,null,null,null,null
ackley,optimized_iso_gpc,classifier_margin,classifier_margin,4,24,35,36,667,3.4728401027606974,False,False,False,657,0.7831538665947164,0.43369226681056716,0.5228871355701706,null,null,null,null,null,null,null,null,null,null,null,null,null
ackley,optimized_iso_gpc,classifier_margin,classifier_margin,4,25,36,37,490,3.250660492613868,False,False,False,482,0.7890677032555686,0.42186459348886274,0.5151892775254385,null,null,null,null,null,null,null,null,null,null,null,null,null
ackley,optimized_iso_gpc,classifier_margin,classifier_margin,4,26,37,38,2368,2.5265620864348293,False,False,False,2339,0.7949866746391763,0.41002665072164746,0.5072743118535579,null,null,null,null,null,null,null,null,null,null,null,null,null
ackley,optimized_iso_gpc,classifier_margin,classifier_margin,4,27,38,39,820,3.2540529718851126,False,False,False,805,0.7993739908520183,0.40125201829596335,0.5012690327984322,null,null,null,null,null,null,null,null,null,null,null,null,null
ackley,optimized_iso_gpc,classifier_margin,classifier_margin,4,28,39,40,2519,2.595315588902439,False,False,False,2488,0.8055338703560437,0.38893225928791253,0.49263447907061364,null,null,null,null,null,null,null,null,null,null,null,null,null
ackley,optimized_iso_gpc,classifier_margin,classifier_margin,4,29,40,41,2152,2.7888705604924677,False,False,False,2122,0.808959858215303,0.38208028356939394,0.4877276708004491,null,null,null,null,null,null,null,null,null,null,null,null,null
ackley,optimized_iso_gpc,classifier_margin,classifier_margin,4,30,41,42,2025,2.987423365529729,False,False,False,1996,0.8140210434946766,0.37195791301064673,0.48033959358798856,null,null,null,null,null,null,null,null,null,null,null,null,null
ackley,optimized_iso_gpc,classifier_margin,classifier_margin,4,31,42,43,2628,2.715465236505052,False,False,False,2594,0.8179050701918413,0.36418985961631734,0.47455530613001723,null,null,null,null,null,null,null,null,null,null,null,null,null
ackley,optimized_iso_gpc,classifier_margin,classifier_margin,4,32,43,44,832,2.7034417390186043,False,False,False,816,0.8218948156743409,0.3562103686513183,0.46850809197110443,null,null,null,null,null,null,null,null,null,null,null,null,null
ackley,optimized_iso_gpc,classifier_margin,classifier_margin,4,33,44,45,238,2.7185722484262556,False,False,False,235,0.8251505762755187,0.3496988474489626,0.46349287809651274,null,null,null,null,null,null,null,null,null,null,null,null,null
ackley,optimized_iso_gpc,classifier_margin,classifier_margin,4,34,45,46,3070,2.4247641932932087,False,False,False,3032,0.8301523840120808,0.3396952319758384,0.4556445064784721,null,null,null,null,null,null,null,null,null,null,null,null,null
ackley,optimized_iso_gpc,classifier_margin,classifier_margin,4,35,46,47,1899,2.891450211519194,False,False,False,1870,0.833430355481255,0.33313928903749,0.4504050238499617,null,null,null,null,null,null,null,null,null,null,null,null,null
ackley,optimized_iso_gpc,classifier_margin,classifier_margin,4,36,47,48,1185,1.8189823696078413,False,False,False,1163,0.836234593064205,0.32753081387159,0.44586136718996094,null,null,null,null,null,null,null,null,null,null,null,null,null
ackley,optimized_iso_gpc,classifier_margin,classifier_margin,4,37,48,49,1417,2.6127760729090923,False,False,False,1391,0.8401255146986841,0.31974897060263174,0.4394616887831409,null,null,null,null,null,null,null,null,null,null,null,null,null
ackley,optimized_iso_gpc,classifier_margin,classifier_margin,4,38,49,50,3951,2.8494907780660412,False,False,False,3902,0.8418436393541242,0.3163127212917516,0.43660002019342825,null,null,null,null,null,null,null,null,null,null,null,null,null
ackley,optimized_iso_gpc,classifier_margin,classifier_margin,4,39,50,51,2053,1.9750309822847338,False,False,False,2018,0.8466041689463282,0.30679166210734365,0.42855455548617083,null,null,null,null,null,null,null,null,null,null,null,null,null
ackley,optimized_iso_gpc,classifier_margin,classifier_margin,4,40,51,52,1983,2.1232631628456744,False,False,False,1950,0.8480604989978247,0.3038790020043507,0.42605864867821625,null,null,null,null,null,null,null,null,null,null,null,null,null
ackley,optimized_iso_gpc,classifier_margin,classifier_margin,4,41,52,53,2331,2.372818204649649,False,False,False,2292,0.8514528943028381,0.2970942113943238,0.4201805956467317,null,null,null,null,null,null,null,null,null,null,null,null,null
ackley,optimized_iso_gpc,classifier_margin,classifier_margin,4,42,53,54,1311,3.321656086844312,False,False,False,1286,0.8544139915768483,0.29117201684630345,0.4149755413895259,null,null,null,null,null,null,null,null,null,null,null,null,null
ackley,optimized_iso_gpc,classifier_margin,classifier_margin,4,43,54,55,45,3.1942880879299977,False,False,False,45,0.856392221293163,0.2872155574136741,0.41145897975785817,null,null,null,null,null,null,null,null,null,null,null,null,null
ackley,optimized_iso_gpc,classifier_margin,classifier_margin,4,44,55,56,3116,1.874282836914892,False,False,False,3069,0.8587237641723959,0.28255247165520814,0.40727347625623306,null,null,null,null,null,null,null,null,null,null,null,null,null
ackley,optimized_iso_gpc,classifier_margin,classifier_margin,4,45,56,57,849,2.862741623886725,False,False,False,829,0.8618988290739935,0.276202341852013,0.401501529401571,null,null,null,null,null,null,null,null,null,null,null,null,null
ackley,optimized_iso_gpc,classifier_margin,classifier_margin,4,46,57,58,3296,2.180872881526751,False,False,False,3246,0.8636652430568574,0.27266951388628513,0.3982538038589891,null,null,null,null,null,null,null,null,null,null,null,null,null
ackley,optimized_iso_gpc,classifier_margin,classifier_margin,4,47,58,59,2207,2.6706947174371116,False,False,False,2165,0.8662133134281476,0.2675733731437049,0.3935221663488315,null,null,null,null,null,null,null,null,null,null,null,null,null
ackley,optimized_iso_gpc,classifier_margin,classifier_margin,4,48,59,60,2532,2.8426053040178427,False,False,False,2486,0.8680198448507781,0.2639603102984438,0.39013363956750946,null,null,null,null,null,null,null,null,null,null,null,null,null
ackley,optimized_iso_gpc,classifier_margin,classifier_margin,4,49,60,61,830,3.1265371885131934,False,False,False,812,0.8705116701797806,0.2589766596404388,0.38541288367228055,null,null,null,null,null,null,null,null,null,null,null,null,null
ackley,optimized_iso_gpc,classifier_margin,classifier_margin,4,50,61,62,3926,3.0239495411042885,False,False,False,3866,0.8725975710966623,0.2548048578066755,0.3814188307656179,null,null,null,null,null,null,null,null,null,null,null,null,null
ackley,optimized_iso_gpc,classifier_margin,classifier_margin,4,51,62,63,3545,2.688925665856285,False,False,False,3489,0.8746282396188008,0.2507435207623985,0.3774929422934197,null,null,null,null,null,null,null,null,null,null,null,null,null
ackley,optimized_iso_gpc,classifier_margin,classifier_margin,4,52,63,64,217,2.626701470976011,False,False,False,214,0.8764288374845819,0.24714232503083622,0.37398040831232904,null,null,null,null,null,null,null,null,null,null,null,null,null
ackley,optimized_iso_gpc,classifier_margin,classifier_margin,4,53,64,65,908,2.1094127005704433,False,False,False,885,0.8779635717827432,0.2440728564345136,0.3709628917795676,null,null,null,null,null,null,null,null,null,null,null,null,null
ackley,optimized_iso_gpc,classifier_margin,classifier_margin,4,54,65,66,3167,2.7642585604122782,False,False,False,3112,0.8800816833634144,0.23983663327317117,0.3667622112775738,null,null,null,null,null,null,null,null,null,null,null,null,null
ackley,optimized_iso_gpc,classifier_margin,classifier_margin,4,55,66,67,3261,2.937703226775902,False,False,False,3205,0.8816859424850918,0.2366281150298164,0.3635523554393892,null,null,null,null,null,null,null,null,null,null,null,null,null
ackley,optimized_iso_gpc,classifier_margin,classifier_margin,4,56,67,68,2849,2.5397449690308225,False,False,False,2797,0.8831595664294127,0.23368086714117453,0.36058214531090915,null,null,null,null,null,null,null,null,null,null,null,null,null
ackley,optimized_iso_gpc,classifier_margin,classifier_margin,4,57,68,69,539,2.8127437137548643,False,False,False,527,0.8850434279088404,0.22991314418231923,0.3567543877201247,null,null,null,null,null,null,null,null,null,null,null,null,null
ackley,optimized_iso_gpc,classifier_margin,classifier_margin,4,58,69,70,3107,2.9463003300581896,False,False,False,3052,0.8869616351311151,0.2260767297377697,0.3528209979863398,null,null,null,null,null,null,null,null,null,null,null,null,null
ackley,optimized_iso_gpc,classifier_margin,classifier_margin,4,59,70,71,2460,2.4280607842645185,False,False,False,2411,0.887729963294646,0.22454007341070792,0.3512352349566068,null,null,null,null,null,null,null,null,null,null,null,null,null
ackley,optimized_iso_gpc,classifier_margin,classifier_margin,4,60,71,72,1341,3.100273919960957,False,False,False,1309,0.8892915261135386,0.22141694777292287,0.3479940136868628,null,null,null,null,null,null,null,null,null,null,null,null,null
ackley,optimized_iso_gpc,classifier_margin,classifier_margin,4,61,72,73,374,2.9376664937532375,False,False,False,364,0.8913209190952784,0.21735816180944312,0.34374469435380384,null,null,null,null,null,null,null,null,null,null,null,null,null
ackley,optimized_iso_gpc,classifier_margin,classifier_margin,4,62,73,74,1926,2.6747283792384486,False,False,False,1884,0.8924784628882207,0.2150430742235585,0.34130193108067625,null,null,null,null,null,null,null,null,null,null,null,null,null
ackley,optimized_iso_gpc,classifier_margin,classifier_margin,4,63,74,75,2280,2.2696764168227936,False,False,False,2230,0.894324548233385,0.21135090353322994,0.3373771923587363,null,null,null,null,null,null,null,null,null,null,null,null,null
ackley,optimized_iso_gpc,classifier_margin,classifier_margin,4,64,75,76,3055,2.781055703730681,False,False,False,2996,0.8957198698032016,0.20856026039359676,0.3343868689643542,null,null,null,null,null,null,null,null,null,null,null,null,null
ackley,optimized_iso_gpc,classifier_margin,classifier_margin,4,65,76,77,3078,2.9531931853806057,False,False,False,3017,0.8966118991177154,0.20677620176456912,0.33246424786643786,null,null,null,null,null,null,null,null,null,null,null,null,null
ackley,optimized_iso_gpc,classifier_margin,classifier_margin,4,66,77,78,1996,3.051767175470104,False,False,False,1951,0.8978426623607447,0.20431467527851055,0.3297974360221553,null,null,null,null,null,null,null,null,null,null,null,null,null
ackley,optimized_iso_gpc,classifier_margin,classifier_margin,4,67,78,79,90,1.5771682351985525,False,False,False,89,0.8991822012191051,0.20163559756178984,0.32687615441120177,null,null,null,null,null,null,null,null,null,null,null,null,null
ackley,optimized_iso_gpc,classifier_margin,classifier_margin,4,68,79,80,1223,2.9092104203088347,False,False,False,1192,0.9009264469725622,0.19814710605487562,0.32304257982713164,null,null,null,null,null,null,null,null,null,null,null,null,null
ackley,optimized_iso_gpc,classifier_entropy,classifier_entropy,4,1,12,13,1016,1.6589791247578543,False,False,False,1010,0.5000003169193108,0.9999993661613784,0.6931471805597444,Binary entropy is monotone-equivalent to classifier margin.,null,null,null,null,null,null,null,null,null,null,null,null
ackley,optimized_iso_gpc,classifier_entropy,classifier_entropy,4,2,13,14,848,2.421324835925267,False,False,False,842,0.5000003581442404,0.9999992837115192,0.6931471805596888,Binary entropy is monotone-equivalent to classifier margin.,null,null,null,null,null,null,null,null,null,null,null,null
ackley,optimized_iso_gpc,classifier_entropy,classifier_entropy,4,3,14,15,3630,1.466657942363268,False,False,False,3617,0.49999998713564175,0.9999999742712835,0.693147180559945,Binary entropy is monotone-equivalent to classifier margin.,null,null,null,null,null,null,null,null,null,null,null,null
ackley,optimized_iso_gpc,classifier_entropy,classifier_entropy,4,4,15,16,631,2.4791558954637747,False,False,False,626,0.5000004307198579,0.9999991385602842,0.6931471805595742,Binary entropy is monotone-equivalent to classifier margin.,null,null,null,null,null,null,null,null,null,null,null,null
ackley,optimized_iso_gpc,classifier_entropy,classifier_entropy,4,5,16,17,3438,2.1146209815217674,False,False,False,3425,0.4999994471978087,0.9999988943956174,0.6931471805593341,Binary entropy is monotone-equivalent to classifier margin.,null,null,null,null,null,null,null,null,null,null,null,null
ackley,optimized_iso_gpc,classifier_entropy,classifier_entropy,4,6,17,18,1283,3.2880874637922872,False,False,False,1274,0.5386554968597608,0.9226890062804785,0.6901557015107674,Binary entropy is monotone-equivalent to classifier margin.,null,null,null,null,null,null,null,null,null,null,null,null
ackley,optimized_iso_gpc,classifier_entropy,classifier_entropy,4,7,18,19,703,3.591013831327894,False,False,False,697,0.5701065596379493,0.8597868807241014,0.6832848564530423,Binary entropy is monotone-equivalent to classifier margin.,null,null,null,null,null,null,null,null,null,null,null,null
ackley,optimized_iso_gpc,classifier_entropy,classifier_entropy,4,8,19,20,2080,2.8359571492091824,False,False,False,2065,0.5974836525985836,0.8050326948028328,0.674018775558171,Binary entropy is monotone-equivalent to classifier margin.,null,null,null,null,null,null,null,null,null,null,null,null
ackley,optimized_iso_gpc,classifier_entropy,classifier_entropy,4,9,20,21,235,2.9608475231854925,False,False,False,233,0.6215236204906489,0.7569527590187022,0.6633133116863134,Binary entropy is monotone-equivalent to classifier margin.,null,null,null,null,null,null,null,null,null,null,null,null
ackley,optimized_iso_gpc,classifier_entropy,classifier_entropy,4,10,21,22,2652,2.8074569032199967,False,False,False,2635,0.6408957104647186,0.7182085790705628,0.652901093378549,Binary entropy is monotone-equivalent to classifier margin.,null,null,null,null,null,null,null,null,null,null,null,null
ackley,optimized_iso_gpc,classifier_entropy,classifier_entropy,4,11,22,23,1476,3.1649303650794423,False,False,False,1462,0.6587617151222958,0.6824765697554085,0.6418534105313923,Binary entropy is monotone-equivalent to classifier margin.,null,null,null,null,null,null,null,null,null,null,null,null
ackley,optimized_iso_gpc,classifier_entropy,classifier_entropy,4,12,23,24,766,2.1815921652617085,False,False,False,758,0.6727569228227139,0.6544861543545721,0.632209011519713,Binary entropy is monotone-equivalent to classifier margin.,null,null,null,null,null,null,null,null,null,null,null,null
ackley,optimized_iso_gpc,classifier_entropy,classifier_entropy,4,13,24,25,1053,3.086212367441414,False,False,False,1041,0.6883490163090755,0.623301967381849,0.6204152830021005,Binary entropy is monotone-equivalent to classifier margin.,null,null,null,null,null,null,null,null,null,null,null,null
ackley,optimized_iso_gpc,classifier_entropy,classifier_entropy,4,14,25,26,318,2.2924348309545,False,False,False,314,0.699308483872926,0.601383032254148,0.6114490841304573,Binary entropy is monotone-equivalent to classifier margin.,null,null,null,null,null,null,null,null,null,null,null,null
ackley,optimized_iso_gpc,classifier_entropy,classifier_entropy,4,15,26,27,3158,2.744592886730773,False,False,False,3136,0.7122355303753807,0.5755289392492386,0.6001378698404871,Binary entropy is monotone-equivalent to classifier margin.,null,null,null,null,null,null,null,null,null,null,null,null
ackley,optimized_iso_gpc,classifier_entropy,classifier_entropy,4,16,27,28,1180,3.0742963505272005,False,False,False,1166,0.7221708116300078,0.5556583767399843,0.5908913630977977,Binary entropy is monotone-equivalent to classifier margin.,null,null,null,null,null,null,null,null,null,null,null,null
ackley,optimized_iso_gpc,classifier_entropy,classifier_entropy,4,17,28,29,3826,2.90571671173063,False,False,False,3798,0.731630805120119,0.536738389759762,0.5816300493099489,Binary entropy is monotone-equivalent to classifier margin.,null,null,null,null,null,null,null,null,null,null,null,null
ackley,optimized_iso_gpc,classifier_entropy,classifier_entropy,4,18,29,30,329,2.9100890832261275,False,False,False,324,0.7398658385648105,0.520268322870379,0.5731971990034604,Binary entropy is monotone-equivalent to classifier margin.,null,null,null,null,null,null,null,null,null,null,null,null
ackley,optimized_iso_gpc,classifier_entropy,classifier_entropy,4,19,30,31,1670,2.870219882943088,False,False,False,1648,0.7484855919844904,0.5030288160310192,0.5639927842607634,Binary entropy is monotone-equivalent to classifier margin.,null,null,null,null,null,null,null,null,null,null,null,null
ackley,optimized_iso_gpc,classifier_entropy,classifier_entropy,4,20,31,32,1903,3.0615418244497796,False,False,False,1880,0.7569948321631159,0.48601033567376817,0.5545192375480497,Binary entropy is monotone-equivalent to classifier margin.,null,null,null,null,null,null,null,null,null,null,null,null
ackley,optimized_iso_gpc,classifier_entropy,classifier_entropy,4,21,32,33,344,2.778979165825575,False,False,False,338,0.7634572399410331,0.4730855201179338,0.5470619653554891,Binary entropy is monotone-equivalent to classifier margin.,null,null,null,null,null,null,null,null,null,null,null,null
ackley,optimized_iso_gpc,classifier_entropy,classifier_entropy,4,22,33,34,3727,2.654173070707108,False,False,False,3696,0.7716009969998368,0.4567980060003265,0.5373345904944775,Binary entropy is monotone-equivalent to classifier margin.,null,null,null,null,null,null,null,null,null,null,null,null
ackley,optimized_iso_gpc,classifier_entropy,classifier_entropy,4,23,34,35,1990,3.1331398550022627,False,False,False,1965,0.777142848399194,0.445714303201612,0.5305004496499685,Binary entropy is monotone-equivalent to classifier margin.,null,null,null,null,null,null,null,null,null,null,null,null
ackley,optimized_iso_gpc,classifier_entropy,classifier_entropy,4,24,35,36,667,3.4728401027606974,False,False,False,657,0.7831538665947164,0.43369226681056716,0.5228871355701706,Binary entropy is monotone-equivalent to classifier margin.,null,null,null,null,null,null,null,null,null,null,null,null
ackley,optimized_iso_gpc,classifier_entropy,classifier_entropy,4,25,36,37,490,3.250660492613868,False,False,False,482,0.7890677032555686,0.42186459348886274,0.5151892775254385,Binary entropy is monotone-equivalent to classifier margin.,null,null,null,null,null,null,null,null,null,null,null,null
ackley,optimized_iso_gpc,classifier_entropy,classifier_entropy,4,26,37,38,2368,2.5265620864348293,False,False,False,2339,0.7949866746391763,0.41002665072164746,0.5072743118535579,Binary entropy is monotone-equivalent to classifier margin.,null,null,null,null,null,null,null,null,null,null,null,null
ackley,optimized_iso_gpc,classifier_entropy,classifier_entropy,4,27,38,39,820,3.2540529718851126,False,False,False,805,0.7993739908520183,0.40125201829596335,0.5012690327984322,Binary entropy is monotone-equivalent to classifier margin.,null,null,null,null,null,null,null,null,null,null,null,null
ackley,optimized_iso_gpc,classifier_entropy,classifier_entropy,4,28,39,40,2519,2.595315588902439,False,False,False,2488,0.8055338703560437,0.38893225928791253,0.49263447907061364,Binary entropy is monotone-equivalent to classifier margin.,null,null,null,null,null,null,null,null,null,null,null,null
ackley,optimized_iso_gpc,classifier_entropy,classifier_entropy,4,29,40,41,2152,2.7888705604924677,False,False,False,2122,0.808959858215303,0.38208028356939394,0.4877276708004491,Binary entropy is monotone-equivalent to classifier margin.,null,null,null,null,null,null,null,null,null,null,null,null
ackley,optimized_iso_gpc,classifier_entropy,classifier_entropy,4,30,41,42,2025,2.987423365529729,False,False,False,1996,0.8140210434946766,0.37195791301064673,0.48033959358798856,Binary entropy is monotone-equivalent to classifier margin.,null,null,null,null,null,null,null,null,null,null,null,null
ackley,optimized_iso_gpc,classifier_entropy,classifier_entropy,4,31,42,43,2628,2.715465236505052,False,False,False,2594,0.8179050701918413,0.36418985961631734,0.47455530613001723,Binary entropy is monotone-equivalent to classifier margin.,null,null,null,null,null,null,null,null,null,null,null,null
ackley,optimized_iso_gpc,classifier_entropy,classifier_entropy,4,32,43,44,832,2.7034417390186043,False,False,False,816,0.8218948156743409,0.3562103686513183,0.46850809197110443,Binary entropy is monotone-equivalent to classifier margin.,null,null,null,null,null,null,null,null,null,null,null,null
ackley,optimized_iso_gpc,classifier_entropy,classifier_entropy,4,33,44,45,238,2.7185722484262556,False,False,False,235,0.8251505762755187,0.3496988474489626,0.46349287809651274,Binary entropy is monotone-equivalent to classifier margin.,null,null,null,null,null,null,null,null,null,null,null,null
ackley,optimized_iso_gpc,classifier_entropy,classifier_entropy,4,34,45,46,3070,2.4247641932932087,False,False,False,3032,0.8301523840120808,0.3396952319758384,0.4556445064784721,Binary entropy is monotone-equivalent to classifier margin.,null,null,null,null,null,null,null,null,null,null,null,null
ackley,optimized_iso_gpc,classifier_entropy,classifier_entropy,4,35,46,47,1899,2.891450211519194,False,False,False,1870,0.833430355481255,0.33313928903749,0.4504050238499617,Binary entropy is monotone-equivalent to classifier margin.,null,null,null,null,null,null,null,null,null,null,null,null
ackley,optimized_iso_gpc,classifier_entropy,classifier_entropy,4,36,47,48,1185,1.8189823696078413,False,False,False,1163,0.836234593064205,0.32753081387159,0.44586136718996094,Binary entropy is monotone-equivalent to classifier margin.,null,null,null,null,null,null,null,null,null,null,null,null
ackley,optimized_iso_gpc,classifier_entropy,classifier_entropy,4,37,48,49,1417,2.6127760729090923,False,False,False,1391,0.8401255146986841,0.31974897060263174,0.4394616887831409,Binary entropy is monotone-equivalent to classifier margin.,null,null,null,null,null,null,null,null,null,null,null,null
ackley,optimized_iso_gpc,classifier_entropy,classifier_entropy,4,38,49,50,3951,2.8494907780660412,False,False,False,3902,0.8418436393541242,0.3163127212917516,0.43660002019342825,Binary entropy is monotone-equivalent to classifier margin.,null,null,null,null,null,null,null,null,null,null,null,null
ackley,optimized_iso_gpc,classifier_entropy,classifier_entropy,4,39,50,51,2053,1.9750309822847338,False,False,False,2018,0.8466041689463282,0.30679166210734365,0.42855455548617083,Binary entropy is monotone-equivalent to classifier margin.,null,null,null,null,null,null,null,null,null,null,null,null
ackley,optimized_iso_gpc,classifier_entropy,classifier_entropy,4,40,51,52,1983,2.1232631628456744,False,False,False,1950,0.8480604989978247,0.3038790020043507,0.42605864867821625,Binary entropy is monotone-equivalent to classifier margin.,null,null,null,null,null,null,null,null,null,null,null,null
ackley,optimized_iso_gpc,classifier_entropy,classifier_entropy,4,41,52,53,2331,2.372818204649649,False,False,False,2292,0.8514528943028381,0.2970942113943238,0.4201805956467317,Binary entropy is monotone-equivalent to classifier margin.,null,null,null,null,null,null,null,null,null,null,null,null
ackley,optimized_iso_gpc,classifier_entropy,classifier_entropy,4,42,53,54,1311,3.321656086844312,False,False,False,1286,0.8544139915768483,0.29117201684630345,0.4149755413895259,Binary entropy is monotone-equivalent to classifier margin.,null,null,null,null,null,null,null,null,null,null,null,null
ackley,optimized_iso_gpc,classifier_entropy,classifier_entropy,4,43,54,55,45,3.1942880879299977,False,False,False,45,0.856392221293163,0.2872155574136741,0.41145897975785817,Binary entropy is monotone-equivalent to classifier margin.,null,null,null,null,null,null,null,null,null,null,null,null
ackley,optimized_iso_gpc,classifier_entropy,classifier_entropy,4,44,55,56,3116,1.874282836914892,False,False,False,3069,0.8587237641723959,0.28255247165520814,0.40727347625623306,Binary entropy is monotone-equivalent to classifier margin.,null,null,null,null,null,null,null,null,null,null,null,null
ackley,optimized_iso_gpc,classifier_entropy,classifier_entropy,4,45,56,57,849,2.862741623886725,False,False,False,829,0.8618988290739935,0.276202341852013,0.401501529401571,Binary entropy is monotone-equivalent to classifier margin.,null,null,null,null,null,null,null,null,null,null,null,null
ackley,optimized_iso_gpc,classifier_entropy,classifier_entropy,4,46,57,58,3296,2.180872881526751,False,False,False,3246,0.8636652430568574,0.27266951388628513,0.3982538038589891,Binary entropy is monotone-equivalent to classifier margin.,null,null,null,null,null,null,null,null,null,null,null,null
ackley,optimized_iso_gpc,classifier_entropy,classifier_entropy,4,47,58,59,2207,2.6706947174371116,False,False,False,2165,0.8662133134281476,0.2675733731437049,0.3935221663488315,Binary entropy is monotone-equivalent to classifier margin.,null,null,null,null,null,null,null,null,null,null,null,null
ackley,optimized_iso_gpc,classifier_entropy,classifier_entropy,4,48,59,60,2532,2.8426053040178427,False,False,False,2486,0.8680198448507781,0.2639603102984438,0.39013363956750946,Binary entropy is monotone-equivalent to classifier margin.,null,null,null,null,null,null,null,null,null,null,null,null
ackley,optimized_iso_gpc,classifier_entropy,classifier_entropy,4,49,60,61,830,3.1265371885131934,False,False,False,812,0.8705116701797806,0.2589766596404388,0.38541288367228055,Binary entropy is monotone-equivalent to classifier margin.,null,null,null,null,null,null,null,null,null,null,null,null
ackley,optimized_iso_gpc,classifier_entropy,classifier_entropy,4,50,61,62,3926,3.0239495411042885,False,False,False,3866,0.8725975710966623,0.2548048578066755,0.3814188307656179,Binary entropy is monotone-equivalent to classifier margin.,null,null,null,null,null,null,null,null,null,null,null,null
ackley,optimized_iso_gpc,classifier_entropy,classifier_entropy,4,51,62,63,3545,2.688925665856285,False,False,False,3489,0.8746282396188008,0.2507435207623985,0.3774929422934197,Binary entropy is monotone-equivalent to classifier margin.,null,null,null,null,null,null,null,null,null,null,null,null
ackley,optimized_iso_gpc,classifier_entropy,classifier_entropy,4,52,63,64,217,2.626701470976011,False,False,False,214,0.8764288374845819,0.24714232503083622,0.37398040831232904,Binary entropy is monotone-equivalent to classifier margin.,null,null,null,null,null,null,null,null,null,null,null,null
ackley,optimized_iso_gpc,classifier_entropy,classifier_entropy,4,53,64,65,908,2.1094127005704433,False,False,False,885,0.8779635717827432,0.2440728564345136,0.3709628917795676,Binary entropy is monotone-equivalent to classifier margin.,null,null,null,null,null,null,null,null,null,null,null,null
ackley,optimized_iso_gpc,classifier_entropy,classifier_entropy,4,54,65,66,3167,2.7642585604122782,False,False,False,3112,0.8800816833634144,0.23983663327317117,0.3667622112775738,Binary entropy is monotone-equivalent to classifier margin.,null,null,null,null,null,null,null,null,null,null,null,null
ackley,optimized_iso_gpc,classifier_entropy,classifier_entropy,4,55,66,67,3261,2.937703226775902,False,False,False,3205,0.8816859424850918,0.2366281150298164,0.3635523554393892,Binary entropy is monotone-equivalent to classifier margin.,null,null,null,null,null,null,null,null,null,null,null,null
ackley,optimized_iso_gpc,classifier_entropy,classifier_entropy,4,56,67,68,2849,2.5397449690308225,False,False,False,2797,0.8831595664294127,0.23368086714117453,0.36058214531090915,Binary entropy is monotone-equivalent to classifier margin.,null,null,null,null,null,null,null,null,null,null,null,null
ackley,optimized_iso_gpc,classifier_entropy,classifier_entropy,4,57,68,69,539,2.8127437137548643,False,False,False,527,0.8850434279088404,0.22991314418231923,0.3567543877201247,Binary entropy is monotone-equivalent to classifier margin.,null,null,null,null,null,null,null,null,null,null,null,null
ackley,optimized_iso_gpc,classifier_entropy,classifier_entropy,4,58,69,70,3107,2.9463003300581896,False,False,False,3052,0.8869616351311151,0.2260767297377697,0.3528209979863398,Binary entropy is monotone-equivalent to classifier margin.,null,null,null,null,null,null,null,null,null,null,null,null
ackley,optimized_iso_gpc,classifier_entropy,classifier_entropy,4,59,70,71,2460,2.4280607842645185,False,False,False,2411,0.887729963294646,0.22454007341070792,0.3512352349566068,Binary entropy is monotone-equivalent to classifier margin.,null,null,null,null,null,null,null,null,null,null,null,null
ackley,optimized_iso_gpc,classifier_entropy,classifier_entropy,4,60,71,72,1341,3.100273919960957,False,False,False,1309,0.8892915261135386,0.22141694777292287,0.3479940136868628,Binary entropy is monotone-equivalent to classifier margin.,null,null,null,null,null,null,null,null,null,null,null,null
ackley,optimized_iso_gpc,classifier_entropy,classifier_entropy,4,61,72,73,374,2.9376664937532375,False,False,False,364,0.8913209190952784,0.21735816180944312,0.34374469435380384,Binary entropy is monotone-equivalent to classifier margin.,null,null,null,null,null,null,null,null,null,null,null,null
ackley,optimized_iso_gpc,classifier_entropy,classifier_entropy,4,62,73,74,1926,2.6747283792384486,False,False,False,1884,0.8924784628882207,0.2150430742235585,0.34130193108067625,Binary entropy is monotone-equivalent to classifier margin.,null,null,null,null,null,null,null,null,null,null,null,null
ackley,optimized_iso_gpc,classifier_entropy,classifier_entropy,4,63,74,75,2280,2.2696764168227936,False,False,False,2230,0.894324548233385,0.21135090353322994,0.3373771923587363,Binary entropy is monotone-equivalent to classifier margin.,null,null,null,null,null,null,null,null,null,null,null,null
ackley,optimized_iso_gpc,classifier_entropy,classifier_entropy,4,64,75,76,3055,2.781055703730681,False,False,False,2996,0.8957198698032016,0.20856026039359676,0.3343868689643542,Binary entropy is monotone-equivalent to classifier margin.,null,null,null,null,null,null,null,null,null,null,null,null
ackley,optimized_iso_gpc,classifier_entropy,classifier_entropy,4,65,76,77,3078,2.9531931853806057,False,False,False,3017,0.8966118991177154,0.20677620176456912,0.33246424786643786,Binary entropy is monotone-equivalent to classifier margin.,null,null,null,null,null,null,null,null,null,null,null,null
ackley,optimized_iso_gpc,classifier_entropy,classifier_entropy,4,66,77,78,1996,3.051767175470104,False,False,False,1951,0.8978426623607447,0.20431467527851055,0.3297974360221553,Binary entropy is monotone-equivalent to classifier margin.,null,null,null,null,null,null,null,null,null,null,null,null
ackley,optimized_iso_gpc,classifier_entropy,classifier_entropy,4,67,78,79,90,1.5771682351985525,False,False,False,89,0.8991822012191051,0.20163559756178984,0.32687615441120177,Binary entropy is monotone-equivalent to classifier margin.,null,null,null,null,null,null,null,null,null,null,null,null
ackley,optimized_iso_gpc,classifier_entropy,classifier_entropy,4,68,79,80,1223,2.9092104203088347,False,False,False,1192,0.9009264469725622,0.19814710605487562,0.32304257982713164,Binary entropy is monotone-equivalent to classifier margin.,null,null,null,null,null,null,null,null,null,null,null,null
ackley,optimized_iso_gpc,classifier_gated_diversity,classifier_gated_diversity,4,1,12,13,466,1.9193828227514391,False,False,False,462,0.4999973744757537,0.9999947489515074,0.6931471805461586,null,0.1,25,399,0.5,9,0.9813345741872963,0.7375903956362325,1.0,0.9906672870936482,null,null,null
ackley,optimized_iso_gpc,classifier_gated_diversity,classifier_gated_diversity,4,2,13,14,3951,2.8494907780660412,False,False,False,3938,0.5000059426295911,0.9999881147408178,0.6931471804893157,null,0.1,25,399,0.5,13,0.9652237280036753,0.7314346047949016,1.0,0.9826118640018376,null,null,null
ackley,optimized_iso_gpc,classifier_gated_diversity,classifier_gated_diversity,4,3,14,15,766,2.1815921652617085,False,False,False,760,0.49999162228454613,0.9999832445690923,0.693147180419573,null,0.1,25,399,0.5,15,0.9564544685105548,0.7234592823196988,1.0,0.9782272342552774,null,null,null
ackley,optimized_iso_gpc,classifier_gated_diversity,classifier_gated_diversity,4,4,15,16,2080,2.8359571492091824,False,False,False,2068,0.5557166685235302,0.8885666629529396,0.6869255727125039,null,0.1,25,399,0.5,0,1.0,0.5319585799339085,0.748963549327043,0.8744817746635215,null,null,null
ackley,optimized_iso_gpc,classifier_gated_diversity,classifier_gated_diversity,4,5,16,17,344,2.778979165825575,False,False,False,341,0.5899959907572168,0.8200080184855665,0.676860005927288,null,0.1,25,399,0.5,2,0.9066404495296918,0.5713340827832861,0.8122324454391401,0.8594364474844159,null,null,null
ackley,optimized_iso_gpc,classifier_gated_diversity,classifier_gated_diversity,4,6,17,18,2035,2.667382030213295,False,False,False,2022,0.6186027169054853,0.7627945661890294,0.6647440225184945,null,0.1,25,399,0.5,11,0.7346560051725477,0.6101981737170735,0.8878723519106548,0.8112641785416013,null,null,null
ackley,optimized_iso_gpc,classifier_gated_diversity,classifier_gated_diversity,4,7,18,19,2652,2.8074569032199967,False,False,False,2637,0.6409057363799491,0.7181885272401018,0.6528952856096801,null,0.1,25,399,0.5,0,1.0,0.596178686319374,0.8632558058207908,0.9316279029103953,null,null,null
ackley,optimized_iso_gpc,classifier_gated_diversity,classifier_gated_diversity,4,8,19,20,832,2.7034417390186043,False,False,False,823,0.6636542571336008,0.6726914857327984,0.6385818241401525,null,0.1,25,399,0.5,13,0.7110705376767844,0.6740565291331296,1.0,0.8555352688383921,null,null,null
ackley,optimized_iso_gpc,classifier_gated_diversity,classifier_gated_diversity,4,9,20,21,2519,2.595315588902439,False,False,False,2503,0.67919435219045,0.6416112956191,0.6274752414098215,null,0.1,25,398,0.5,1,0.9943392205437187,0.4220724511795488,0.6452407437952596,0.8197899821694892,null,null,null
ackley,optimized_iso_gpc,classifier_gated_diversity,classifier_gated_diversity,4,10,21,22,703,3.591013831327894,False,False,False,696,0.6961274066708256,0.6077451866583488,0.6141099220563373,null,0.1,25,398,0.5,1,0.909106594028459,0.4316104677153498,0.6922908814958503,0.8006987377621546,null,null,null
ackley,optimized_iso_gpc,classifier_gated_diversity,classifier_gated_diversity,4,11,22,23,1476,3.1649303650794423,False,False,False,1463,0.708354928019503,0.5832901439609941,0.6036180893376784,null,0.1,25,398,0.5,4,0.821413080409739,0.4311064557878201,0.6757012785985647,0.7485571795041519,null,null,null
ackley,optimized_iso_gpc,classifier_gated_diversity,classifier_gated_diversity,4,12,23,24,3826,2.90571671173063,False,False,False,3804,0.7203915442556763,0.5592169114886474,0.5925831385959661,null,0.1,25,398,0.5,0,1.0,0.5553617212014673,0.9141711452810026,0.9570855726405013,null,null,null
ackley,optimized_iso_gpc,classifier_gated_diversity,classifier_gated_diversity,4,13,24,25,329,2.9100890832261275,False,False,False,326,0.7322536796725103,0.5354926406549794,0.5810043722387247,null,0.1,25,398,0.5,3,0.8414716661298015,0.4438082379406312,0.7421913297825772,0.7918314979561893,null,null,null
ackley,optimized_iso_gpc,classifier_gated_diversity,classifier_gated_diversity,4,14,25,26,1903,3.0615418244497796,False,False,False,1886,0.7423166438057933,0.5153667123884134,0.5706198064588529,null,0.1,25,398,0.5,0,1.0,0.47718162663959846,0.8848894809877731,0.9424447404938865,null,null,null
ackley,optimized_iso_gpc,classifier_gated_diversity,classifier_gated_diversity,4,15,26,27,1990,3.1331398550022627,False,False,False,1972,0.7517756400622488,0.4964487198755023,0.5603759835736417,null,0.1,25,398,0.5,0,1.0,0.3476662177310372,0.6242221972208601,0.8121110986104301,null,null,null
ackley,optimized_iso_gpc,classifier_gated_diversity,classifier_gated_diversity,4,16,27,28,1915,1.7842818269083391,False,False,False,1897,0.7637759170590357,0.4724481658819286,0.546688281151654,null,0.1,25,398,0.5,26,0.6360394253580309,0.45513068369359255,0.8828916102105887,0.7594655177843098,null,null,null
ackley,optimized_iso_gpc,classifier_gated_diversity,classifier_gated_diversity,4,17,28,29,1899,2.891450211519194,False,False,False,1882,0.7694125628387951,0.4611748743224098,0.5399851747238993,null,0.1,25,398,0.5,2,0.9065865930802998,0.3914247709933206,0.7449151722587571,0.8257508826695285,null,null,null
ackley,optimized_iso_gpc,classifier_gated_diversity,classifier_gated_diversity,4,18,29,30,2207,2.6706947174371116,False,False,False,2184,0.778287696803659,0.4434246063926821,0.5290666387803884,null,0.1,25,398,0.5,5,0.8494318109665853,0.40097385428507265,0.8519018289407824,0.8506668199536838,null,null,null
ackley,optimized_iso_gpc,classifier_gated_diversity,classifier_gated_diversity,4,19,30,31,235,2.9608475231854925,False,False,False,233,0.7826369259155399,0.4347261481689202,0.5235501740392339,null,0.1,25,397,0.5,0,1.0,0.31067705604626955,0.5341541603393776,0.7670770801696888,null,null,null
ackley,optimized_iso_gpc,classifier_gated_diversity,classifier_gated_diversity,4,20,31,32,3070,2.4247641932932087,False,False,False,3043,0.7914930557406024,0.4170138885187953,0.5119717528335211,null,0.1,25,397,0.5,1,0.9687980933949006,0.2758985385515227,0.5043209384458345,0.7365595159203675,null,null,null
ackley,optimized_iso_gpc,classifier_gated_diversity,classifier_gated_diversity,4,21,32,33,3078,2.9531931853806057,False,False,False,3050,0.7978525233909295,0.404294953218141,0.503365085289307,null,0.1,25,397,0.5,7,0.9220535859061645,0.2778684835180673,0.5305100863757835,0.726281836140974,null,null,null
ackley,optimized_iso_gpc,classifier_gated_diversity,classifier_gated_diversity,4,22,33,34,2282,1.532239634985137,False,False,False,2257,0.8040172602346729,0.3919654795306542,0.4947826298521808,null,0.1,25,397,0.5,14,0.7762709166091392,0.41299385612772516,0.8070185058708582,0.7916447112399987,null,null,null
ackley,optimized_iso_gpc,classifier_gated_diversity,classifier_gated_diversity,4,23,34,35,1232,2.2467530363900376,False,False,False,1219,0.8105954876386932,0.3788090247226137,0.4853583485387476,null,0.1,25,397,0.5,35,0.5385744562756803,0.4064870026416462,0.8651884408260113,0.7018814485508458,null,null,null
ackley,optimized_iso_gpc,classifier_gated_diversity,classifier_gated_diversity,4,24,35,36,3714,2.751807630809827,False,False,False,3682,0.8151493047273561,0.3697013905452877,0.4786696712410695,null,0.1,25,397,0.5,32,0.48348095107038064,0.40736403899867424,0.8701180080680432,0.6767994795692119,null,null,null
ackley,optimized_iso_gpc,classifier_gated_diversity,classifier_gated_diversity,4,25,36,37,1283,3.2880874637922872,False,False,False,1269,0.8176064227707229,0.36478715445855414,0.47500364040509796,null,0.1,25,397,0.5,0,1.0,0.2078113892221442,0.389217834394864,0.694608917197432,null,null,null
ackley,optimized_iso_gpc,classifier_gated_diversity,classifier_gated_diversity,4,26,37,38,3167,2.7642585604122782,False,False,False,3135,0.8223091143954662,0.35538177120906767,0.4678739439354307,null,0.1,25,397,0.5,2,0.8805916710187008,0.27652871526799055,0.5442688612494707,0.7124302661340858,null,null,null
ackley,optimized_iso_gpc,classifier_gated_diversity,classifier_gated_diversity,4,27,38,39,3296,2.180872881526751,False,False,False,3263,0.8285361517587262,0.3429276964825476,0.45819975458224893,null,0.1,25,397,0.5,9,0.8233766538160752,0.39229705428474726,0.8370878484726131,0.8302322511443441,null,null,null
ackley,optimized_iso_gpc,classifier_gated_diversity,classifier_gated_diversity,4,28,39,40,1180,3.0742963505272005,False,False,False,1167,0.8319807209687724,0.3360385580624552,0.4527315822636527,null,0.1,25,397,0.5,8,0.733289682950078,0.2834186528433928,0.5555356187366557,0.6444126508433669,null,null,null
ackley,optimized_iso_gpc,classifier_gated_diversity,classifier_gated_diversity,4,29,40,41,2053,1.9750309822847338,False,False,False,2027,0.8350415150326853,0.3299169699346294,0.44780146322819325,null,0.1,25,396,0.5,2,0.8304924458019802,0.35747719022670493,0.7773783855883986,0.8039354156951894,null,null,null
ackley,optimized_iso_gpc,classifier_gated_diversity,classifier_gated_diversity,4,30,41,42,1926,2.6747283792384486,False,False,False,1902,0.8412879153198674,0.3174241693602653,0.43752803774225313,null,0.1,25,396,0.5,29,0.5442514918741269,0.37078146730527833,0.839542116544072,0.6918968042090994,null,null,null
ackley,optimized_iso_gpc,classifier_gated_diversity,classifier_gated_diversity,4,31,42,43,1628,2.511100169481855,False,False,False,1607,0.8446588812414575,0.310682237517085,0.43186299902309855,null,0.1,25,396,0.5,44,0.48116839385517557,0.35129911052903473,0.7889498851755251,0.6350591395153503,null,null,null
ackley,optimized_iso_gpc,classifier_gated_diversity,classifier_gated_diversity,4,32,43,44,1670,2.870219882943088,False,False,False,1648,0.8465841289793161,0.30683174204136776,0.42858878644293785,null,0.1,25,396,0.5,6,0.8418668945992555,0.2549073772198968,0.5271437796541221,0.6845053371266887,null,null,null
ackley,optimized_iso_gpc,classifier_gated_diversity,classifier_gated_diversity,4,33,44,45,3261,2.937703226775902,False,False,False,3223,0.8486828031298046,0.3026343937403908,0.42498711126279487,null,0.1,25,396,0.5,2,0.9936655720456997,0.1831443522576683,0.3522817482609657,0.6729736601533327,null,null,null
ackley,optimized_iso_gpc,classifier_gated_diversity,classifier_gated_diversity,4,34,45,46,2460,2.4280607842645185,False,False,False,2427,0.8524041969908467,0.29519160601830663,0.41851599729179645,null,0.1,25,396,0.5,1,0.9752581156507821,0.2001067579280945,0.38787293390274447,0.6815655247767634,null,null,null
ackley,optimized_iso_gpc,classifier_gated_diversity,classifier_gated_diversity,4,35,46,47,3727,2.654173070707108,False,False,False,3684,0.8563203071641965,0.287359385671607,0.4115873716709734,null,0.1,25,396,0.5,3,0.829486765856907,0.2512912762265489,0.522072840942986,0.6757798033999465,null,null,null
ackley,optimized_iso_gpc,classifier_gated_diversity,classifier_gated_diversity,4,36,47,48,389,2.178886020748285,False,False,False,383,0.8617740120960207,0.27645197580795866,0.4017300227536279,null,0.1,25,396,0.5,118,0.3401371312891714,0.40403069213841786,1.0,0.6700685656445857,null,null,null
ackley,optimized_iso_gpc,classifier_gated_diversity,classifier_gated_diversity,4,37,48,49,1417,2.6127760729090923,False,False,False,1398,0.8609262153852342,0.27814756922953165,0.40327856636451914,null,0.1,25,396,0.5,0,1.0,0.15834025619193867,0.2980716056039154,0.6490358028019577,null,null,null
ackley,optimized_iso_gpc,classifier_gated_diversity,classifier_gated_diversity,4,38,49,50,908,2.1094127005704433,False,False,False,894,0.8645660912860649,0.27086781742787025,0.39658732076512027,null,0.1,25,396,0.5,6,0.8454863035332882,0.2775808082264489,0.5987142171032529,0.7221002603182706,null,null,null
ackley,optimized_iso_gpc,classifier_gated_diversity,classifier_gated_diversity,4,39,50,51,1336,1.110962725998574,False,False,False,1317,0.8672106571822269,0.2655786856355462,0.39165494267208295,null,0.1,25,395,0.5,8,0.7149284461246469,0.3013433070291006,0.6635885422172302,0.6892584941709385,null,null,null
ackley,optimized_iso_gpc,classifier_gated_diversity,classifier_gated_diversity,4,40,51,52,1639,2.817097748097444,False,False,False,1613,0.8709599405317476,0.25808011893650473,0.3845578165974862,null,0.1,25,395,0.5,31,0.6333237014173643,0.3277176346585057,0.7271348163146342,0.6802292588659993,null,null,null
ackley,optimized_iso_gpc,classifier_gated_diversity,classifier_gated_diversity,4,41,52,53,2368,2.5265620864348293,False,False,False,2330,0.8705983031875348,0.2588033936249303,0.3852477720095165,null,0.1,25,395,0.5,0,1.0,0.17030208103534059,0.34785796579960576,0.6739289828998029,null,null,null
ackley,optimized_iso_gpc,classifier_gated_diversity,classifier_gated_diversity,4,42,53,54,3158,2.744592886730773,False,False,False,3114,0.8734799017598789,0.25304019648024223,0.3797176091306752,null,0.1,25,395,0.5,0,1.0,0.17987533041298073,0.35155567760694867,0.6757778388034743,null,null,null
ackley,optimized_iso_gpc,classifier_gated_diversity,classifier_gated_diversity,4,43,54,55,3556,1.9202192004568275,False,False,False,3507,0.8766656248632216,0.24666875027355673,0.37351627377176655,null,0.1,25,395,0.5,14,0.6950764057044236,0.2908467823972796,0.6271621170038498,0.6611192613541368,null,null,null
ackley,optimized_iso_gpc,classifier_gated_diversity,classifier_gated_diversity,4,44,55,56,1983,2.1232631628456744,False,False,False,1951,0.8776433220486979,0.24471335590260423,0.37159435768975024,null,0.1,25,395,0.5,1,0.9941754129956595,0.1519217620827252,0.3035724468444841,0.6488739299200718,null,null,null
ackley,optimized_iso_gpc,classifier_gated_diversity,classifier_gated_diversity,4,45,56,57,2587,2.0379917545326496,False,False,False,2545,0.8824273101010931,0.2351453797978138,0.3620606843200098,null,0.1,25,395,0.5,56,0.4840730151095644,0.3674590019732888,0.8125447984200693,0.6483089067648169,null,null,null
ackley,optimized_iso_gpc,classifier_gated_diversity,classifier_gated_diversity,4,46,57,58,3034,2.3429245955926277,False,False,False,2990,0.8844548227527866,0.23109035449442672,0.35795407917507005,null,0.1,25,395,0.5,69,0.5162464148583953,0.3358698064176646,0.7467766494023168,0.631511532130356,null,null,null
ackley,optimized_iso_gpc,classifier_gated_diversity,classifier_gated_diversity,4,47,58,59,2628,2.715465236505052,False,False,False,2585,0.8844408619190745,0.2311182761618511,0.3579824928436959,null,0.1,25,395,0.5,1,0.8110283150671095,0.19399938603079156,0.39986438100480465,0.6054463480359571,null,null,null
ackley,optimized_iso_gpc,classifier_gated_diversity,classifier_gated_diversity,4,48,59,60,2025,2.987423365529729,False,False,False,1991,0.8851431193049848,0.2297137613900304,0.3565508605232429,null,0.1,25,395,0.5,3,0.8521703956345058,0.20143899056041345,0.4814321537131475,0.6668012746738267,null,null,null
ackley,optimized_iso_gpc,classifier_gated_diversity,classifier_gated_diversity,4,49,60,61,2806,2.6531121155202673,False,False,False,2760,0.8896433886832256,0.22071322263354887,0.3472602699707846,null,0.1,25,394,0.5,55,0.5376579711942122,0.30111973915797324,0.6766242625551653,0.6071411168746887,null,null,null
ackley,optimized_iso_gpc,classifier_gated_diversity,classifier_gated_diversity,4,50,61,62,1311,3.321656086844312,False,False,False,1292,0.8893553627971187,0.22128927440576263,0.34786098767896567,null,0.1,25,394,0.5,2,0.9619847998217577,0.19518075072089056,0.3977941284354295,0.6798894641285935,null,null,null
ackley,optimized_iso_gpc,classifier_gated_diversity,classifier_gated_diversity,4,51,62,63,2568,1.172065236736687,False,False,False,2524,0.8931278802140241,0.21374423957195177,0.3399253605333264,null,0.1,25,394,0.5,56,0.5291399768203207,0.3079018960978658,0.6932997254098239,0.6112198511150723,null,null,null
ackley,optimized_iso_gpc,classifier_gated_diversity,classifier_gated_diversity,4,52,63,64,1053,3.086212367441414,False,False,False,1038,0.891948419646269,0.21610316070746194,0.34242220578594057,null,0.1,25,394,0.5,0,1.0,0.0926819586876647,0.15683380231554958,0.5784169011577748,null,null,null
ackley,optimized_iso_gpc,classifier_gated_diversity,classifier_gated_diversity,4,53,64,65,443,2.236113617874093,False,False,False,435,0.8958405412090542,0.20831891758189158,0.3341272814742675,null,0.1,25,394,0.5,39,0.5072110548278427,0.35606270665560236,0.8057945622682647,0.6565028085480538,null,null,null
ackley,optimized_iso_gpc,classifier_gated_diversity,classifier_gated_diversity,4,54,65,66,1341,3.100273919960957,False,False,False,1318,0.8967111214740271,0.2065777570519458,0.33224986124038003,null,0.1,25,394,0.5,16,0.7286878797578522,0.23488193612879782,0.4909161031692479,0.6098019914635501,null,null,null
ackley,optimized_iso_gpc,classifier_gated_diversity,classifier_gated_diversity,4,55,66,67,417,2.4029303285194246,False,False,False,409,0.89936468240046,0.20127063519908006,0.32647667066284514,null,0.1,25,394,0.5,67,0.507501416108539,0.3337828450340735,0.8882782785734382,0.6978898473409887,null,null,null
ackley,optimized_iso_gpc,classifier_gated_diversity,classifier_gated_diversity,4,56,67,68,2516,1.956230779514195,False,False,False,2469,0.9004412981676069,0.19911740366478625,0.3241122588823071,null,0.1,25,394,0.5,42,0.605526361499678,0.3022693729405597,0.7755344481410348,0.6905304048203564,null,null,null
ackley,optimized_iso_gpc,classifier_gated_diversity,classifier_gated_diversity,4,57,68,69,3453,2.5196832080538254,False,False,False,3392,0.9019532272486686,0.1960935455026629,0.32076997560242576,null,0.1,25,394,0.5,42,0.6427326203488322,0.2480235987281969,0.6244286629603559,0.633580641654594,null,null,null
ackley,optimized_iso_gpc,classifier_gated_diversity,classifier_gated_diversity,4,58,69,70,820,3.2540529718851126,False,False,False,805,0.9009813602168606,0.1980372795662788,0.32292133859132854,null,0.1,25,394,0.5,0,1.0,0.10743667884058924,0.19149830048104372,0.5957491502405219,null,null,null
ackley,optimized_iso_gpc,classifier_gated_diversity,classifier_gated_diversity,4,59,70,71,217,2.626701470976011,False,False,False,215,0.9028157062041373,0.19436858759172537,0.31885181615349034,null,0.1,25,393,0.5,3,0.9352167266960727,0.12113130531422456,0.23173964861293486,0.5834781876545038,null,null,null
ackley,optimized_iso_gpc,classifier_gated_diversity,classifier_gated_diversity,4,60,71,72,539,2.8127437137548643,False,False,False,527,0.9050376118912027,0.18992477621759463,0.3138710626173342,null,0.1,25,393,0.5,14,0.7729339596001314,0.2140987763862068,0.44208848764667097,0.6075112236234013,null,null,null
ackley,optimized_iso_gpc,classifier_gated_diversity,classifier_gated_diversity,4,61,72,73,45,3.1942880879299977,False,False,False,45,0.9049470865152216,0.1901058269695568,0.31407510401793215,null,0.1,25,393,0.5,1,0.9961591316374496,0.08700797958625352,0.17141999452971246,0.583789563083581,null,null,null
ackley,optimized_iso_gpc,classifier_gated_diversity,classifier_gated_diversity,4,62,73,74,849,2.862741623886725,False,False,False,829,0.9064958302781179,0.18700833944376427,0.3105710877779668,null,0.1,25,393,0.5,0,1.0,0.12846220188499355,0.28372074379744483,0.6418603718987224,null,null,null
ackley,optimized_iso_gpc,classifier_gated_diversity,classifier_gated_diversity,4,63,74,75,3055,2.781055703730681,False,False,False,2995,0.9081856597035767,0.18362868059284665,0.3067155679979389,null,0.1,25,393,0.5,3,0.870549181246911,0.18309003922203898,0.43487858273541274,0.6527138819911619,null,null,null
ackley,optimized_iso_gpc,classifier_gated_diversity,classifier_gated_diversity,4,64,75,76,3735,2.278617972305417,False,False,False,3663,0.9096391916816629,0.1807216166366743,0.3033718080148071,null,0.1,25,393,0.5,10,0.8752011258281912,0.18383645178602562,0.3843715800566885,0.6297863529424399,null,null,null
ackley,optimized_iso_gpc,classifier_gated_diversity,classifier_gated_diversity,4,65,76,77,1909,1.7976134155761851,False,False,False,1869,0.9134666243850234,0.1730667512299533,0.2944430872813573,null,0.1,25,393,0.5,188,0.21355631683011508,0.4367525348074504,0.965187585449874,0.5893719511399945,null,null,null
ackley,optimized_iso_gpc,classifier_gated_diversity,classifier_gated_diversity,4,66,77,78,2781,2.3077614446010966,False,False,False,2722,0.9146317591514617,0.17073648169707667,0.29168857255434977,null,0.1,25,393,0.5,217,0.20196006253876095,0.3725029438626608,0.9748039237248629,0.5883819931318119,null,null,null
ackley,optimized_iso_gpc,classifier_gated_diversity,classifier_gated_diversity,4,67,78,79,2100,1.5194502761375048,False,False,False,2051,0.915031503919522,0.16993699216095592,0.2907395341647472,null,0.1,25,393,0.5,133,0.2827965136015799,0.3451852651249051,0.8250231314417139,0.5539098225216469,null,null,null
ackley,optimized_iso_gpc,classifier_gated_diversity,classifier_gated_diversity,4,68,79,80,3163,2.022893791464732,False,False,False,3096,0.9143880757175111,0.17122384856497774,0.29226609943493626,null,0.1,25,393,0.5,17,0.7517746476947454,0.24227899330189184,0.5590943396665898,0.6554344936806676,null,null,null
ackley,optimized_iso_gpc,classifier_uncertainty_repulsion,classifier_uncertainty_repulsion,4,1,12,13,1016,1.6589791247578543,False,False,False,1010,0.5000003169193108,0.9999993661613784,0.6931471805597444,null,0.1,25,399,null,0,1.0,null,null,0.9999615130691253,0.15,0.6763384008428026,0.9999615130691253
ackley,optimized_iso_gpc,classifier_uncertainty_repulsion,classifier_uncertainty_repulsion,4,2,13,14,830,3.1265371885131934,False,False,False,824,0.4999995239115517,0.9999990478231034,0.693147180559492,null,0.1,25,399,null,1,0.9992539607527782,null,null,0.9988835333881468,0.15,0.5962422400185352,0.9996292960756921
ackley,optimized_iso_gpc,classifier_uncertainty_repulsion,classifier_uncertainty_repulsion,4,3,14,15,832,2.7034417390186043,False,False,False,825,0.5000015719970705,0.999996856005859,0.6931471805550029,null,0.1,25,399,null,1,0.9977143655748398,null,null,0.9976732450800915,0.15,0.6740565291331296,0.9999587853035226
ackley,optimized_iso_gpc,classifier_uncertainty_repulsion,classifier_uncertainty_repulsion,4,4,15,16,1983,2.1232631628456744,False,False,False,1970,0.5544095105510394,0.8911809788979212,0.6872146499305549,null,0.1,25,399,null,0,1.0,null,null,0.9883464622622851,0.15,0.4476008785192744,0.9883464622622851
ackley,optimized_iso_gpc,classifier_uncertainty_repulsion,classifier_uncertainty_repulsion,4,5,16,17,329,2.9100890832261275,False,False,False,326,0.5899397862401372,0.8201204275197256,0.6768804549646777,null,0.1,25,399,null,0,1.0,null,null,0.9992698776223451,0.15,0.5700907189942809,0.9992698776223451
ackley,optimized_iso_gpc,classifier_uncertainty_repulsion,classifier_uncertainty_repulsion,4,6,17,18,2080,2.8359571492091824,False,False,False,2065,0.6189421177907661,0.7621157644184677,0.664579636741697,null,0.1,25,399,null,0,1.0,null,null,0.9981423497674673,0.15,0.5319585799339085,0.9981423497674673
ackley,optimized_iso_gpc,classifier_uncertainty_repulsion,classifier_uncertainty_repulsion,4,7,18,19,703,3.591013831327894,False,False,False,697,0.6411831947544897,0.7176336104910206,0.6527343874096736,null,0.1,25,399,null,0,1.0,null,null,0.9840727587873902,0.15,0.4316104677153498,0.9840727587873902
ackley,optimized_iso_gpc,classifier_uncertainty_repulsion,classifier_uncertainty_repulsion,4,8,19,20,2652,2.8074569032199967,False,False,False,2635,0.6632040388771543,0.6735919222456914,0.6388873482979252,null,0.1,25,399,null,9,0.7856469751104757,null,null,0.7853552418103606,0.15,0.596178686319374,0.9996286712615752
ackley,optimized_iso_gpc,classifier_uncertainty_repulsion,classifier_uncertainty_repulsion,4,9,20,21,235,2.9608475231854925,False,False,False,233,0.6791365041516428,0.6417269916967143,0.6275186239157622,null,0.1,25,398,null,0,1.0,null,null,0.8829195612855923,0.15,0.31067705604626955,0.8829195612855923
ackley,optimized_iso_gpc,classifier_uncertainty_repulsion,classifier_uncertainty_repulsion,4,10,21,22,1476,3.1649303650794423,False,False,False,1462,0.6961690879103344,0.6076618241793312,0.6140753673621884,null,0.1,25,398,null,9,0.8020462100422137,null,null,0.789147793811931,0.15,0.4311064557878201,0.9839181133595734
ackley,optimized_iso_gpc,classifier_uncertainty_repulsion,classifier_uncertainty_repulsion,4,11,22,23,318,2.2924348309545,False,False,False,314,0.7073329552575842,0.5853340894848316,0.6045224697899784,null,0.1,25,398,null,1,0.9585990814250255,null,null,0.958584834262549,0.15,0.7072836559949387,0.9999851375170783
ackley,optimized_iso_gpc,classifier_uncertainty_repulsion,classifier_uncertainty_repulsion,4,12,23,24,3545,2.688925665856285,False,False,False,3523,0.7226116364736299,0.5547767270527402,0.5904697784505674,null,0.1,25,398,null,17,0.6892739597057446,null,null,0.6607010829245636,0.15,0.3784747558976206,0.9585464148487797
ackley,optimized_iso_gpc,classifier_uncertainty_repulsion,classifier_uncertainty_repulsion,4,13,24,25,2035,2.667382030213295,False,False,False,2016,0.7327064373105259,0.5345871253789483,0.5805483356806382,null,0.1,25,398,null,3,0.898579214838749,null,null,0.842940565761054,0.15,0.3538179687979053,0.9380815312006973
ackley,optimized_iso_gpc,classifier_uncertainty_repulsion,classifier_uncertainty_repulsion,4,14,25,26,3727,2.654173070707108,False,False,False,3703,0.7442219220788502,0.5115561558422996,0.5685944333812376,null,0.1,25,398,null,1,0.9402870891908124,null,null,0.9138770489712051,0.15,0.4009486808926586,0.9719127907601761
ackley,optimized_iso_gpc,classifier_uncertainty_repulsion,classifier_uncertainty_repulsion,4,15,26,27,1283,3.2880874637922872,False,False,False,1270,0.7508634317425731,0.49827313651485383,0.5613845783287712,null,0.1,25,398,null,0,1.0,null,null,0.997914908008978,0.15,0.527050665211743,0.997914908008978
ackley,optimized_iso_gpc,classifier_uncertainty_repulsion,classifier_uncertainty_repulsion,4,16,27,28,3167,2.7642585604122782,False,False,False,3144,0.7627116860516594,0.4745766278966812,0.5479340139458885,null,0.1,25,398,null,5,0.8659063310141917,null,null,0.7076074411505159,0.15,0.27652871526799055,0.8171870510771432
ackley,optimized_iso_gpc,classifier_uncertainty_repulsion,classifier_uncertainty_repulsion,4,17,28,29,3296,2.180872881526751,False,False,False,3272,0.7697710339206196,0.46045793215876074,0.5395528558000541,null,0.1,25,398,null,6,0.8945934165482685,null,null,0.8653271228026838,0.15,0.39229705428474726,0.9672853687449356
ackley,optimized_iso_gpc,classifier_uncertainty_repulsion,classifier_uncertainty_repulsion,4,18,29,30,1915,1.7842818269083391,False,False,False,1896,0.7788186986457504,0.44236260270849925,0.5283990339784693,null,0.1,25,398,null,21,0.6350504765158144,null,null,0.6286874391496436,0.15,0.45513068369359255,0.9899802651891841
ackley,optimized_iso_gpc,classifier_uncertainty_repulsion,classifier_uncertainty_repulsion,4,19,30,31,1899,2.891450211519194,False,False,False,1880,0.7848672116006128,0.4302655767987744,0.5206782992900947,null,0.1,25,397,null,11,0.7480967838919762,null,null,0.72324843719895,0.15,0.3914247709933206,0.9667845829202039
ackley,optimized_iso_gpc,classifier_uncertainty_repulsion,classifier_uncertainty_repulsion,4,20,31,32,2053,1.9750309822847338,False,False,False,2030,0.7922659978752336,0.4154680042495329,0.5109388759072286,null,0.1,25,397,null,24,0.7140797342244473,null,null,0.6723498237080667,0.15,0.35747719022670493,0.9415612731795241
ackley,optimized_iso_gpc,classifier_uncertainty_repulsion,classifier_uncertainty_repulsion,4,21,32,33,3034,2.3429245955926277,False,False,False,3008,0.7978958061048615,0.4042083877902769,0.503305655506713,null,0.1,25,397,null,20,0.6357713003593287,null,null,0.5839405942545249,0.15,0.3358698064176646,0.9184758637649894
ackley,optimized_iso_gpc,classifier_uncertainty_repulsion,classifier_uncertainty_repulsion,4,22,33,34,667,3.4728401027606974,False,False,False,659,0.8043965872169565,0.391206825566087,0.4942467173050765,null,0.1,25,397,null,10,0.6981456435575285,null,null,0.6981346194535034,0.15,0.7053541302541874,0.9999842094495227
ackley,optimized_iso_gpc,classifier_uncertainty_repulsion,classifier_uncertainty_repulsion,4,23,34,35,1232,2.2467530363900376,False,False,False,1218,0.8084931392269255,0.3830137215461491,0.48840056601643556,null,0.1,25,397,null,12,0.6636695981765759,null,null,0.653872995328641,0.15,0.43555561526001396,0.9852387349445403
ackley,optimized_iso_gpc,classifier_uncertainty_repulsion,classifier_uncertainty_repulsion,4,24,35,36,3078,2.9531931853806057,False,False,False,3049,0.8143729922007878,0.3712540155984243,0.47981958387075474,null,0.1,25,397,null,14,0.6906082142053621,null,null,0.5664228860367275,0.15,0.2778684835180673,0.8201797696375122
ackley,optimized_iso_gpc,classifier_uncertainty_repulsion,classifier_uncertainty_repulsion,4,25,36,37,3070,2.4247641932932087,False,False,False,3041,0.8175248672572479,0.36495026548550413,0.47512596884702524,null,0.1,25,397,null,2,0.94211562701712,null,null,0.7094815155559318,0.15,0.25087796017623426,0.7530726539397898
ackley,optimized_iso_gpc,classifier_uncertainty_repulsion,classifier_uncertainty_repulsion,4,26,37,38,1926,2.6747283792384486,False,False,False,1903,0.8255221277895544,0.3489557444208913,0.4629158849493975,null,0.1,25,397,null,41,0.5478648184150036,null,null,0.5220501729117532,0.15,0.37078146730527833,0.9528813593507732
ackley,optimized_iso_gpc,classifier_uncertainty_repulsion,classifier_uncertainty_repulsion,4,27,38,39,2806,2.6531121155202673,False,False,False,2777,0.8284365766440942,0.3431268467118116,0.4583565791762271,null,0.1,25,397,null,28,0.619765951682134,null,null,0.5609585088215164,0.15,0.32554309507655227,0.905113466299648
ackley,optimized_iso_gpc,classifier_uncertainty_repulsion,classifier_uncertainty_repulsion,4,28,39,40,1336,1.110962725998574,False,False,False,1319,0.8327048067263831,0.3345903865472337,0.4515713626793635,null,0.1,25,397,null,11,0.6771882475780472,null,null,0.5871712570718488,0.15,0.3013433070291006,0.867072426569506
ackley,optimized_iso_gpc,classifier_uncertainty_repulsion,classifier_uncertainty_repulsion,4,29,40,41,1670,2.870219882943088,False,False,False,1648,0.8368283680715649,0.3263432638568702,0.444891943837184,null,0.1,25,396,null,12,0.7656792550685683,null,null,0.5849838282355986,0.15,0.2549073772198968,0.7640063699821826
ackley,optimized_iso_gpc,classifier_uncertainty_repulsion,classifier_uncertainty_repulsion,4,30,41,42,2025,2.987423365529729,False,False,False,1998,0.8385801489702089,0.3228397020595821,0.4420168342057002,null,0.1,25,396,null,8,0.9039553765000771,null,null,0.5370683153515959,0.15,0.20143899056041345,0.5941314464337943
ackley,optimized_iso_gpc,classifier_uncertainty_repulsion,classifier_uncertainty_repulsion,4,31,42,43,1903,3.0615418244497796,False,False,False,1879,0.8435803483209838,0.31283930335803234,0.4336848645796497,null,0.1,25,396,null,15,0.7119449769907876,null,null,0.5369552668103433,0.15,0.2512912762265489,0.7542089405278456
ackley,optimized_iso_gpc,classifier_uncertainty_repulsion,classifier_uncertainty_repulsion,4,32,43,44,1837,1.6617373673002156,False,False,False,1814,0.8461588058272582,0.30768238834548356,0.42931456684234803,null,0.1,25,396,null,9,0.7192963782727317,null,null,0.5105957485862116,0.15,0.23596984823248673,0.7098544689079636
ackley,optimized_iso_gpc,classifier_uncertainty_repulsion,classifier_uncertainty_repulsion,4,33,44,45,2331,2.372818204649649,False,False,False,2298,0.8513698019686444,0.29726039606271115,0.4203256510672785,null,0.1,25,396,null,25,0.6720908656900341,null,null,0.4884000585493208,0.15,0.24160149420310117,0.7266875410483099
ackley,optimized_iso_gpc,classifier_uncertainty_repulsion,classifier_uncertainty_repulsion,4,34,45,46,1628,2.511100169481855,False,False,False,1606,0.853742521610684,0.29251495677863204,0.41616199739999604,null,0.1,25,396,null,22,0.5379589626338425,null,null,0.5033083929265285,0.15,0.35129911052903473,0.9355888234714689
ackley,optimized_iso_gpc,classifier_uncertainty_repulsion,classifier_uncertainty_repulsion,4,35,46,47,1032,2.035793622515678,False,False,False,1018,0.8563291285437344,0.2873417429125311,0.41157162468035163,null,0.1,25,396,null,6,0.7824985573174434,null,null,0.514380696276812,0.15,0.21954030079040973,0.6573567343564296
ackley,optimized_iso_gpc,classifier_uncertainty_repulsion,classifier_uncertainty_repulsion,4,36,47,48,908,2.1094127005704433,False,False,False,895,0.8603409232939612,0.27931815341207766,0.4043441274232925,null,0.1,25,396,null,27,0.573967607345097,null,null,0.47038947998522623,0.15,0.2775808082264489,0.8195401168386937
ackley,optimized_iso_gpc,classifier_uncertainty_repulsion,classifier_uncertainty_repulsion,4,37,48,49,1767,2.605332486627706,False,False,False,1741,0.8619906862335256,0.2760186275329488,0.4013332895886796,null,0.1,25,396,null,18,0.6525721643414533,null,null,0.4927130370773817,0.15,0.25159152224373005,0.7550322615654403
ackley,optimized_iso_gpc,classifier_uncertainty_repulsion,classifier_uncertainty_repulsion,4,38,49,50,1990,3.1331398550022627,False,False,False,1957,0.8638298843852681,0.2723402312294638,0.3979497489789705,null,0.1,25,396,null,0,1.0,null,null,0.47815937571043277,0.15,0.17107801578039997,0.47815937571043277
ackley,optimized_iso_gpc,classifier_uncertainty_repulsion,classifier_uncertainty_repulsion,4,39,50,51,2587,2.0379917545326496,False,False,False,2548,0.8682004806258874,0.2635990387482252,0.38979325823929656,null,0.1,25,395,null,20,0.5876532826011577,null,null,0.5584127246728714,0.15,0.3674590019732888,0.9502418198042604
ackley,optimized_iso_gpc,classifier_uncertainty_repulsion,classifier_uncertainty_repulsion,4,40,51,52,2368,2.5265620864348293,False,False,False,2329,0.8689214709692124,0.2621570580615753,0.3884318150820415,null,0.1,25,395,null,1,0.9921632402279352,null,null,0.4713554701267336,0.15,0.17030208103534059,0.475078546569057
ackley,optimized_iso_gpc,classifier_uncertainty_repulsion,classifier_uncertainty_repulsion,4,41,52,53,1639,2.817097748097444,False,False,False,1614,0.8728567582429605,0.254286483514079,0.3809198203296524,null,0.1,25,395,null,28,0.668447949108264,null,null,0.6069921954475989,0.15,0.3277176346585057,0.9080620207711766
ackley,optimized_iso_gpc,classifier_uncertainty_repulsion,classifier_uncertainty_repulsion,4,42,53,54,2863,1.7288313616110909,False,False,False,2819,0.874690383571874,0.250619232856252,0.37737220908817426,null,0.1,25,395,null,23,0.6730547055726128,null,null,0.5214182946816551,0.15,0.25896977542632665,0.7747041813459272
ackley,optimized_iso_gpc,classifier_uncertainty_repulsion,classifier_uncertainty_repulsion,4,43,54,55,1294,2.194147126797498,False,False,False,1275,0.8773976543851632,0.2452046912296737,0.37207811581600764,null,0.1,25,395,null,23,0.5859523174867837,null,null,0.4465754376858084,0.15,0.2542096682468406,0.7621361403624468
ackley,optimized_iso_gpc,classifier_uncertainty_repulsion,classifier_uncertainty_repulsion,4,44,55,56,1341,3.100273919960957,False,False,False,1320,0.878647376806498,0.24270524638700408,0.3696113636453269,null,0.1,25,395,null,9,0.8783624977141905,null,null,0.6205919200197713,0.15,0.23488193612879782,0.7065328058003053
ackley,optimized_iso_gpc,classifier_uncertainty_repulsion,classifier_uncertainty_repulsion,4,45,56,57,344,2.778979165825575,False,False,False,338,0.8806768106093159,0.23864637878136818,0.3655743209628196,null,0.1,25,395,null,9,0.7083080565751374,null,null,0.43701498096445834,0.15,0.2078113892221442,0.6169843430520118
ackley,optimized_iso_gpc,classifier_uncertainty_repulsion,classifier_uncertainty_repulsion,4,46,57,58,1311,3.321656086844312,False,False,False,1290,0.8814267069319612,0.23714658613607753,0.3640727064074668,null,0.1,25,395,null,3,0.8988683273598052,null,null,0.5133574820048675,0.15,0.19518075072089056,0.5711153306655306
ackley,optimized_iso_gpc,classifier_uncertainty_repulsion,classifier_uncertainty_repulsion,4,47,58,59,1185,1.8189823696078413,False,False,False,1168,0.8846875873781528,0.23062482524369443,0.3574800658086919,null,0.1,25,395,null,9,0.6660024118590274,null,null,0.4095223080599216,0.15,0.2072218591941564,0.6148961336593555
ackley,optimized_iso_gpc,classifier_uncertainty_repulsion,classifier_uncertainty_repulsion,4,48,59,60,591,1.846222413417527,False,False,False,582,0.8874180496899271,0.2251639006201458,0.3518797099269542,null,0.1,25,395,null,37,0.5555437481840819,null,null,0.42207118269716837,0.15,0.2533225478791224,0.7597442759041061
ackley,optimized_iso_gpc,classifier_uncertainty_repulsion,classifier_uncertainty_repulsion,4,49,60,61,90,1.5771682351985525,False,False,False,90,0.889444019094185,0.22111196181162995,0.34767617264556316,null,0.1,25,394,null,37,0.5796504258553405,null,null,0.4335404839236714,0.15,0.2490240207602026,0.7479343835276802
ackley,optimized_iso_gpc,classifier_uncertainty_repulsion,classifier_uncertainty_repulsion,4,50,61,62,2453,2.7971035051486393,False,False,False,2405,0.8903863479483789,0.2192273041032422,0.3457068202690089,null,0.1,25,394,null,23,0.6283236120379263,null,null,0.44658197913513104,0.15,0.23626492910054012,0.7107515467812386
ackley,optimized_iso_gpc,classifier_uncertainty_repulsion,classifier_uncertainty_repulsion,4,51,62,63,2883,1.27938982540587,False,False,False,2830,0.8929123854603631,0.21417522907927378,0.340382633641178,null,0.1,25,394,null,45,0.47493541942208006,null,null,0.378117957272967,0.15,0.26751787951831113,0.7961460480944454
ackley,optimized_iso_gpc,classifier_uncertainty_repulsion,classifier_uncertainty_repulsion,4,52,63,64,1180,3.0742963505272005,False,False,False,1161,0.8926968063791492,0.21460638724170167,0.3408395997520196,null,0.1,25,394,null,7,0.7304542343961078,null,null,0.35527661989167714,0.15,0.17315315826246866,0.48637765812309486
ackley,optimized_iso_gpc,classifier_uncertainty_repulsion,classifier_uncertainty_repulsion,4,53,64,65,3735,2.278617972305417,False,False,False,3672,0.8950926788495508,0.2098146423008984,0.33573357053573805,null,0.1,25,394,null,13,0.5872770315176057,null,null,0.40047474929414045,0.15,0.22703538479676952,0.6819179497949339
ackley,optimized_iso_gpc,classifier_uncertainty_repulsion,classifier_uncertainty_repulsion,4,54,65,66,3714,2.751807630809827,False,False,False,3652,0.8977349501742538,0.2045300996514925,0.33003148315407915,null,0.1,25,394,null,43,0.4523593644269567,null,null,0.41848045846505166,0.15,0.34150519075910446,0.9251062128340763
ackley,optimized_iso_gpc,classifier_uncertainty_repulsion,classifier_uncertainty_repulsion,4,55,66,67,2282,1.532239634985137,False,False,False,2235,0.8990218141057085,0.20195637178858306,0.32722696699038334,null,0.1,25,394,null,38,0.5325927296681198,null,null,0.41895426792446355,0.15,0.2636533236853499,0.786631594061622
ackley,optimized_iso_gpc,classifier_uncertainty_repulsion,classifier_uncertainty_repulsion,4,56,67,68,2460,2.4280607842645185,False,False,False,2409,0.898714449621707,0.20257110075658602,0.32789846969182435,null,0.1,25,394,null,12,0.7708233483102394,null,null,0.33827401824889664,0.15,0.16124307184523226,0.4388476542523577
ackley,optimized_iso_gpc,classifier_uncertainty_repulsion,classifier_uncertainty_repulsion,4,57,68,69,389,2.178886020748285,False,False,False,381,0.9015954921457023,0.19680901570859533,0.32156310923892073,null,0.1,25,394,null,35,0.500456653291935,null,null,0.3913205462382346,0.15,0.2617854729313173,0.7819269534417854
ackley,optimized_iso_gpc,classifier_uncertainty_repulsion,classifier_uncertainty_repulsion,4,58,69,70,3826,2.90571671173063,False,False,False,3757,0.9013382594310997,0.19732348113780063,0.3221325274990027,null,0.1,25,394,null,2,0.9740798084738532,null,null,0.3857357492128321,0.15,0.15062589333330312,0.3960001489171472
ackley,optimized_iso_gpc,classifier_uncertainty_repulsion,classifier_uncertainty_repulsion,4,59,70,71,0,2.0874149129470467,False,False,False,0,0.9045605537731944,0.19087889245361112,0.31494526600754413,null,0.1,25,393,null,42,0.4416080838037595,null,null,0.36343284028656764,0.15,0.2791346273722612,0.8229759680940734
ackley,optimized_iso_gpc,classifier_uncertainty_repulsion,classifier_uncertainty_repulsion,4,60,71,72,2519,2.595315588902439,False,False,False,2465,0.9041110503106893,0.19177789937862144,0.3159550115007205,null,0.1,25,393,null,5,0.8436928578816901,null,null,0.3385230134887737,0.15,0.1519217620827252,0.40123963398092954
ackley,optimized_iso_gpc,classifier_uncertainty_repulsion,classifier_uncertainty_repulsion,4,61,72,73,539,2.8127437137548643,False,False,False,528,0.9063923496244115,0.18721530075117698,0.31080608925631403,null,0.1,25,393,null,22,0.6424098958750614,null,null,0.41044223058947954,0.15,0.2140987763862068,0.6389101930479977
ackley,optimized_iso_gpc,classifier_uncertainty_repulsion,classifier_uncertainty_repulsion,4,62,73,74,3055,2.781055703730681,False,False,False,2993,0.9071716492564974,0.1856567014870052,0.3090332105647283,null,0.1,25,393,null,15,0.7487460739986955,null,null,0.3474682584654236,0.15,0.1675367602351125,0.4640668853323817
ackley,optimized_iso_gpc,classifier_uncertainty_repulsion,classifier_uncertainty_repulsion,4,63,74,75,3862,2.2340320341739712,False,False,False,3788,0.9090239824616901,0.18195203507661972,0.3047901745149839,null,0.1,25,393,null,29,0.48342197067434217,null,null,0.3079018285152328,0.15,0.21352078353054513,0.6369214623938788
ackley,optimized_iso_gpc,classifier_uncertainty_repulsion,classifier_uncertainty_repulsion,4,64,75,76,2646,1.5482504884009476,False,False,False,2589,0.910807929565749,0.17838414086850207,0.3006645731957729,null,0.1,25,393,null,46,0.45047031346725486,null,null,0.27294318896468217,0.15,0.20470123229157036,0.6059071614816249
ackley,optimized_iso_gpc,classifier_uncertainty_repulsion,classifier_uncertainty_repulsion,4,65,76,77,3274,2.190125808139756,False,False,False,3207,0.910605916635518,0.17878816672896392,0.30113370729622413,null,0.1,25,393,null,15,0.7290678928633593,null,null,0.3450790274797521,0.15,0.1698584665352598,0.473315353559845
ackley,optimized_iso_gpc,classifier_uncertainty_repulsion,classifier_uncertainty_repulsion,4,66,77,78,3453,2.5196832080538254,False,False,False,3384,0.9132107538258651,0.17357849234826972,0.29504568793072594,null,0.1,25,393,null,57,0.4281242064305297,null,null,0.31900971870637856,0.15,0.2480235987281969,0.7451335708534463
ackley,optimized_iso_gpc,classifier_uncertainty_repulsion,classifier_uncertainty_repulsion,4,67,78,79,3622,2.5349078893151678,False,False,False,3550,0.913997061938403,0.17200587612319396,0.29319121319977937,null,0.1,25,393,null,43,0.45460008607969715,null,null,0.3542974338262206,0.15,0.26077800584818067,0.7793606835439705
ackley,optimized_iso_gpc,classifier_uncertainty_repulsion,classifier_uncertainty_repulsion,4,68,79,80,2051,2.3539279271423172,False,False,False,2003,0.9139483391146541,0.17210332177069176,0.2933063518602831,null,0.1,25,393,null,17,0.6875734088736446,null,null,0.3114201385667345,0.15,0.16475052589375214,0.45292638509230687
ackley,optimized_ard_gpc,random,random,4,1,12,13,2217,1.727344436917246,False,False,False,2207,0.3398851692505218,0.6797703385010436,0.6409592819266463,null,null,null,null,null,null,null,null,null,null,null,null,null
ackley,optimized_ard_gpc,random,random,4,2,13,14,2642,1.0888243990365556,False,False,False,2631,0.2557755542860036,0.5115511085720073,0.5685917380487672,null,null,null,null,null,null,null,null,null,null,null,null,null
ackley,optimized_ard_gpc,random,random,4,3,14,15,3556,1.9202192004568275,False,False,False,3543,0.7519453002846035,0.496109399430793,0.5601879051103515,null,null,null,null,null,null,null,null,null,null,null,null,null
ackley,optimized_ard_gpc,random,random,4,4,15,16,3049,1.1457608981420044,False,False,False,3037,0.7527648431453713,0.4944703137092574,0.5592772185853098,null,null,null,null,null,null,null,null,null,null,null,null,null
ackley,optimized_ard_gpc,random,random,4,5,16,17,3086,0.5970169223876347,False,False,False,3073,0.5000586703311068,0.9998826593377863,0.6931471736755298,null,null,null,null,null,null,null,null,null,null,null,null,null
ackley,optimized_ard_gpc,random,random,4,6,17,18,2760,0.7755542271248856,False,False,False,2748,0.4391706041712098,0.8783412083424196,0.6857283853639713,null,null,null,null,null,null,null,null,null,null,null,null,null
ackley,optimized_ard_gpc,random,random,4,7,18,19,47,1.856164296276857,False,False,False,47,0.4673972354019398,0.9347944708038796,0.6910197910171914,null,null,null,null,null,null,null,null,null,null,null,null,null
ackley,optimized_ard_gpc,random,random,4,8,19,20,2590,1.061809161264577,False,False,False,2578,0.742415283461753,0.515169433076494,0.5705154158914636,null,null,null,null,null,null,null,null,null,null,null,null,null
ackley,optimized_ard_gpc,random,random,4,9,20,21,2247,0.09822668538651058,True,True,True,2235,0.777484175072118,0.44503164985576404,0.5300737643614845,null,null,null,null,null,null,null,null,null,null,null,null,null
ackley,optimized_ard_gpc,random,random,4,10,21,22,813,0.11727212361338601,True,True,True,806,0.8304779685120138,0.33904406297597234,0.4551275229732398,null,null,null,null,null,null,null,null,null,null,null,null,null
ackley,optimized_ard_gpc,random,random,4,11,22,23,3523,2.4557858246268136,False,False,False,3503,0.5001442000081954,0.9997115999836093,0.69314713897266,null,null,null,null,null,null,null,null,null,null,null,null,null
ackley,optimized_ard_gpc,random,random,4,12,23,24,2139,0.45999112975411727,False,False,True,2127,0.46668094438771845,0.9333618887754369,0.6909252154282673,null,null,null,null,null,null,null,null,null,null,null,null,null
ackley,optimized_ard_gpc,random,random,4,13,24,25,2632,1.2454927769048894,False,False,False,2616,0.39555666686374025,0.7911133337274805,0.6711688673448024,null,null,null,null,null,null,null,null,null,null,null,null,null
ackley,optimized_ard_gpc,random,random,4,14,25,26,3176,0.5831615060964346,False,False,True,3155,0.6585971873385006,0.6828056253229988,0.6419615735553011,null,null,null,null,null,null,null,null,null,null,null,null,null
ackley,optimized_ard_gpc,random,random,4,15,26,27,2271,0.6851373924426216,False,False,False,2256,0.4643527940648511,0.9287055881297022,0.6906035766050916,null,null,null,null,null,null,null,null,null,null,null,null,null
ackley,optimized_ard_gpc,random,random,4,16,27,28,2934,1.4950469944316076,False,False,False,2914,0.24280701336761012,0.48561402673522025,0.5542939730872745,null,null,null,null,null,null,null,null,null,null,null,null,null
ackley,optimized_ard_gpc,random,random,4,17,28,29,3858,0.9013563714011958,False,False,False,3830,0.4568409366634967,0.9136818733269934,0.6894171309955149,null,null,null,null,null,null,null,null,null,null,null,null,null
ackley,optimized_ard_gpc,random,random,4,18,29,30,1053,3.086212367441414,False,False,False,1045,0.701772559066228,0.5964548818675439,0.6093549272278885,null,null,null,null,null,null,null,null,null,null,null,null,null
ackley,optimized_ard_gpc,random,random,4,19,30,31,3813,1.1751933022857983,False,False,False,3784,0.5280161924092255,0.943967615181549,0.6915765440136379,null,null,null,null,null,null,null,null,null,null,null,null,null
ackley,optimized_ard_gpc,random,random,4,20,31,32,2996,1.0870438997933434,False,False,False,2974,0.32528333685803545,0.6505666737160709,0.6307879328099697,null,null,null,null,null,null,null,null,null,null,null,null,null
ackley,optimized_ard_gpc,random,random,4,21,32,33,956,1.5769446705747487,False,False,False,948,0.23882952618021136,0.4776590523604227,0.5497269872020325,null,null,null,null,null,null,null,null,null,null,null,null,null
ackley,optimized_ard_gpc,random,random,4,22,33,34,3510,1.020292945007803,False,False,False,3482,0.7170311031134702,0.5659377937730596,0.5957355125008095,null,null,null,null,null,null,null,null,null,null,null,null,null
ackley,optimized_ard_gpc,random,random,4,23,34,35,1074,0.5769744769628655,False,False,True,1064,0.5684685620924768,0.8630628758150465,0.6837417681217104,null,null,null,null,null,null,null,null,null,null,null,null,null
ackley,optimized_ard_gpc,random,random,4,24,35,36,2556,1.9426998120752579,False,False,False,2537,0.5681284869031629,0.8637430261936743,0.6838352590566283,null,null,null,null,null,null,null,null,null,null,null,null,null
ackley,optimized_ard_gpc,random,random,4,25,36,37,2566,1.0248901063516769,False,False,False,2546,0.4290992422855311,0.8581984845710622,0.6830593785194323,null,null,null,null,null,null,null,null,null,null,null,null,null
ackley,optimized_ard_gpc,random,random,4,26,37,38,2862,1.5417986399394898,False,False,False,2837,0.7586976937555505,0.48260461248889897,0.552576426419345,null,null,null,null,null,null,null,null,null,null,null,null,null
ackley,optimized_ard_gpc,random,random,4,27,38,39,3802,1.034620758524376,False,False,False,3766,0.4741753568542464,0.9483507137084928,0.6918127625098658,null,null,null,null,null,null,null,null,null,null,null,null,null
ackley,optimized_ard_gpc,random,random,4,28,39,40,2518,0.17388490280784552,True,True,True,2499,0.1565146640569992,0.3130293281139984,0.43384493694165555,null,null,null,null,null,null,null,null,null,null,null,null,null
ackley,optimized_ard_gpc,random,random,4,29,40,41,1553,1.2465772776580941,False,False,False,1540,0.4133878370965931,0.8267756741931862,0.6780678983421032,null,null,null,null,null,null,null,null,null,null,null,null,null
ackley,optimized_ard_gpc,random,random,4,30,41,42,1961,6.3328389843258694,False,False,False,1945,0.4562049945714506,0.9124099891429012,0.6893062554662706,null,null,null,null,null,null,null,null,null,null,null,null,null
ackley,optimized_ard_gpc,random,random,4,31,42,43,3174,1.8953212685863523,False,False,False,3141,0.18052286128681772,0.36104572257363543,0.4721854008111298,null,null,null,null,null,null,null,null,null,null,null,null,null
ackley,optimized_ard_gpc,random,random,4,32,43,44,860,3.8750645735944094,False,False,False,852,0.2030349311505688,0.4060698623011376,0.5045810560128013,null,null,null,null,null,null,null,null,null,null,null,null,null
ackley,optimized_ard_gpc,random,random,4,33,44,45,3483,0.8553937314028932,False,False,False,3447,0.5927636151162403,0.8144727697675194,0.6758368889773136,null,null,null,null,null,null,null,null,null,null,null,null,null
ackley,optimized_ard_gpc,random,random,4,34,45,46,3852,5.3899725753119,False,False,False,3808,0.06776663388154702,0.13553326776309405,0.2478232299462585,null,null,null,null,null,null,null,null,null,null,null,null,null
ackley,optimized_ard_gpc,random,random,4,35,46,47,1216,1.5074207871809513,False,False,False,1204,0.75565208192711,0.48869583614578005,0.5560400748271053,null,null,null,null,null,null,null,null,null,null,null,null,null
ackley,optimized_ard_gpc,random,random,4,36,47,48,2828,1.3715749168903066,False,False,False,2798,0.49869595239274833,0.9973919047854967,0.6931437794757656,null,null,null,null,null,null,null,null,null,null,null,null,null
ackley,optimized_ard_gpc,random,random,4,37,48,49,2283,0.48838775324912653,False,False,True,2260,0.055795559140619844,0.11159111828123969,0.21523858836805188,null,null,null,null,null,null,null,null,null,null,null,null,null
ackley,optimized_ard_gpc,random,random,4,38,49,50,2907,1.2571249411360625,False,False,False,2874,0.5282996938137643,0.9434006123724714,0.6915445789262656,null,null,null,null,null,null,null,null,null,null,null,null,null
ackley,optimized_ard_gpc,random,random,4,39,50,51,3418,1.7458764687837007,False,False,False,3378,0.8239101993093527,0.35217960138129456,0.4654121755278493,null,null,null,null,null,null,null,null,null,null,null,null,null
ackley,optimized_ard_gpc,random,random,4,40,51,52,2619,0.6560884167547982,False,False,False,2591,0.47422874800686543,0.9484574960137309,0.6918182769353577,null,null,null,null,null,null,null,null,null,null,null,null,null
ackley,optimized_ard_gpc,random,random,4,41,52,53,1281,1.8262792292143715,False,False,False,1268,0.38816545101028055,0.7763309020205611,0.6679203931566441,null,null,null,null,null,null,null,null,null,null,null,null,null
ackley,optimized_ard_gpc,random,random,4,42,53,54,1566,3.083920267173811,False,False,False,1548,0.15935097997999037,0.31870195995998074,0.43859208739828653,null,null,null,null,null,null,null,null,null,null,null,null,null
ackley,optimized_ard_gpc,random,random,4,43,54,55,18,2.2428032065498993,False,False,False,18,0.17960968450290693,0.35921936900581386,0.4708011165166689,null,null,null,null,null,null,null,null,null,null,null,null,null
ackley,optimized_ard_gpc,random,random,4,44,55,56,3459,0.31301116375842497,False,True,True,3414,0.3051641906971554,0.6103283813943108,0.6151766183361789,null,null,null,null,null,null,null,null,null,null,null,null,null
ackley,optimized_ard_gpc,random,random,4,45,56,57,3842,0.5232406050286844,False,False,True,3788,0.638455474608179,0.723089050783642,0.654301685558542,null,null,null,null,null,null,null,null,null,null,null,null,null
ackley,optimized_ard_gpc,random,random,4,46,57,58,60,1.8612078364742999,False,False,False,58,0.8347507697969831,0.3304984604060337,0.44827268355218775,null,null,null,null,null,null,null,null,null,null,null,null,null
ackley,optimized_ard_gpc,random,random,4,47,58,59,1080,0.3096076585933485,False,True,True,1066,0.47247992541679196,0.9449598508335839,0.6916317058404426,null,null,null,null,null,null,null,null,null,null,null,null,null
ackley,optimized_ard_gpc,random,random,4,48,59,60,3310,1.0324943323009101,False,False,False,3264,0.7283227861869364,0.5433544276261273,0.5849199080376635,null,null,null,null,null,null,null,null,null,null,null,null,null
ackley,optimized_ard_gpc,random,random,4,49,60,61,2908,0.11597506831203397,True,True,True,2868,0.5894703204693315,0.8210593590613371,0.6770507519112968,null,null,null,null,null,null,null,null,null,null,null,null,null
ackley,optimized_ard_gpc,random,random,4,50,61,62,2281,2.5679660127183492,False,False,False,2253,0.1986929269301072,0.3973858538602144,0.49858508788291955,null,null,null,null,null,null,null,null,null,null,null,null,null
ackley,optimized_ard_gpc,random,random,4,51,62,63,2313,1.565365643248624,False,False,False,2283,0.4270655729288535,0.854131145857707,0.6824702659792417,null,null,null,null,null,null,null,null,null,null,null,null,null
ackley,optimized_ard_gpc,random,random,4,52,63,64,822,1.4584456230443497,False,False,False,812,0.5379335798532594,0.9241328402934812,0.6902665004287106,null,null,null,null,null,null,null,null,null,null,null,null,null
ackley,optimized_ard_gpc,random,random,4,53,64,65,3665,0.9719256261271294,False,False,False,3607,0.30920236064292794,0.6184047212858559,0.618460969867506,null,null,null,null,null,null,null,null,null,null,null,null,null
ackley,optimized_ard_gpc,random,random,4,54,65,66,1909,1.7976134155761851,False,False,False,1885,0.7099540724957478,0.5800918550085044,0.6021928002252351,null,null,null,null,null,null,null,null,null,null,null,null,null
ackley,optimized_ard_gpc,random,random,4,55,66,67,2787,4.691892098343663,False,False,False,2746,0.021468695254156955,0.04293739050831391,0.10370125714215393,null,null,null,null,null,null,null,null,null,null,null,null,null
ackley,optimized_ard_gpc,random,random,4,56,67,68,2085,1.081012005543526,False,False,False,2059,0.7140760678816491,0.5718478642367018,0.5984615779766119,null,null,null,null,null,null,null,null,null,null,null,null,null
ackley,optimized_ard_gpc,random,random,4,57,68,69,762,0.6142576191515356,False,False,False,754,0.174137052327751,0.348274104655502,0.46238577306935835,null,null,null,null,null,null,null,null,null,null,null,null,null
ackley,optimized_ard_gpc,random,random,4,58,69,70,1481,1.8582170285756128,False,False,False,1460,0.8007826672031797,0.3984346655936406,0.49931550025616056,null,null,null,null,null,null,null,null,null,null,null,null,null
ackley,optimized_ard_gpc,random,random,4,59,70,71,2601,2.134804541252919,False,False,False,2561,0.6437367334343662,0.7125265331312676,0.6512378640425338,null,null,null,null,null,null,null,null,null,null,null,null,null
ackley,optimized_ard_gpc,random,random,4,60,71,72,3774,1.840158670533869,False,False,False,3708,0.7169633407968377,0.5660733184063247,0.5957985053840016,null,null,null,null,null,null,null,null,null,null,null,null,null
ackley,optimized_ard_gpc,random,random,4,61,72,73,393,0.17673570013857187,True,True,True,387,0.4029802513104528,0.8059605026209056,0.674201566160801,null,null,null,null,null,null,null,null,null,null,null,null,null
ackley,optimized_ard_gpc,random,random,4,62,73,74,2026,2.8147812268524373,False,False,False,1997,0.18496680218277106,0.3699336043655421,0.478841908601124,null,null,null,null,null,null,null,null,null,null,null,null,null
ackley,optimized_ard_gpc,random,random,4,63,74,75,1537,0.12929342698384083,True,True,True,1514,0.6544161870003222,0.6911676259993556,0.6446698989712127,null,null,null,null,null,null,null,null,null,null,null,null,null
ackley,optimized_ard_gpc,random,random,4,64,75,76,1322,1.6307684724447906,False,False,False,1301,0.5120199507823386,0.9759600984353227,0.6928581942875642,null,null,null,null,null,null,null,null,null,null,null,null,null
ackley,optimized_ard_gpc,random,random,4,65,76,77,1089,1.0259886420206534,False,False,False,1071,0.25752926250044084,0.5150585250008817,0.5704567064187267,null,null,null,null,null,null,null,null,null,null,null,null,null
ackley,optimized_ard_gpc,random,random,4,66,77,78,412,1.669658030581493,False,False,False,404,0.856769753756339,0.28646049248732197,0.41078426180096916,null,null,null,null,null,null,null,null,null,null,null,null,null
ackley,optimized_ard_gpc,random,random,4,67,78,79,2254,0.13948373619335364,True,True,True,2216,0.4398479082191642,0.8796958164383284,0.6858930745447698,null,null,null,null,null,null,null,null,null,null,null,null,null
ackley,optimized_ard_gpc,random,random,4,68,79,80,3723,1.067571772726044,False,False,False,3651,0.600279102435394,0.7994417951292121,0.672898338409671,null,null,null,null,null,null,null,null,null,null,null,null,null
ackley,optimized_ard_gpc,classifier_margin,classifier_margin,4,1,12,13,2062,0.8676544317929125,False,False,False,2052,0.49999995083519105,0.9999999016703821,0.6931471805599405,null,null,null,null,null,null,null,null,null,null,null,null,null
ackley,optimized_ard_gpc,classifier_margin,classifier_margin,4,2,13,14,2428,1.0973022169334747,False,False,False,2417,0.5000238389951873,0.9999523220096254,0.6931471794233499,null,null,null,null,null,null,null,null,null,null,null,null,null
ackley,optimized_ard_gpc,classifier_margin,classifier_margin,4,3,14,15,1945,1.8956018610681067,False,False,False,1935,0.49998366907709796,0.9999673381541959,0.6931471800265472,null,null,null,null,null,null,null,null,null,null,null,null,null
ackley,optimized_ard_gpc,classifier_margin,classifier_margin,4,4,15,16,1313,1.1060470010510013,False,False,False,1306,0.5000072429109353,0.9999855141781293,0.6931471804550258,null,null,null,null,null,null,null,null,null,null,null,null,null
ackley,optimized_ard_gpc,classifier_margin,classifier_margin,4,5,16,17,2549,0.5466817537895228,False,False,True,2535,0.5001938456312696,0.9996123087374609,0.6931471054076859,null,null,null,null,null,null,null,null,null,null,null,null,null
ackley,optimized_ard_gpc,classifier_margin,classifier_margin,4,6,17,18,365,3.8372503641149596,False,False,False,362,0.5006155006883637,0.9987689986232726,0.6931464228775592,null,null,null,null,null,null,null,null,null,null,null,null,null
ackley,optimized_ard_gpc,classifier_margin,classifier_margin,4,7,18,19,59,0.8236533853975772,False,False,False,59,0.4999441578552125,0.999888315710425,0.693147174323255,null,null,null,null,null,null,null,null,null,null,null,null,null
ackley,optimized_ard_gpc,classifier_margin,classifier_margin,4,8,19,20,3598,1.5966482878525419,False,False,False,3580,0.5001621771931731,0.9996756456136537,0.6931471279570605,null,null,null,null,null,null,null,null,null,null,null,null,null
ackley,optimized_ard_gpc,classifier_margin,classifier_margin,4,9,20,21,1870,1.488953533891161,False,False,False,1857,0.500284984847722,0.999430030304556,0.6931470181272097,null,null,null,null,null,null,null,null,null,null,null,null,null
ackley,optimized_ard_gpc,classifier_margin,classifier_margin,4,10,21,22,2655,1.5094098850661446,False,False,False,2637,0.4998656373924385,0.999731274784877,0.6931471444533241,null,null,null,null,null,null,null,null,null,null,null,null,null
ackley,optimized_ard_gpc,classifier_margin,classifier_margin,4,11,22,23,550,2.234646122186229,False,False,False,544,0.49948144268787287,0.9989628853757457,0.693146642756477,null,null,null,null,null,null,null,null,null,null,null,null,null
ackley,optimized_ard_gpc,classifier_margin,classifier_margin,4,12,23,24,1351,1.099521540104707,False,False,False,1340,0.4998584831214958,0.9997169662429916,0.6931471405058911,null,null,null,null,null,null,null,null,null,null,null,null,null
ackley,optimized_ard_gpc,classifier_margin,classifier_margin,4,13,24,25,1911,0.09520043352021013,True,True,True,1895,0.4999898806811247,0.9999797613622494,0.6931471803551441,null,null,null,null,null,null,null,null,null,null,null,null,null
ackley,optimized_ard_gpc,classifier_margin,classifier_margin,4,14,25,26,1272,0.6745678388042187,False,False,False,1263,0.5000913944690628,0.9998172110618744,0.6931471638540473,null,null,null,null,null,null,null,null,null,null,null,null,null
ackley,optimized_ard_gpc,classifier_margin,classifier_margin,4,15,26,27,2890,1.8556673712515668,False,False,False,2867,0.4999615079148241,0.9999230158296482,0.693147177596664,null,null,null,null,null,null,null,null,null,null,null,null,null
ackley,optimized_ard_gpc,classifier_margin,classifier_margin,4,16,27,28,695,1.6811148803579634,False,False,False,687,0.4996975962139978,0.9993951924279956,0.6931469976638346,null,null,null,null,null,null,null,null,null,null,null,null,null
ackley,optimized_ard_gpc,classifier_margin,classifier_margin,4,17,28,29,2792,2.5716052274558283,False,False,False,2768,0.498722417577389,0.997444835154778,0.6931439161227,null,null,null,null,null,null,null,null,null,null,null,null,null
ackley,optimized_ard_gpc,classifier_margin,classifier_margin,4,18,29,30,2002,0.7447832112000032,False,False,False,1982,0.5001608560737995,0.9996782878524011,0.6931471288105915,null,null,null,null,null,null,null,null,null,null,null,null,null
ackley,optimized_ard_gpc,classifier_margin,classifier_margin,4,19,30,31,2846,0.32022308073087125,False,True,True,2820,0.49989972269928207,0.9997994453985641,0.6931471604488711,null,null,null,null,null,null,null,null,null,null,null,null,null
ackley,optimized_ard_gpc,classifier_margin,classifier_margin,4,20,31,32,3612,1.336622020648198,False,False,False,3582,0.5001661287783428,0.9996677424433145,0.6931471253624024,null,null,null,null,null,null,null,null,null,null,null,null,null
ackley,optimized_ard_gpc,classifier_margin,classifier_margin,4,21,32,33,1930,3.071245152225261,False,False,False,1911,0.500018511397776,0.999962977204448,0.6931471798746016,null,null,null,null,null,null,null,null,null,null,null,null,null
ackley,optimized_ard_gpc,classifier_margin,classifier_margin,4,22,33,34,254,0.7053558159186952,False,False,False,251,0.498542023251364,0.997084046502728,0.6931429291615214,null,null,null,null,null,null,null,null,null,null,null,null,null
ackley,optimized_ard_gpc,classifier_margin,classifier_margin,4,23,34,35,509,1.0507131874111604,False,False,False,502,0.49958167317774216,0.9991633463554843,0.693146830565244,null,null,null,null,null,null,null,null,null,null,null,null,null
ackley,optimized_ard_gpc,classifier_margin,classifier_margin,4,24,35,36,370,0.7312888961527051,False,False,False,364,0.5000554416108192,0.9998891167783617,0.6931471744124009,null,null,null,null,null,null,null,null,null,null,null,null,null
ackley,optimized_ard_gpc,classifier_margin,classifier_margin,4,25,36,37,1494,1.8161438551889741,False,False,False,1476,0.4999968946129792,0.9999937892259584,0.6931471805406584,null,null,null,null,null,null,null,null,null,null,null,null,null
ackley,optimized_ard_gpc,classifier_margin,classifier_margin,4,26,37,38,1417,2.6127760729090923,False,False,False,1399,0.5001763389541025,0.999647322091795,0.6931471183690905,null,null,null,null,null,null,null,null,null,null,null,null,null
ackley,optimized_ard_gpc,classifier_margin,classifier_margin,4,27,38,39,2725,1.4418964075129228,False,False,False,2694,0.4990288033763637,0.9980576067527274,0.6931452941129956,null,null,null,null,null,null,null,null,null,null,null,null,null
ackley,optimized_ard_gpc,classifier_margin,classifier_margin,4,28,39,40,1538,2.117870391916819,False,False,False,1518,0.49984462505900307,0.9996892501180061,0.6931471322771999,null,null,null,null,null,null,null,null,null,null,null,null,null
ackley,optimized_ard_gpc,classifier_margin,classifier_margin,4,29,40,41,125,2.9515597771974225,False,False,False,124,0.49988409987486315,0.9997681997497263,0.693147153694267,null,null,null,null,null,null,null,null,null,null,null,null,null
ackley,optimized_ard_gpc,classifier_margin,classifier_margin,4,30,41,42,123,1.3179577853784874,False,False,False,122,0.4976918142261404,0.9953836284522808,0.6931365250789656,null,null,null,null,null,null,null,null,null,null,null,null,null
ackley,optimized_ard_gpc,classifier_margin,classifier_margin,4,31,42,43,1914,1.1602876406920082,False,False,False,1887,0.5001407289083861,0.9997185421832278,0.6931471409506935,null,null,null,null,null,null,null,null,null,null,null,null,null
ackley,optimized_ard_gpc,classifier_margin,classifier_margin,4,32,43,44,3778,1.9270932300118098,False,False,False,3735,0.5000008019655641,0.9999983960688719,0.6931471805586591,null,null,null,null,null,null,null,null,null,null,null,null,null
ackley,optimized_ard_gpc,classifier_margin,classifier_margin,4,33,44,45,3554,0.2765034359849565,False,True,True,3514,0.5000276509358021,0.9999446981283957,0.6931471790307968,null,null,null,null,null,null,null,null,null,null,null,null,null
ackley,optimized_ard_gpc,classifier_margin,classifier_margin,4,34,45,46,1399,0.44225056107488925,False,False,True,1379,0.5000713661990843,0.9998572676018314,0.6931471703736766,null,null,null,null,null,null,null,null,null,null,null,null,null
ackley,optimized_ard_gpc,classifier_margin,classifier_margin,4,35,46,47,62,0.3603450642260704,False,True,True,61,0.4996728569382496,0.9993457138764992,0.6931469665147644,null,null,null,null,null,null,null,null,null,null,null,null,null
ackley,optimized_ard_gpc,classifier_margin,classifier_margin,4,36,47,48,3863,1.4955226216613156,False,False,False,3816,0.49974704810001336,0.9994940962000267,0.6931470525906124,null,null,null,null,null,null,null,null,null,null,null,null,null
ackley,optimized_ard_gpc,classifier_margin,classifier_margin,4,37,48,49,2325,0.2056878443152943,False,True,True,2291,0.49973832660042194,0.9994766532008439,0.6931470436140029,null,null,null,null,null,null,null,null,null,null,null,null,null
ackley,optimized_ard_gpc,classifier_margin,classifier_margin,4,38,49,50,1651,0.6531976752801469,False,False,False,1624,0.4998649276563012,0.9997298553126024,0.6931471440708687,null,null,null,null,null,null,null,null,null,null,null,null,null
ackley,optimized_ard_gpc,classifier_margin,classifier_margin,4,39,50,51,28,0.19010776304367916,False,True,True,28,0.5000870605887349,0.9998258788225303,0.693147165400853,null,null,null,null,null,null,null,null,null,null,null,null,null
ackley,optimized_ard_gpc,classifier_margin,classifier_margin,4,40,51,52,3689,1.046986760513816,False,False,False,3641,0.4998109020730431,0.9996218041460861,0.6931471090438917,null,null,null,null,null,null,null,null,null,null,null,null,null
ackley,optimized_ard_gpc,classifier_margin,classifier_margin,4,41,52,53,1004,1.8857373847423844,False,False,False,987,0.5001479094007948,0.9997041811984104,0.693147136805563,null,null,null,null,null,null,null,null,null,null,null,null,null
ackley,optimized_ard_gpc,classifier_margin,classifier_margin,4,42,53,54,1097,1.8040736549247622,False,False,False,1079,0.49919489049199295,0.9983897809839859,0.6931458841567453,null,null,null,null,null,null,null,null,null,null,null,null,null
ackley,optimized_ard_gpc,classifier_margin,classifier_margin,4,43,54,55,1624,0.3907329949116001,False,False,True,1594,0.4998183358940256,0.9996366717880512,0.6931471145562491,null,null,null,null,null,null,null,null,null,null,null,null,null
ackley,optimized_ard_gpc,classifier_margin,classifier_margin,4,44,55,56,1118,1.4854169625933356,False,False,False,1099,0.5000162282587083,0.9999675434825834,0.6931471800332325,null,null,null,null,null,null,null,null,null,null,null,null,null
ackley,optimized_ard_gpc,classifier_margin,classifier_margin,4,45,56,57,2160,0.32169251572090296,False,True,True,2120,0.5004764710132317,0.9990470579735367,0.6931467265106237,null,null,null,null,null,null,null,null,null,null,null,null,null
ackley,optimized_ard_gpc,classifier_margin,classifier_margin,4,46,57,58,1726,0.40160451476714165,False,False,True,1693,0.49959434241209144,0.9991886848241829,0.693146851443752,null,null,null,null,null,null,null,null,null,null,null,null,null
ackley,optimized_ard_gpc,classifier_margin,classifier_margin,4,47,58,59,1247,0.4023526018172596,False,False,True,1227,0.49981839969628006,0.9996367993925601,0.6931471146026031,null,null,null,null,null,null,null,null,null,null,null,null,null
ackley,optimized_ard_gpc,classifier_margin,classifier_margin,4,48,59,60,1737,1.706159892418965,False,False,False,1702,0.5002805704815231,0.9994388590369538,0.6931470231203468,null,null,null,null,null,null,null,null,null,null,null,null,null
ackley,optimized_ard_gpc,classifier_margin,classifier_margin,4,49,60,61,2588,1.2716335908381797,False,False,False,2541,0.5000917826774256,0.9998164346451488,0.6931471637118254,null,null,null,null,null,null,null,null,null,null,null,null,null
ackley,optimized_ard_gpc,classifier_margin,classifier_margin,4,50,61,62,3393,0.23885688597942512,False,True,True,3340,0.4999609765727482,0.9999219531454964,0.6931471775142896,null,null,null,null,null,null,null,null,null,null,null,null,null
ackley,optimized_ard_gpc,classifier_margin,classifier_margin,4,51,62,63,909,0.08662631940389431,True,True,True,892,0.4998792841396613,0.9997585682793226,0.6931471514153071,null,null,null,null,null,null,null,null,null,null,null,null,null
ackley,optimized_ard_gpc,classifier_margin,classifier_margin,4,52,63,64,3646,0.15918402863385062,True,True,True,3587,0.4998993750095836,0.9997987500191672,0.6931471603091678,null,null,null,null,null,null,null,null,null,null,null,null,null
ackley,optimized_ard_gpc,classifier_margin,classifier_margin,4,53,64,65,1998,0.1284650195149144,True,True,True,1956,0.4999937359107318,0.9999874718214636,0.6931471804814677,null,null,null,null,null,null,null,null,null,null,null,null,null
ackley,optimized_ard_gpc,classifier_margin,classifier_margin,4,54,65,66,2767,0.5292550647541372,False,False,True,2715,0.5002462680592712,0.9995074638814576,0.6931470592640264,null,null,null,null,null,null,null,null,null,null,null,null,null
ackley,optimized_ard_gpc,classifier_margin,classifier_margin,4,55,66,67,1964,0.015361950753950637,True,True,True,1922,0.500177988095867,0.999644023808266,0.6931471172004193,null,null,null,null,null,null,null,null,null,null,null,null,null
ackley,optimized_ard_gpc,classifier_margin,classifier_margin,4,56,67,68,528,0.8388233492785933,False,False,False,515,0.49996575202597465,0.9999315040519493,0.6931471782140979,null,null,null,null,null,null,null,null,null,null,null,null,null
ackley,optimized_ard_gpc,classifier_margin,classifier_margin,4,57,68,69,3558,0.32479773365998277,False,True,True,3497,0.49979319779255366,0.9995863955851073,0.6931470950256369,null,null,null,null,null,null,null,null,null,null,null,null,null
ackley,optimized_ard_gpc,classifier_margin,classifier_margin,4,58,69,70,384,0.557395291821658,False,False,True,373,0.49998274967554873,0.9999654993510975,0.6931471799647979,null,null,null,null,null,null,null,null,null,null,null,null,null
ackley,optimized_ard_gpc,classifier_margin,classifier_margin,4,59,70,71,1536,0.4225525284215603,False,False,True,1504,0.5002472866660793,0.9995054266678414,0.6931470582585498,null,null,null,null,null,null,null,null,null,null,null,null,null
ackley,optimized_ard_gpc,classifier_margin,classifier_margin,4,60,71,72,2765,0.21636847881917554,False,True,True,2709,0.5000774201674477,0.9998451596651046,0.6931471685721806,null,null,null,null,null,null,null,null,null,null,null,null,null
ackley,optimized_ard_gpc,classifier_margin,classifier_margin,4,61,72,73,3298,0.8741273264388987,False,False,False,3237,0.5000414627071166,0.9999170745857668,0.6931471771216331,null,null,null,null,null,null,null,null,null,null,null,null,null
ackley,optimized_ard_gpc,classifier_margin,classifier_margin,4,62,73,74,3705,0.3721412813332208,False,True,True,3635,0.5003113713505438,0.9993772572989124,0.6931469866556969,null,null,null,null,null,null,null,null,null,null,null,null,null
ackley,optimized_ard_gpc,classifier_margin,classifier_margin,4,63,74,75,2059,0.7514904268447182,False,False,False,2011,0.5001308193141624,0.9997383613716753,0.6931471463325589,null,null,null,null,null,null,null,null,null,null,null,null,null
ackley,optimized_ard_gpc,classifier_margin,classifier_margin,4,64,75,76,608,1.6834060701938913,False,False,False,591,0.4995912477113137,0.9991824954226274,0.693146846403041,null,null,null,null,null,null,null,null,null,null,null,null,null
ackley,optimized_ard_gpc,classifier_margin,classifier_margin,4,65,76,77,3600,0.7283061386518188,False,False,False,3531,0.499971735209092,0.999943470418184,0.6931471789621485,null,null,null,null,null,null,null,null,null,null,null,null,null
ackley,optimized_ard_gpc,classifier_margin,classifier_margin,4,66,77,78,2662,2.00596561581807,False,False,False,2605,0.4998117013695575,0.999623402739115,0.6931471096471952,null,null,null,null,null,null,null,null,null,null,null,null,null
ackley,optimized_ard_gpc,classifier_margin,classifier_margin,4,67,78,79,817,0.3297633699522091,False,True,True,797,0.49994743638418127,0.9998948727683625,0.6931471750340779,null,null,null,null,null,null,null,null,null,null,null,null,null
ackley,optimized_ard_gpc,classifier_margin,classifier_margin,4,68,79,80,1638,0.7470573702212331,False,False,False,1599,0.4999928891089253,0.9999857782178506,0.6931471804588158,null,null,null,null,null,null,null,null,null,null,null,null,null
ackley,optimized_ard_gpc,classifier_entropy,classifier_entropy,4,1,12,13,2062,0.8676544317929125,False,False,False,2052,0.49999995083519105,0.9999999016703821,0.6931471805599405,Binary entropy is monotone-equivalent to classifier margin.,null,null,null,null,null,null,null,null,null,null,null,null
ackley,optimized_ard_gpc,classifier_entropy,classifier_entropy,4,2,13,14,2428,1.0973022169334747,False,False,False,2417,0.5000238389951873,0.9999523220096254,0.6931471794233499,Binary entropy is monotone-equivalent to classifier margin.,null,null,null,null,null,null,null,null,null,null,null,null
ackley,optimized_ard_gpc,classifier_entropy,classifier_entropy,4,3,14,15,1945,1.8956018610681067,False,False,False,1935,0.49998366907709796,0.9999673381541959,0.6931471800265472,Binary entropy is monotone-equivalent to classifier margin.,null,null,null,null,null,null,null,null,null,null,null,null
ackley,optimized_ard_gpc,classifier_entropy,classifier_entropy,4,4,15,16,1313,1.1060470010510013,False,False,False,1306,0.5000072429109353,0.9999855141781293,0.6931471804550258,Binary entropy is monotone-equivalent to classifier margin.,null,null,null,null,null,null,null,null,null,null,null,null
ackley,optimized_ard_gpc,classifier_entropy,classifier_entropy,4,5,16,17,2549,0.5466817537895228,False,False,True,2535,0.5001938456312696,0.9996123087374609,0.6931471054076859,Binary entropy is monotone-equivalent to classifier margin.,null,null,null,null,null,null,null,null,null,null,null,null
ackley,optimized_ard_gpc,classifier_entropy,classifier_entropy,4,6,17,18,365,3.8372503641149596,False,False,False,362,0.5006155006883637,0.9987689986232726,0.6931464228775592,Binary entropy is monotone-equivalent to classifier margin.,null,null,null,null,null,null,null,null,null,null,null,null
ackley,optimized_ard_gpc,classifier_entropy,classifier_entropy,4,7,18,19,59,0.8236533853975772,False,False,False,59,0.4999441578552125,0.999888315710425,0.693147174323255,Binary entropy is monotone-equivalent to classifier margin.,null,null,null,null,null,null,null,null,null,null,null,null
ackley,optimized_ard_gpc,classifier_entropy,classifier_entropy,4,8,19,20,3598,1.5966482878525419,False,False,False,3580,0.5001621771931731,0.9996756456136537,0.6931471279570605,Binary entropy is monotone-equivalent to classifier margin.,null,null,null,null,null,null,null,null,null,null,null,null
ackley,optimized_ard_gpc,classifier_entropy,classifier_entropy,4,9,20,21,1870,1.488953533891161,False,False,False,1857,0.500284984847722,0.999430030304556,0.6931470181272097,Binary entropy is monotone-equivalent to classifier margin.,null,null,null,null,null,null,null,null,null,null,null,null
ackley,optimized_ard_gpc,classifier_entropy,classifier_entropy,4,10,21,22,2655,1.5094098850661446,False,False,False,2637,0.4998656373924385,0.999731274784877,0.6931471444533241,Binary entropy is monotone-equivalent to classifier margin.,null,null,null,null,null,null,null,null,null,null,null,null
ackley,optimized_ard_gpc,classifier_entropy,classifier_entropy,4,11,22,23,550,2.234646122186229,False,False,False,544,0.49948144268787287,0.9989628853757457,0.693146642756477,Binary entropy is monotone-equivalent to classifier margin.,null,null,null,null,null,null,null,null,null,null,null,null
ackley,optimized_ard_gpc,classifier_entropy,classifier_entropy,4,12,23,24,1351,1.099521540104707,False,False,False,1340,0.4998584831214958,0.9997169662429916,0.6931471405058911,Binary entropy is monotone-equivalent to classifier margin.,null,null,null,null,null,null,null,null,null,null,null,null
ackley,optimized_ard_gpc,classifier_entropy,classifier_entropy,4,13,24,25,1911,0.09520043352021013,True,True,True,1895,0.4999898806811247,0.9999797613622494,0.6931471803551441,Binary entropy is monotone-equivalent to classifier margin.,null,null,null,null,null,null,null,null,null,null,null,null
ackley,optimized_ard_gpc,classifier_entropy,classifier_entropy,4,14,25,26,1272,0.6745678388042187,False,False,False,1263,0.5000913944690628,0.9998172110618744,0.6931471638540473,Binary entropy is monotone-equivalent to classifier margin.,null,null,null,null,null,null,null,null,null,null,null,null
ackley,optimized_ard_gpc,classifier_entropy,classifier_entropy,4,15,26,27,2890,1.8556673712515668,False,False,False,2867,0.4999615079148241,0.9999230158296482,0.693147177596664,Binary entropy is monotone-equivalent to classifier margin.,null,null,null,null,null,null,null,null,null,null,null,null
ackley,optimized_ard_gpc,classifier_entropy,classifier_entropy,4,16,27,28,695,1.6811148803579634,False,False,False,687,0.4996975962139978,0.9993951924279956,0.6931469976638346,Binary entropy is monotone-equivalent to classifier margin.,null,null,null,null,null,null,null,null,null,null,null,null
ackley,optimized_ard_gpc,classifier_entropy,classifier_entropy,4,17,28,29,2792,2.5716052274558283,False,False,False,2768,0.498722417577389,0.997444835154778,0.6931439161227,Binary entropy is monotone-equivalent to classifier margin.,null,null,null,null,null,null,null,null,null,null,null,null
ackley,optimized_ard_gpc,classifier_entropy,classifier_entropy,4,18,29,30,2002,0.7447832112000032,False,False,False,1982,0.5001608560737995,0.9996782878524011,0.6931471288105915,Binary entropy is monotone-equivalent to classifier margin.,null,null,null,null,null,null,null,null,null,null,null,null
ackley,optimized_ard_gpc,classifier_entropy,classifier_entropy,4,19,30,31,2846,0.32022308073087125,False,True,True,2820,0.49989972269928207,0.9997994453985641,0.6931471604488711,Binary entropy is monotone-equivalent to classifier margin.,null,null,null,null,null,null,null,null,null,null,null,null
ackley,optimized_ard_gpc,classifier_entropy,classifier_entropy,4,20,31,32,3612,1.336622020648198,False,False,False,3582,0.5001661287783428,0.9996677424433145,0.6931471253624024,Binary entropy is monotone-equivalent to classifier margin.,null,null,null,null,null,null,null,null,null,null,null,null
ackley,optimized_ard_gpc,classifier_entropy,classifier_entropy,4,21,32,33,1930,3.071245152225261,False,False,False,1911,0.500018511397776,0.999962977204448,0.6931471798746016,Binary entropy is monotone-equivalent to classifier margin.,null,null,null,null,null,null,null,null,null,null,null,null
ackley,optimized_ard_gpc,classifier_entropy,classifier_entropy,4,22,33,34,254,0.7053558159186952,False,False,False,251,0.498542023251364,0.997084046502728,0.6931429291615214,Binary entropy is monotone-equivalent to classifier margin.,null,null,null,null,null,null,null,null,null,null,null,null
ackley,optimized_ard_gpc,classifier_entropy,classifier_entropy,4,23,34,35,509,1.0507131874111604,False,False,False,502,0.49958167317774216,0.9991633463554843,0.693146830565244,Binary entropy is monotone-equivalent to classifier margin.,null,null,null,null,null,null,null,null,null,null,null,null
ackley,optimized_ard_gpc,classifier_entropy,classifier_entropy,4,24,35,36,370,0.7312888961527051,False,False,False,364,0.5000554416108192,0.9998891167783617,0.6931471744124009,Binary entropy is monotone-equivalent to classifier margin.,null,null,null,null,null,null,null,null,null,null,null,null
ackley,optimized_ard_gpc,classifier_entropy,classifier_entropy,4,25,36,37,1494,1.8161438551889741,False,False,False,1476,0.4999968946129792,0.9999937892259584,0.6931471805406584,Binary entropy is monotone-equivalent to classifier margin.,null,null,null,null,null,null,null,null,null,null,null,null
ackley,optimized_ard_gpc,classifier_entropy,classifier_entropy,4,26,37,38,1417,2.6127760729090923,False,False,False,1399,0.5001763389541025,0.999647322091795,0.6931471183690905,Binary entropy is monotone-equivalent to classifier margin.,null,null,null,null,null,null,null,null,null,null,null,null
ackley,optimized_ard_gpc,classifier_entropy,classifier_entropy,4,27,38,39,2725,1.4418964075129228,False,False,False,2694,0.4990288033763637,0.9980576067527274,0.6931452941129956,Binary entropy is monotone-equivalent to classifier margin.,null,null,null,null,null,null,null,null,null,null,null,null
ackley,optimized_ard_gpc,classifier_entropy,classifier_entropy,4,28,39,40,1538,2.117870391916819,False,False,False,1518,0.49984462505900307,0.9996892501180061,0.6931471322771999,Binary entropy is monotone-equivalent to classifier margin.,null,null,null,null,null,null,null,null,null,null,null,null
ackley,optimized_ard_gpc,classifier_entropy,classifier_entropy,4,29,40,41,125,2.9515597771974225,False,False,False,124,0.49988409987486315,0.9997681997497263,0.693147153694267,Binary entropy is monotone-equivalent to classifier margin.,null,null,null,null,null,null,null,null,null,null,null,null
ackley,optimized_ard_gpc,classifier_entropy,classifier_entropy,4,30,41,42,123,1.3179577853784874,False,False,False,122,0.4976918142261404,0.9953836284522808,0.6931365250789656,Binary entropy is monotone-equivalent to classifier margin.,null,null,null,null,null,null,null,null,null,null,null,null
ackley,optimized_ard_gpc,classifier_entropy,classifier_entropy,4,31,42,43,1914,1.1602876406920082,False,False,False,1887,0.5001407289083861,0.9997185421832278,0.6931471409506935,Binary entropy is monotone-equivalent to classifier margin.,null,null,null,null,null,null,null,null,null,null,null,null
ackley,optimized_ard_gpc,classifier_entropy,classifier_entropy,4,32,43,44,3778,1.9270932300118098,False,False,False,3735,0.5000008019655641,0.9999983960688719,0.6931471805586591,Binary entropy is monotone-equivalent to classifier margin.,null,null,null,null,null,null,null,null,null,null,null,null
ackley,optimized_ard_gpc,classifier_entropy,classifier_entropy,4,33,44,45,3554,0.2765034359849565,False,True,True,3514,0.5000276509358021,0.9999446981283957,0.6931471790307968,Binary entropy is monotone-equivalent to classifier margin.,null,null,null,null,null,null,null,null,null,null,null,null
ackley,optimized_ard_gpc,classifier_entropy,classifier_entropy,4,34,45,46,1399,0.44225056107488925,False,False,True,1379,0.5000713661990843,0.9998572676018314,0.6931471703736766,Binary entropy is monotone-equivalent to classifier margin.,null,null,null,null,null,null,null,null,null,null,null,null
ackley,optimized_ard_gpc,classifier_entropy,classifier_entropy,4,35,46,47,62,0.3603450642260704,False,True,True,61,0.4996728569382496,0.9993457138764992,0.6931469665147644,Binary entropy is monotone-equivalent to classifier margin.,null,null,null,null,null,null,null,null,null,null,null,null
ackley,optimized_ard_gpc,classifier_entropy,classifier_entropy,4,36,47,48,3863,1.4955226216613156,False,False,False,3816,0.49974704810001336,0.9994940962000267,0.6931470525906124,Binary entropy is monotone-equivalent to classifier margin.,null,null,null,null,null,null,null,null,null,null,null,null
ackley,optimized_ard_gpc,classifier_entropy,classifier_entropy,4,37,48,49,2325,0.2056878443152943,False,True,True,2291,0.49973832660042194,0.9994766532008439,0.6931470436140029,Binary entropy is monotone-equivalent to classifier margin.,null,null,null,null,null,null,null,null,null,null,null,null
ackley,optimized_ard_gpc,classifier_entropy,classifier_entropy,4,38,49,50,1651,0.6531976752801469,False,False,False,1624,0.4998649276563012,0.9997298553126024,0.6931471440708687,Binary entropy is monotone-equivalent to classifier margin.,null,null,null,null,null,null,null,null,null,null,null,null
ackley,optimized_ard_gpc,classifier_entropy,classifier_entropy,4,39,50,51,28,0.19010776304367916,False,True,True,28,0.5000870605887349,0.9998258788225303,0.693147165400853,Binary entropy is monotone-equivalent to classifier margin.,null,null,null,null,null,null,null,null,null,null,null,null
ackley,optimized_ard_gpc,classifier_entropy,classifier_entropy,4,40,51,52,3689,1.046986760513816,False,False,False,3641,0.4998109020730431,0.9996218041460861,0.6931471090438917,Binary entropy is monotone-equivalent to classifier margin.,null,null,null,null,null,null,null,null,null,null,null,null
ackley,optimized_ard_gpc,classifier_entropy,classifier_entropy,4,41,52,53,1004,1.8857373847423844,False,False,False,987,0.5001479094007948,0.9997041811984104,0.693147136805563,Binary entropy is monotone-equivalent to classifier margin.,null,null,null,null,null,null,null,null,null,null,null,null
ackley,optimized_ard_gpc,classifier_entropy,classifier_entropy,4,42,53,54,1097,1.8040736549247622,False,False,False,1079,0.49919489049199295,0.9983897809839859,0.6931458841567453,Binary entropy is monotone-equivalent to classifier margin.,null,null,null,null,null,null,null,null,null,null,null,null
ackley,optimized_ard_gpc,classifier_entropy,classifier_entropy,4,43,54,55,1624,0.3907329949116001,False,False,True,1594,0.4998183358940256,0.9996366717880512,0.6931471145562491,Binary entropy is monotone-equivalent to classifier margin.,null,null,null,null,null,null,null,null,null,null,null,null
ackley,optimized_ard_gpc,classifier_entropy,classifier_entropy,4,44,55,56,1118,1.4854169625933356,False,False,False,1099,0.5000162282587083,0.9999675434825834,0.6931471800332325,Binary entropy is monotone-equivalent to classifier margin.,null,null,null,null,null,null,null,null,null,null,null,null
ackley,optimized_ard_gpc,classifier_entropy,classifier_entropy,4,45,56,57,2160,0.32169251572090296,False,True,True,2120,0.5004764710132317,0.9990470579735367,0.6931467265106237,Binary entropy is monotone-equivalent to classifier margin.,null,null,null,null,null,null,null,null,null,null,null,null
ackley,optimized_ard_gpc,classifier_entropy,classifier_entropy,4,46,57,58,1726,0.40160451476714165,False,False,True,1693,0.49959434241209144,0.9991886848241829,0.693146851443752,Binary entropy is monotone-equivalent to classifier margin.,null,null,null,null,null,null,null,null,null,null,null,null
ackley,optimized_ard_gpc,classifier_entropy,classifier_entropy,4,47,58,59,1247,0.4023526018172596,False,False,True,1227,0.49981839969628006,0.9996367993925601,0.6931471146026031,Binary entropy is monotone-equivalent to classifier margin.,null,null,null,null,null,null,null,null,null,null,null,null
ackley,optimized_ard_gpc,classifier_entropy,classifier_entropy,4,48,59,60,1737,1.706159892418965,False,False,False,1702,0.5002805704815231,0.9994388590369538,0.6931470231203468,Binary entropy is monotone-equivalent to classifier margin.,null,null,null,null,null,null,null,null,null,null,null,null
ackley,optimized_ard_gpc,classifier_entropy,classifier_entropy,4,49,60,61,2588,1.2716335908381797,False,False,False,2541,0.5000917826774256,0.9998164346451488,0.6931471637118254,Binary entropy is monotone-equivalent to classifier margin.,null,null,null,null,null,null,null,null,null,null,null,null
ackley,optimized_ard_gpc,classifier_entropy,classifier_entropy,4,50,61,62,3393,0.23885688597942512,False,True,True,3340,0.4999609765727482,0.9999219531454964,0.6931471775142896,Binary entropy is monotone-equivalent to classifier margin.,null,null,null,null,null,null,null,null,null,null,null,null
ackley,optimized_ard_gpc,classifier_entropy,classifier_entropy,4,51,62,63,909,0.08662631940389431,True,True,True,892,0.4998792841396613,0.9997585682793226,0.6931471514153071,Binary entropy is monotone-equivalent to classifier margin.,null,null,null,null,null,null,null,null,null,null,null,null
ackley,optimized_ard_gpc,classifier_entropy,classifier_entropy,4,52,63,64,3646,0.15918402863385062,True,True,True,3587,0.4998993750095836,0.9997987500191672,0.6931471603091678,Binary entropy is monotone-equivalent to classifier margin.,null,null,null,null,null,null,null,null,null,null,null,null
ackley,optimized_ard_gpc,classifier_entropy,classifier_entropy,4,53,64,65,1998,0.1284650195149144,True,True,True,1956,0.4999937359107318,0.9999874718214636,0.6931471804814677,Binary entropy is monotone-equivalent to classifier margin.,null,null,null,null,null,null,null,null,null,null,null,null
ackley,optimized_ard_gpc,classifier_entropy,classifier_entropy,4,54,65,66,2767,0.5292550647541372,False,False,True,2715,0.5002462680592712,0.9995074638814576,0.6931470592640264,Binary entropy is monotone-equivalent to classifier margin.,null,null,null,null,null,null,null,null,null,null,null,null
ackley,optimized_ard_gpc,classifier_entropy,classifier_entropy,4,55,66,67,1964,0.015361950753950637,True,True,True,1922,0.500177988095867,0.999644023808266,0.6931471172004193,Binary entropy is monotone-equivalent to classifier margin.,null,null,null,null,null,null,null,null,null,null,null,null
ackley,optimized_ard_gpc,classifier_entropy,classifier_entropy,4,56,67,68,528,0.8388233492785933,False,False,False,515,0.49996575202597465,0.9999315040519493,0.6931471782140979,Binary entropy is monotone-equivalent to classifier margin.,null,null,null,null,null,null,null,null,null,null,null,null
ackley,optimized_ard_gpc,classifier_entropy,classifier_entropy,4,57,68,69,3558,0.32479773365998277,False,True,True,3497,0.49979319779255366,0.9995863955851073,0.6931470950256369,Binary entropy is monotone-equivalent to classifier margin.,null,null,null,null,null,null,null,null,null,null,null,null
ackley,optimized_ard_gpc,classifier_entropy,classifier_entropy,4,58,69,70,384,0.557395291821658,False,False,True,373,0.49998274967554873,0.9999654993510975,0.6931471799647979,Binary entropy is monotone-equivalent to classifier margin.,null,null,null,null,null,null,null,null,null,null,null,null
ackley,optimized_ard_gpc,classifier_entropy,classifier_entropy,4,59,70,71,1536,0.4225525284215603,False,False,True,1504,0.5002472866660793,0.9995054266678414,0.6931470582585498,Binary entropy is monotone-equivalent to classifier margin.,null,null,null,null,null,null,null,null,null,null,null,null
ackley,optimized_ard_gpc,classifier_entropy,classifier_entropy,4,60,71,72,2765,0.21636847881917554,False,True,True,2709,0.5000774201674477,0.9998451596651046,0.6931471685721806,Binary entropy is monotone-equivalent to classifier margin.,null,null,null,null,null,null,null,null,null,null,null,null
ackley,optimized_ard_gpc,classifier_entropy,classifier_entropy,4,61,72,73,3298,0.8741273264388987,False,False,False,3237,0.5000414627071166,0.9999170745857668,0.6931471771216331,Binary entropy is monotone-equivalent to classifier margin.,null,null,null,null,null,null,null,null,null,null,null,null
ackley,optimized_ard_gpc,classifier_entropy,classifier_entropy,4,62,73,74,3705,0.3721412813332208,False,True,True,3635,0.5003113713505438,0.9993772572989124,0.6931469866556969,Binary entropy is monotone-equivalent to classifier margin.,null,null,null,null,null,null,null,null,null,null,null,null
ackley,optimized_ard_gpc,classifier_entropy,classifier_entropy,4,63,74,75,2059,0.7514904268447182,False,False,False,2011,0.5001308193141624,0.9997383613716753,0.6931471463325589,Binary entropy is monotone-equivalent to classifier margin.,null,null,null,null,null,null,null,null,null,null,null,null
ackley,optimized_ard_gpc,classifier_entropy,classifier_entropy,4,64,75,76,608,1.6834060701938913,False,False,False,591,0.4995912477113137,0.9991824954226274,0.693146846403041,Binary entropy is monotone-equivalent to classifier margin.,null,null,null,null,null,null,null,null,null,null,null,null
ackley,optimized_ard_gpc,classifier_entropy,classifier_entropy,4,65,76,77,3600,0.7283061386518188,False,False,False,3531,0.499971735209092,0.999943470418184,0.6931471789621485,Binary entropy is monotone-equivalent to classifier margin.,null,null,null,null,null,null,null,null,null,null,null,null
ackley,optimized_ard_gpc,classifier_entropy,classifier_entropy,4,66,77,78,2662,2.00596561581807,False,False,False,2605,0.4998117013695575,0.999623402739115,0.6931471096471952,Binary entropy is monotone-equivalent to classifier margin.,null,null,null,null,null,null,null,null,null,null,null,null
ackley,optimized_ard_gpc,classifier_entropy,classifier_entropy,4,67,78,79,817,0.3297633699522091,False,True,True,797,0.49994743638418127,0.9998948727683625,0.6931471750340779,Binary entropy is monotone-equivalent to classifier margin.,null,null,null,null,null,null,null,null,null,null,null,null
ackley,optimized_ard_gpc,classifier_entropy,classifier_entropy,4,68,79,80,1638,0.7470573702212331,False,False,False,1599,0.4999928891089253,0.9999857782178506,0.6931471804588158,Binary entropy is monotone-equivalent to classifier margin.,null,null,null,null,null,null,null,null,null,null,null,null
ackley,optimized_ard_gpc,classifier_gated_diversity,classifier_gated_diversity,4,1,12,13,3488,0.8713902881050579,False,False,False,3478,0.500001872314322,0.999996255371356,0.6931471805529342,null,0.1,25,399,0.5,9,0.9980441119875676,0.5170305923778347,0.8680701727783259,0.9330571423829468,null,null,null
ackley,optimized_ard_gpc,classifier_gated_diversity,classifier_gated_diversity,4,2,13,14,1190,1.9531792532368257,False,False,False,1184,0.49886871908461305,0.9977374381692261,0.6931446209647424,null,0.1,25,399,0.5,40,0.9491494875954098,0.6052043658956583,0.8094865422261301,0.87931801491077,null,null,null
ackley,optimized_ard_gpc,classifier_gated_diversity,classifier_gated_diversity,4,3,14,15,121,0.6591643817415953,False,False,False,121,0.4970252335082277,0.9940504670164554,0.6931294819841707,null,0.1,25,399,0.5,21,0.9209922910792149,0.530146633633932,0.8376788957297107,0.8793355934044628,null,null,null
ackley,optimized_ard_gpc,classifier_gated_diversity,classifier_gated_diversity,4,4,15,16,935,2.4834214141429403,False,False,False,928,0.5018192342393482,0.9963615315213037,0.6931405613189052,null,0.1,25,399,0.5,13,0.9558656545531783,0.540465726177997,0.8914757525272236,0.923670703540201,null,null,null
ackley,optimized_ard_gpc,classifier_gated_diversity,classifier_gated_diversity,4,5,16,17,266,1.4128335600335067,False,False,False,263,0.4891998724969149,0.9783997449938298,0.6929138769076837,null,0.1,25,399,0.5,83,0.7456367472039023,0.6085621047407768,1.0,0.8728183736019511,null,null,null
ackley,optimized_ard_gpc,classifier_gated_diversity,classifier_gated_diversity,4,6,17,18,510,2.163382756575583,False,False,False,504,0.49889254921783444,0.9977850984356689,0.6931447276634699,null,0.1,25,399,0.5,8,0.9839610393542269,0.5161238084532772,0.8969971679966944,0.9404791036754606,null,null,null
ackley,optimized_ard_gpc,classifier_gated_diversity,classifier_gated_diversity,4,7,18,19,3805,0.9073567724382432,False,False,False,3787,0.4968744832596359,0.9937489665192718,0.693127642722914,null,0.1,25,399,0.5,13,0.9671710446338153,0.6372182157900369,0.8828404343116808,0.925005739472748,null,null,null
ackley,optimized_ard_gpc,classifier_gated_diversity,classifier_gated_diversity,4,8,19,20,2892,5.118899814452336,False,False,False,2877,0.4971264283857826,0.9942528567715652,0.6931306656413869,null,0.1,25,399,0.5,14,0.964873558106408,0.46564616419318183,0.8215626499333142,0.893218104019861,null,null,null
ackley,optimized_ard_gpc,classifier_gated_diversity,classifier_gated_diversity,4,9,20,21,686,0.37313533016787304,False,True,True,678,0.501376723070539,0.9972465538589219,0.6931433898223295,null,0.1,25,398,0.5,22,0.9505744895514606,0.5121361327770115,0.8737709619312227,0.9121727257413417,null,null,null
ackley,optimized_ard_gpc,classifier_gated_diversity,classifier_gated_diversity,4,10,21,22,2368,2.5265620864348293,False,False,False,2352,0.5027223940227685,0.994555211954463,0.6931323576282751,null,0.1,25,398,0.5,46,0.8858337414148983,0.5636794910327025,1.0,0.9429168707074491,null,null,null
ackley,optimized_ard_gpc,classifier_gated_diversity,classifier_gated_diversity,4,11,22,23,1635,0.07588103805376178,True,True,True,1619,0.499824162586555,0.99964832517311,0.6931471187223521,null,0.1,25,398,0.5,0,1.0,0.4324485356061443,0.8355123806055024,0.9177561903027511,null,null,null
ackley,optimized_ard_gpc,classifier_gated_diversity,classifier_gated_diversity,4,12,23,24,1194,1.3208052316211543,False,False,False,1182,0.4990125251169142,0.9980250502338284,0.693145230345388,null,0.1,25,398,0.5,17,0.9720877449623316,0.46716532518244214,0.9211005756935765,0.9465941603279541,null,null,null
ackley,optimized_ard_gpc,classifier_gated_diversity,classifier_gated_diversity,4,13,24,25,3826,2.90571671173063,False,False,False,3802,0.48104894049299673,0.9620978809859935,0.6924287231702396,null,0.1,25,398,0.5,92,0.7482806800617444,0.5553617212014673,1.0,0.8741403400308723,null,null,null
ackley,optimized_ard_gpc,classifier_gated_diversity,classifier_gated_diversity,4,14,25,26,3671,0.8490108367839095,False,False,False,3649,0.4935152706865473,0.9870305413730946,0.6930630747734536,null,0.1,25,398,0.5,16,0.9362395365955888,0.42474150957841567,0.8182669132868281,0.8772532249412084,null,null,null
ackley,optimized_ard_gpc,classifier_gated_diversity,classifier_gated_diversity,4,15,26,27,329,2.9100890832261275,False,False,False,324,0.7075527389114313,0.5848945221771373,0.6043284015220873,null,0.1,25,398,0.5,1,0.9560542345685638,0.5700907189942809,0.9882561201613456,0.9721551773649546,null,null,null
ackley,optimized_ard_gpc,classifier_gated_diversity,classifier_gated_diversity,4,16,27,28,692,0.1637087996058657,True,True,True,682,0.5006191931849457,0.9987616136301085,0.6931464137593488,null,0.1,25,398,0.5,3,0.9912399722017791,0.4962497726805428,0.9330662098688023,0.9621530910352907,null,null,null
ackley,optimized_ard_gpc,classifier_gated_diversity,classifier_gated_diversity,4,17,28,29,2072,0.06288115144112183,True,True,True,2052,0.4971810798396259,0.9943621596792518,0.6931312878540112,null,0.1,25,398,0.5,24,0.9628726455481548,0.4174223066038669,0.8547084054188734,0.908790525483514,null,null,null
ackley,optimized_ard_gpc,classifier_gated_diversity,classifier_gated_diversity,4,18,29,30,2925,0.8587194118703163,False,False,False,2902,0.5054349467423283,0.9891301065153435,0.6930881021043309,null,0.1,25,398,0.5,36,0.9186244541364106,0.4362815528578238,0.9023229258236135,0.9104736899800121,null,null,null
ackley,optimized_ard_gpc,classifier_gated_diversity,classifier_gated_diversity,4,19,30,31,3516,0.45420407371095095,False,False,True,3490,0.4955228814703627,0.9910457629407254,0.693107090843557,null,0.1,25,397,0.5,34,0.925806225569191,0.4234170561362666,0.8698435343677233,0.8978248799684572,null,null,null
ackley,optimized_ard_gpc,classifier_gated_diversity,classifier_gated_diversity,4,20,31,32,1279,1.4115891413882444,False,False,False,1264,0.48833401239666685,0.9766680247933337,0.6928749653251484,null,0.1,25,397,0.5,80,0.8293515882446633,0.4622099994188534,1.0,0.9146757941223316,null,null,null
ackley,optimized_ard_gpc,classifier_gated_diversity,classifier_gated_diversity,4,21,32,33,1739,0.28933286698512717,False,True,True,1718,0.5015728577588927,0.9968542844822146,0.6931422327887258,null,0.1,25,397,0.5,15,0.968633900255199,0.45173490322616566,0.8559981670606147,0.9123160336579068,null,null,null
ackley,optimized_ard_gpc,classifier_gated_diversity,classifier_gated_diversity,4,22,33,34,502,0.4979412617183616,False,False,True,495,0.5054443819370622,0.9891112361258756,0.6930878967990614,null,0.1,25,397,0.5,38,0.8951664588884106,0.47496966689530323,1.0,0.9475832294442053,null,null,null
ackley,optimized_ard_gpc,classifier_gated_diversity,classifier_gated_diversity,4,23,34,35,3916,1.6502109737205721,False,False,False,3882,0.49962400555242414,0.9992480111048483,0.6931468978162694,null,0.1,25,397,0.5,4,0.9955741737652825,0.37309824843751593,0.8000701029407181,0.8978221383530003,null,null,null
ackley,optimized_ard_gpc,classifier_gated_diversity,classifier_gated_diversity,4,24,35,36,2863,1.7288313616110909,False,False,False,2838,0.5020728749788246,0.9958542500423508,0.6931385869139726,null,0.1,25,397,0.5,12,0.9668851670058369,0.4836195419198824,0.8985784182014871,0.932731792603662,null,null,null
ackley,optimized_ard_gpc,classifier_gated_diversity,classifier_gated_diversity,4,25,36,37,1916,3.1663954056585286,False,False,False,1893,0.4990602648410638,0.9981205296821276,0.6931454143545677,null,0.1,25,397,0.5,8,0.9898527448896318,0.37785900943664025,0.8267050043105584,0.9082788746000952,null,null,null
ackley,optimized_ard_gpc,classifier_gated_diversity,classifier_gated_diversity,4,26,37,38,447,0.8351480087847811,False,False,False,440,0.5058117312700059,0.9883765374599882,0.6930796265980428,null,0.1,25,397,0.5,27,0.9114768421556458,0.3964396688962247,0.8891672386944187,0.9003220404250323,null,null,null
ackley,optimized_ard_gpc,classifier_gated_diversity,classifier_gated_diversity,4,27,38,39,1755,2.7094740122472505,False,False,False,1731,0.5107060890337145,0.978587821932571,0.6929179223548392,null,0.1,25,397,0.5,57,0.8337549456960899,0.378007052114303,1.0,0.9168774728480449,null,null,null
ackley,optimized_ard_gpc,classifier_gated_diversity,classifier_gated_diversity,4,28,39,40,3977,1.8021416936845789,False,False,False,3938,0.5040194134464473,0.9919611731071054,0.6931148688430211,null,0.1,25,397,0.5,16,0.9434013240129407,0.35097249332066277,0.9116793472686435,0.9275403356407921,null,null,null
ackley,optimized_ard_gpc,classifier_gated_diversity,classifier_gated_diversity,4,29,40,41,3292,0.30791118220053093,False,True,True,3261,0.4975376148123827,0.9950752296247654,0.6931350538293017,null,0.1,25,396,0.5,14,0.965936996655996,0.36577081928162847,0.9072714274604824,0.9366042120582392,null,null,null
ackley,optimized_ard_gpc,classifier_gated_diversity,classifier_gated_diversity,4,30,41,42,3501,0.511869755571329,False,False,True,3467,0.5049088629280156,0.9901822741439688,0.693098985915207,null,0.1,25,396,0.5,15,0.9475399100033282,0.35068491295626286,0.8665293200242721,0.9070346150138001,null,null,null
ackley,optimized_ard_gpc,classifier_gated_diversity,classifier_gated_diversity,4,31,42,43,315,1.5546822267497742,False,False,False,310,0.4903006651682418,0.9806013303364836,0.6929590145651449,null,0.1,25,396,0.5,36,0.884829981150504,0.36385213495213453,0.9020896875369766,0.8934598343437403,null,null,null
ackley,optimized_ard_gpc,classifier_gated_diversity,classifier_gated_diversity,4,32,43,44,2774,0.4955211213870587,False,False,True,2745,0.4977113045608812,0.9954226091217624,0.693136704269735,null,0.1,25,396,0.5,12,0.9741120775954533,0.3607701477384852,0.9394933808989218,0.9568027292471875,null,null,null
ackley,optimized_ard_gpc,classifier_gated_diversity,classifier_gated_diversity,4,33,44,45,2681,1.206038720023626,False,False,False,2652,0.49948688222935334,0.9989737644587067,0.6931466539801598,null,0.1,25,396,0.5,2,0.996734650868781,0.3158976921392578,0.8121073825889848,0.9044210167288829,null,null,null
ackley,optimized_ard_gpc,classifier_gated_diversity,classifier_gated_diversity,4,34,45,46,1805,3.8893785800334637,False,False,False,1779,0.4974260226428546,0.9948520452857093,0.6931339297825473,null,0.1,25,396,0.5,11,0.9804227859136723,0.31615495621918366,0.8128377157346308,0.8966302508241515,null,null,null
ackley,optimized_ard_gpc,classifier_gated_diversity,classifier_gated_diversity,4,35,46,47,2689,1.4507695525083584,False,False,False,2658,0.4978113950719836,0.9956227901439672,0.6931376005462911,null,0.1,25,396,0.5,8,0.9754150163563047,0.31393736303951003,0.8065423098499818,0.8909786631031432,null,null,null
ackley,optimized_ard_gpc,classifier_gated_diversity,classifier_gated_diversity,4,36,47,48,2961,0.17406730172593043,True,True,True,2925,0.4944815541475691,0.9889631082951382,0.6930862728340992,null,0.1,25,396,0.5,31,0.9396275339501854,0.36879723682728666,0.9704481916787644,0.9550378628144749,null,null,null
ackley,optimized_ard_gpc,classifier_gated_diversity,classifier_gated_diversity,4,37,48,49,1080,0.3096076585933485,False,True,True,1064,0.49935095750416014,0.9987019150083203,0.6931463380473859,null,0.1,25,396,0.5,5,0.993551100515838,0.36124857327959486,0.9595927673011583,0.9765719339084982,null,null,null
ackley,optimized_ard_gpc,classifier_gated_diversity,classifier_gated_diversity,4,38,49,50,135,0.4470505831713787,False,False,True,134,0.5008342836004283,0.9983314327991435,0.6931457885010475,null,0.1,25,396,0.5,3,0.9898396649253042,0.3499255102221532,0.9268080349812384,0.9583238499532714,null,null,null
ackley,optimized_ard_gpc,classifier_gated_diversity,classifier_gated_diversity,4,39,50,51,3776,0.14759359046937348,True,True,True,3730,0.5031974603803047,0.9936050792393907,0.693126732914809,null,0.1,25,395,0.5,16,0.9614923335926132,0.3467284063893152,0.9463558586172278,0.9539240961049205,null,null,null
ackley,optimized_ard_gpc,classifier_gated_diversity,classifier_gated_diversity,4,40,51,52,484,0.13508494502044677,True,True,True,474,0.5018568976247235,0.996286204750553,0.6931402844065155,null,0.1,25,395,0.5,13,0.9778832426947757,0.34464888401061733,0.9401458028297365,0.9590145227622561,null,null,null
ackley,optimized_ard_gpc,classifier_gated_diversity,classifier_gated_diversity,4,41,52,53,2528,0.3385710320159294,False,True,True,2495,0.5006830205396773,0.9986339589206454,0.6931462475255399,null,0.1,25,395,0.5,3,0.9955441110383969,0.33539469332293775,0.912510110601909,0.954027110820153,null,null,null
ackley,optimized_ard_gpc,classifier_gated_diversity,classifier_gated_diversity,4,42,53,54,3029,0.0450210939949276,True,True,True,2988,0.5019757908165636,0.9960484183668727,0.6931393730409245,null,0.1,25,395,0.5,8,0.9792281750566937,0.33758666532216614,0.9498871077224899,0.9645576413895918,null,null,null
ackley,optimized_ard_gpc,classifier_gated_diversity,classifier_gated_diversity,4,43,54,55,2724,1.6914771308607133,False,False,False,2688,0.4874773123340326,0.9749546246680652,0.6928335123498994,null,0.1,25,395,0.5,63,0.8432387919855026,0.33720167185499866,0.9404852845730362,0.8918620382792694,null,null,null
ackley,optimized_ard_gpc,classifier_gated_diversity,classifier_gated_diversity,4,44,55,56,1160,0.9780666290286923,False,False,False,1141,0.493294706499821,0.986589412999642,0.6930572559425869,null,0.1,25,395,0.5,73,0.8025465537214325,0.40878698156687665,0.8705491152760587,0.8365478344987456,null,null,null
ackley,optimized_ard_gpc,classifier_gated_diversity,classifier_gated_diversity,4,45,56,57,499,0.9592320350066501,False,False,False,488,0.49864475668053876,0.9972895133610775,0.6931435071865375,null,0.1,25,395,0.5,16,0.9678540684528826,0.39300685020596277,1.0,0.9839270342264412,null,null,null
ackley,optimized_ard_gpc,classifier_gated_diversity,classifier_gated_diversity,4,46,57,58,998,1.5020399955664452,False,False,False,979,0.49675246103406057,0.9935049220681211,0.6931260873929671,null,0.1,25,395,0.5,34,0.9107271159939623,0.3573362527824682,0.8975855048027914,0.9041563103983769,null,null,null
ackley,optimized_ard_gpc,classifier_gated_diversity,classifier_gated_diversity,4,47,58,59,1589,2.3992819087798676,False,False,False,1561,0.49900858027749595,0.9980171605549919,0.6931452147325248,null,0.1,25,395,0.5,14,0.9699304135731052,0.32326154786701267,0.798575511431464,0.8842529625022846,null,null,null
ackley,optimized_ard_gpc,classifier_gated_diversity,classifier_gated_diversity,4,48,59,60,1008,0.8848878885738412,False,False,False,988,0.501775318681597,0.9964493626368061,0.6931408770338581,null,0.1,25,395,0.5,10,0.9778379246745089,0.30222696416915484,0.8152539004056917,0.8965459125401003,null,null,null
ackley,optimized_ard_gpc,classifier_gated_diversity,classifier_gated_diversity,4,49,60,61,3566,0.38931708102958673,False,False,True,3513,0.4993094607085433,0.9986189214170866,0.6931462268706161,null,0.1,25,394,0.5,7,0.9773991689081314,0.3192339072524941,0.8640530815792408,0.920726125243686,null,null,null
ackley,optimized_ard_gpc,classifier_gated_diversity,classifier_gated_diversity,4,50,61,62,1158,0.535293098092243,False,False,True,1136,0.5030519190537142,0.9938961618925717,0.6931285520244501,null,0.1,25,394,0.5,14,0.9611440460074632,0.28810485686339904,0.8507839355482433,0.9059639907778532,null,null,null
ackley,optimized_ard_gpc,classifier_gated_diversity,classifier_gated_diversity,4,51,62,63,3172,0.4831751005756182,False,False,True,3123,0.49720921119575934,0.9944184223915187,0.6931316034747635,null,0.1,25,394,0.5,18,0.9645190085467517,0.30548634868169866,0.8884190318583516,0.9264690202025516,null,null,null
ackley,optimized_ard_gpc,classifier_gated_diversity,classifier_gated_diversity,4,52,63,64,2742,3.7513466291383093,False,False,False,2699,0.49927369159112356,0.9985473831822471,0.6931461255117646,null,0.1,25,394,0.5,6,0.9795990791984421,0.33893141883554745,0.8786141645949059,0.929106621896674,null,null,null
ackley,optimized_ard_gpc,classifier_gated_diversity,classifier_gated_diversity,4,53,64,65,1517,0.2233039161738155,False,True,True,1488,0.49997115997183694,0.9999423199436739,0.6931471788964508,null,0.1,25,394,0.5,0,1.0,0.2831691292402592,0.7956498864384951,0.8978249432192476,null,null,null
ackley,optimized_ard_gpc,classifier_gated_diversity,classifier_gated_diversity,4,54,65,66,3001,1.1549473562687051,False,False,False,2951,0.49968652708818484,0.9993730541763697,0.6931469840293996,null,0.1,25,394,0.5,2,0.9965217688181649,0.3368455692434872,0.825529150663065,0.9110254597406149,null,null,null
ackley,optimized_ard_gpc,classifier_gated_diversity,classifier_gated_diversity,4,55,66,67,829,0.30767842447449567,False,True,True,811,0.501966337016857,0.996067325966286,0.6931394475774846,null,0.1,25,394,0.5,15,0.974474623260564,0.3285703591281756,0.9516558579077337,0.9630652405841489,null,null,null
ackley,optimized_ard_gpc,classifier_gated_diversity,classifier_gated_diversity,4,56,67,68,1207,1.6361270942222994,False,False,False,1180,0.5000910008349785,0.999817998330043,0.6931471639976412,null,0.1,25,394,0.5,1,0.9989388170455376,0.2712255592317699,0.7321154692328622,0.8655271431391999,null,null,null
ackley,optimized_ard_gpc,classifier_gated_diversity,classifier_gated_diversity,4,57,68,69,2533,2.2999773507116164,False,False,False,2490,0.5089688385680553,0.9820623228638894,0.6929862918008429,null,0.1,25,394,0.5,46,0.8851079676650724,0.3232985944046068,0.9342961116464824,0.9097020396557773,null,null,null
ackley,optimized_ard_gpc,classifier_gated_diversity,classifier_gated_diversity,4,58,69,70,1637,1.0815280280941995,False,False,False,1601,0.5039831227170808,0.9920337545658384,0.6931154496911692,null,0.1,25,394,0.5,28,0.9388874793914512,0.32000325059005014,1.0,0.9694437396957256,null,null,null
ackley,optimized_ard_gpc,classifier_gated_diversity,classifier_gated_diversity,4,59,70,71,2880,2.242077479561729,False,False,False,2829,0.5001315831023373,0.9997368337953254,0.6931471459317193,null,0.1,25,393,0.5,1,0.9985474687842886,0.34833832281255817,0.8955290217626033,0.9470382452734459,null,null,null
ackley,optimized_ard_gpc,classifier_gated_diversity,classifier_gated_diversity,4,60,71,72,700,0.021933020251175606,True,True,True,683,0.4964143798777325,0.992828759755465,0.6931214669962263,null,0.1,25,393,0.5,38,0.9471556888388422,0.3029570226036207,0.9728968133363392,0.9600262510875907,null,null,null
ackley,optimized_ard_gpc,classifier_gated_diversity,classifier_gated_diversity,4,61,72,73,732,1.031298097096066,False,False,False,714,0.5021282441111357,0.9957435117777287,0.6931381216865977,null,0.1,25,393,0.5,12,0.975665390177739,0.30280256895859914,0.9352346966116312,0.9554500433946851,null,null,null
ackley,optimized_ard_gpc,classifier_gated_diversity,classifier_gated_diversity,4,62,73,74,3364,1.4738994547957436,False,False,False,3303,0.5003979149594098,0.9992041700811805,0.6931468638872821,null,0.1,25,393,0.5,3,0.993773014831458,0.32670200206374966,0.8263251777162232,0.9100490962738406,null,null,null
ackley,optimized_ard_gpc,classifier_gated_diversity,classifier_gated_diversity,4,63,74,75,762,0.6142576191515356,False,False,False,743,0.5000833820966226,0.9998332358067548,0.6931471666547973,null,0.1,25,393,0.5,2,0.9992445206252518,0.3587643730347619,1.0,0.9996222603126259,null,null,null
ackley,optimized_ard_gpc,classifier_gated_diversity,classifier_gated_diversity,4,64,75,76,3988,1.380707828627914,False,False,False,3913,0.4945763369208098,0.9891526738416196,0.6930883471637537,null,0.1,25,393,0.5,24,0.9381889998249366,0.27999517964830806,0.853944672975875,0.8960668364004059,null,null,null
ackley,optimized_ard_gpc,classifier_gated_diversity,classifier_gated_diversity,4,65,76,77,3721,1.3263750577190958,False,False,False,3652,0.503792134971941,0.992415730056118,0.6931184197089246,null,0.1,25,393,0.5,20,0.9574724867180782,0.30062159337352823,0.9778051060705031,0.9676387963942906,null,null,null
ackley,optimized_ard_gpc,classifier_gated_diversity,classifier_gated_diversity,4,66,77,78,1899,2.891450211519194,False,False,False,1856,0.5030965294049121,0.9938069411901758,0.6931280034486469,null,0.1,25,393,0.5,33,0.9179248959373635,0.3914247709933206,1.0,0.9589624479686818,null,null,null
ackley,optimized_ard_gpc,classifier_gated_diversity,classifier_gated_diversity,4,67,78,79,2116,2.8743433585634452,False,False,False,2070,0.4971411953973002,0.9942823907946003,0.6931308349433725,null,0.1,25,393,0.5,10,0.979624132397249,0.2667314019297798,0.8504570811121483,0.9150406067546987,null,null,null
ackley,optimized_ard_gpc,classifier_gated_diversity,classifier_gated_diversity,4,68,79,80,1720,0.19507213930171474,False,True,True,1680,0.4977371848930332,0.9954743697860664,0.6931369398605713,null,0.1,25,393,0.5,19,0.9522040973581404,0.3026156561381377,0.7536018118005027,0.8529029545793215,null,null,null
ackley,optimized_ard_gpc,classifier_uncertainty_repulsion,classifier_uncertainty_repulsion,4,1,12,13,3488,0.8713902881050579,False,False,False,3478,0.500001872314322,0.999996255371356,0.6931471805529342,null,0.1,25,399,null,9,0.9980441119875676,null,null,0.9954184344963336,0.15,0.5170305923778347,0.9973691769134282
ackley,optimized_ard_gpc,classifier_uncertainty_repulsion,classifier_uncertainty_repulsion,4,2,13,14,3998,0.11130134712043294,True,True,True,3985,0.4999203349535325,0.999840669907065,0.6931471678669059,null,0.1,25,399,null,4,0.9974377614135462,null,null,0.9915291191262081,0.15,0.4804110901547176,0.9940761794711236
ackley,optimized_ard_gpc,classifier_uncertainty_repulsion,classifier_uncertainty_repulsion,4,3,14,15,35,0.8327502997872216,False,False,False,35,0.5002965192357591,0.9994069615284817,0.6931470047126207,null,0.1,25,399,null,1,0.9956020343456956,null,null,0.9819107897286476,0.15,0.43919995207143986,0.9862482757721103
ackley,optimized_ard_gpc,classifier_uncertainty_repulsion,classifier_uncertainty_repulsion,4,4,15,16,3942,1.8604895300904047,False,False,False,3928,0.4999346379549783,0.9998692759099566,0.6931471720155514,null,0.1,25,399,null,0,1.0,null,null,0.9959466139509318,0.15,0.4978645607599146,0.9959466139509318
ackley,optimized_ard_gpc,classifier_uncertainty_repulsion,classifier_uncertainty_repulsion,4,5,16,17,2806,2.6531121155202673,False,False,False,2795,0.5005430879668729,0.9989138240662543,0.6931465906707499,null,0.1,25,399,null,1,0.9913477533009196,null,null,0.9891425108314204,0.15,0.5242807037390911,0.9977755107003002
ackley,optimized_ard_gpc,classifier_uncertainty_repulsion,classifier_uncertainty_repulsion,4,6,17,18,2678,2.3313983022362343,False,False,False,2667,0.49976983643087075,0.9995396728617415,0.6931470746094045,null,0.1,25,399,null,2,0.9946246226028852,null,null,0.9905322789793477,0.15,0.4971882352295283,0.9958855395990217
ackley,optimized_ard_gpc,classifier_uncertainty_repulsion,classifier_uncertainty_repulsion,4,7,18,19,3659,0.44923692554438865,False,False,True,3644,0.500267944324385,0.9994641113512299,0.6931470369716165,null,0.1,25,399,null,4,0.9954659824810493,null,null,0.9944288890440023,0.15,0.5558826328925264,0.9989581829461793
ackley,optimized_ard_gpc,classifier_uncertainty_repulsion,classifier_uncertainty_repulsion,4,8,19,20,2151,0.7014931648533533,False,False,False,2140,0.5000643428845493,0.9998713142309015,0.6931471722799317,null,0.1,25,399,null,0,1.0,null,null,0.986011678658383,0.15,0.438325178305367,0.986011678658383
ackley,optimized_ard_gpc,classifier_uncertainty_repulsion,classifier_uncertainty_repulsion,4,9,20,21,3625,3.2366999561388425,False,False,False,3609,0.5002156949768698,0.9995686100462604,0.6931470875112964,null,0.1,25,398,null,0,1.0,null,null,0.9693966601152663,0.15,0.3961048798328334,0.9693966601152663
ackley,optimized_ard_gpc,classifier_uncertainty_repulsion,classifier_uncertainty_repulsion,4,10,21,22,1279,1.4115891413882444,False,False,False,1272,0.5009859231159082,0.9980281537681837,0.6931452364699044,null,0.1,25,398,null,8,0.9793515340950615,null,null,0.9708573841500534,0.15,0.4622099994188534,0.9913267609746925
ackley,optimized_ard_gpc,classifier_uncertainty_repulsion,classifier_uncertainty_repulsion,4,11,22,23,430,0.8939973099489418,False,False,False,425,0.499679968806918,0.999359937613836,0.6931469757200022,null,0.1,25,398,null,2,0.9910425007936203,null,null,0.9786276233862222,0.15,0.44395245738330175,0.9874729112046594
ackley,optimized_ard_gpc,classifier_uncertainty_repulsion,classifier_uncertainty_repulsion,4,12,23,24,1379,2.03106617568395,False,False,False,1368,0.5005054251426009,0.9989891497147982,0.6931466696507087,null,0.1,25,398,null,3,0.9936831420766766,null,null,0.9904277395246405,0.15,0.5073949251300304,0.9967239028074555
ackley,optimized_ard_gpc,classifier_uncertainty_repulsion,classifier_uncertainty_repulsion,4,13,24,25,1650,3.3085514478928335,False,False,False,1636,0.499299973104371,0.998599946208742,0.6931462004843159,null,0.1,25,398,null,4,0.9860759535076848,null,null,0.9516119121157763,0.15,0.38848649870401597,0.9650493034848762
ackley,optimized_ard_gpc,classifier_uncertainty_repulsion,classifier_uncertainty_repulsion,4,14,25,26,437,2.127720572503552,False,False,False,431,0.49966162012596105,0.9993232402519221,0.6931469515580495,null,0.1,25,398,null,3,0.9947979411237168,null,null,0.9639272358805788,0.15,0.3953137211555563,0.9689678637570694
ackley,optimized_ard_gpc,classifier_uncertainty_repulsion,classifier_uncertainty_repulsion,4,15,26,27,523,1.118111629638781,False,False,False,516,0.4994293178986091,0.9988586357972182,0.6931465292036822,null,0.1,25,398,null,4,0.9905564190264061,null,null,0.974414694460584,0.15,0.4304168552391633,0.9837043864884674
ackley,optimized_ard_gpc,classifier_uncertainty_repulsion,classifier_uncertainty_repulsion,4,16,27,28,2344,0.1741518444982102,True,True,True,2326,0.49996098210914364,0.9999219642182873,0.6931471775151536,null,0.1,25,398,null,1,0.9989630086790917,null,null,0.9761019510451195,0.15,0.41228355194140015,0.977115211038494
ackley,optimized_ard_gpc,classifier_uncertainty_repulsion,classifier_uncertainty_repulsion,4,17,28,29,277,0.419098961344206,False,False,True,274,0.5008315841547821,0.9983368316904357,0.6931457974948947,null,0.1,25,398,null,10,0.9804803153570948,null,null,0.9624520591759675,0.15,0.42405730915996787,0.9816128320999884
ackley,optimized_ard_gpc,classifier_uncertainty_repulsion,classifier_uncertainty_repulsion,4,18,29,30,324,1.3419367715246562,False,False,False,319,0.49890544413418736,0.9978108882683747,0.6931447844529448,null,0.1,25,398,null,11,0.9740296965326425,null,null,0.9469744968301627,0.15,0.40157230495154844,0.9722234344611965
ackley,optimized_ard_gpc,classifier_uncertainty_repulsion,classifier_uncertainty_repulsion,4,19,30,31,626,0.8407909820180315,False,False,False,615,0.4999176503242849,0.9998353006485698,0.6931471669970071,null,0.1,25,397,null,0,1.0,null,null,0.9767244677403984,0.15,0.41135856190680964,0.9767244677403984
ackley,optimized_ard_gpc,classifier_uncertainty_repulsion,classifier_uncertainty_repulsion,4,20,31,32,2394,0.23788180222723554,False,True,True,2372,0.4997268055751507,0.9994536111503014,0.6931470312895504,null,0.1,25,397,null,5,0.995779299705247,null,null,0.9584298830924132,0.15,0.38437530611545423,0.9624922745191737
ackley,optimized_ard_gpc,classifier_uncertainty_repulsion,classifier_uncertainty_repulsion,4,21,32,33,3292,0.30791118220053093,False,True,True,3267,0.5000476461144693,0.9999047077710614,0.6931471760196408,null,0.1,25,397,null,0,1.0,null,null,0.9488541109747537,0.15,0.36577081928162847,0.9488541109747537
ackley,optimized_ard_gpc,classifier_uncertainty_repulsion,classifier_uncertainty_repulsion,4,22,33,34,846,1.5450594152123678,False,False,False,833,0.49966170269449417,0.9993234053889883,0.6931469516697939,null,0.1,25,397,null,1,0.9973198765144672,null,null,0.9680030165918934,0.15,0.3983853602226533,0.9706043561218961
ackley,optimized_ard_gpc,classifier_uncertainty_repulsion,classifier_uncertainty_repulsion,4,23,34,35,2885,2.4645113407595396,False,False,False,2859,0.4977678154480021,0.9955356308960042,0.6931372152310944,null,0.1,25,397,null,14,0.9596920336203821,null,null,0.9300125647854909,0.15,0.3955086106343181,0.9690739656106895
ackley,optimized_ard_gpc,classifier_uncertainty_repulsion,classifier_uncertainty_repulsion,4,24,35,36,1508,0.8428424434498556,False,False,False,1490,0.49887029109754977,0.9977405821950995,0.6931446280733651,null,0.1,25,397,null,7,0.9765193736859007,null,null,0.9167941335068918,0.15,0.3545994844848653,0.9388386530893142
ackley,optimized_ard_gpc,classifier_uncertainty_repulsion,classifier_uncertainty_repulsion,4,25,36,37,3256,0.1275818024815134,True,True,True,3228,0.49972433089667756,0.9994486617933551,0.6931470285730286,null,0.1,25,397,null,2,0.9972284000337905,null,null,0.9386073250446284,0.15,0.3571062168272151,0.9412159992764187
ackley,optimized_ard_gpc,classifier_uncertainty_repulsion,classifier_uncertainty_repulsion,4,26,37,38,3029,0.0450210939949276,True,True,True,3001,0.5020748529911776,0.9958502940176448,0.6931385705053643,null,0.1,25,397,null,23,0.9469994693610841,null,null,0.8717545498787697,0.15,0.33758666532216614,0.9205438630994374
ackley,optimized_ard_gpc,classifier_uncertainty_repulsion,classifier_uncertainty_repulsion,4,27,38,39,897,0.7507966082911341,False,False,False,883,0.4986708331366563,0.9973416662733126,0.6931436471866825,null,0.1,25,397,null,16,0.9654559051759135,null,null,0.9320842813973937,0.15,0.3891275517830101,0.9654343366697423
ackley,optimized_ard_gpc,classifier_uncertainty_repulsion,classifier_uncertainty_repulsion,4,28,39,40,2100,1.5194502761375048,False,False,False,2077,0.5016495645348744,0.9967008709302512,0.6931417384237635,null,0.1,25,397,null,9,0.9587014868871038,null,null,0.9297259211712141,0.15,0.39681318992761316,0.9697762378464927
ackley,optimized_ard_gpc,classifier_uncertainty_repulsion,classifier_uncertainty_repulsion,4,29,40,41,333,1.4922745323998097,False,False,False,327,0.49941202114562366,0.9988240422912473,0.6931464891215195,null,0.1,25,396,null,9,0.9802867699265805,null,null,0.9396595355413414,0.15,0.3784881676303058,0.9585557658925848
ackley,optimized_ard_gpc,classifier_uncertainty_repulsion,classifier_uncertainty_repulsion,4,30,41,42,3826,2.90571671173063,False,False,False,3787,0.6304978276621398,0.7390043446757204,0.6586901967314172,null,0.1,25,396,null,1,0.9595152173395011,null,null,0.9584859697428566,0.15,0.5546999240881293,0.9989273254055331
ackley,optimized_ard_gpc,classifier_uncertainty_repulsion,classifier_uncertainty_repulsion,4,31,42,43,318,2.2924348309545,False,False,False,313,0.6409677496415327,0.7180645007169346,0.6528593531296017,null,0.1,25,396,null,0,1.0,null,null,0.9886890035118634,0.15,0.4490980904776372,0.9886890035118634
ackley,optimized_ard_gpc,classifier_uncertainty_repulsion,classifier_uncertainty_repulsion,4,32,43,44,241,0.21398246201992954,False,True,True,238,0.5003524698382998,0.9992950603234003,0.6931469320899508,null,0.1,25,396,null,2,0.996073518018038,null,null,0.9156157992154238,0.15,0.33648776564760474,0.9192251200868116
ackley,optimized_ard_gpc,classifier_uncertainty_repulsion,classifier_uncertainty_repulsion,4,33,44,45,962,1.569249295522198,False,False,False,944,0.4981477831877208,0.9962955663754416,0.6931403191300128,null,0.1,25,396,null,22,0.9474620545272016,null,null,0.9222193634551219,0.15,0.40390130064312174,0.9733575704151274
ackley,optimized_ard_gpc,classifier_uncertainty_repulsion,classifier_uncertainty_repulsion,4,34,45,46,1491,0.33526377733970314,False,True,True,1468,0.5009440115656378,0.9981119768687243,0.6931453982432143,null,0.1,25,396,null,14,0.9693857699916759,null,null,0.9159333282077761,0.15,0.36111516804268873,0.9448594734536294
ackley,optimized_ard_gpc,classifier_uncertainty_repulsion,classifier_uncertainty_repulsion,4,35,46,47,1350,1.3006249629262516,False,False,False,1329,0.500685588026057,0.998628823947886,0.6931462404977677,null,0.1,25,396,null,16,0.9605663556460056,null,null,0.938101476375696,0.15,0.4110968806987298,0.9766128814128604
ackley,optimized_ard_gpc,classifier_uncertainty_repulsion,classifier_uncertainty_repulsion,4,36,47,48,499,0.9592320350066501,False,False,False,487,0.5007399481451411,0.9985201037097178,0.6931460855130306,null,0.1,25,396,null,13,0.9725848781755616,null,null,0.9135552221149658,0.15,0.3550863027929417,0.9393064221075208
ackley,optimized_ard_gpc,classifier_uncertainty_repulsion,classifier_uncertainty_repulsion,4,37,48,49,2241,0.023886782121655514,True,True,True,2209,0.4996210362008586,0.9992420724017173,0.6931468933327957,null,0.1,25,396,null,6,0.9833003977525312,null,null,0.909437198904292,0.15,0.3413085080556803,0.924882366551398
ackley,optimized_ard_gpc,classifier_uncertainty_repulsion,classifier_uncertainty_repulsion,4,38,49,50,1476,3.1649303650794423,False,False,False,1451,0.6508177267816109,0.6983645464367783,0.6469389639458283,null,0.1,25,396,null,1,0.999864960626136,null,null,0.9786991299735648,0.15,0.41651584002102116,0.9788313107408858
ackley,optimized_ard_gpc,classifier_uncertainty_repulsion,classifier_uncertainty_repulsion,4,39,50,51,203,0.4580371857644625,False,False,True,200,0.500902193266916,0.998195613466168,0.6931455526536803,null,0.1,25,395,null,19,0.9545014931811033,null,null,0.9289013074565127,0.15,0.4035300881688121,0.9731795226016128
ackley,optimized_ard_gpc,classifier_uncertainty_repulsion,classifier_uncertainty_repulsion,4,40,51,52,90,1.5771682351985525,False,False,False,89,0.6655270589320708,0.6689458821358585,0.6373011637557225,null,0.1,25,395,null,4,0.8567374825722354,null,null,0.8110001998646328,0.15,0.3631250469045072,0.9466145889050135
ackley,optimized_ard_gpc,classifier_uncertainty_repulsion,classifier_uncertainty_repulsion,4,41,52,53,2116,2.8743433585634452,False,False,False,2082,0.5003709871055878,0.9992580257888244,0.6931469052970551,null,0.1,25,395,null,5,0.9913638258023113,null,null,0.9249670570452758,0.15,0.3487900431840906,0.9330248219383025
ackley,optimized_ard_gpc,classifier_uncertainty_repulsion,classifier_uncertainty_repulsion,4,42,53,54,2068,3.5769245558648297,False,False,False,2035,0.500428008040514,0.999143983918972,0.6931468141781351,null,0.1,25,395,null,12,0.9722992432681224,null,null,0.8950835530753826,0.15,0.3376207079716918,0.9205844386619081
ackley,optimized_ard_gpc,classifier_uncertainty_repulsion,classifier_uncertainty_repulsion,4,43,54,55,2080,2.8359571492091824,False,False,False,2046,0.6445115550228024,0.7109768899543951,0.6507781549054658,null,0.1,25,395,null,0,1.0,null,null,0.8986444369481016,0.15,0.32095236923239107,0.8986444369481016
ackley,optimized_ard_gpc,classifier_uncertainty_repulsion,classifier_uncertainty_repulsion,4,44,55,56,1963,0.36727753919186057,False,True,True,1930,0.49815579410487487,0.9963115882097497,0.6931403783537547,null,0.1,25,395,null,13,0.9646773701903196,null,null,0.886561047900976,0.15,0.33632091952511345,0.9190233701927389
ackley,optimized_ard_gpc,classifier_uncertainty_repulsion,classifier_uncertainty_repulsion,4,45,56,57,2330,1.5817617443873662,False,False,False,2290,0.5008275568296643,0.9983448863406714,0.6931458108587073,null,0.1,25,395,null,7,0.9860423316869584,null,null,0.9147898141601488,0.15,0.343854781908411,0.927738885809387
ackley,optimized_ard_gpc,classifier_uncertainty_repulsion,classifier_uncertainty_repulsion,4,46,57,58,1872,1.9047261516720475,False,False,False,1839,0.5004431772852721,0.9991136454294558,0.6931467877476816,null,0.1,25,395,null,14,0.9539004725091623,null,null,0.8350624573272922,0.15,0.3061468758307143,0.875418852797844
ackley,optimized_ard_gpc,classifier_uncertainty_repulsion,classifier_uncertainty_repulsion,4,47,58,59,3765,0.9198289948236376,False,False,False,3710,0.4987823471168302,0.9975646942336605,0.6931442151999263,null,0.1,25,395,null,12,0.9824928549072072,null,null,0.8658501731784237,0.15,0.30966756616705593,0.8812788498703129
ackley,optimized_ard_gpc,classifier_uncertainty_repulsion,classifier_uncertainty_repulsion,4,48,59,60,2709,2.0042615296549666,False,False,False,2664,0.5052515163225344,0.9894969673549312,0.6930920226984363,null,0.1,25,395,null,36,0.9092259710430601,null,null,0.8783408379428762,0.15,0.3901337492397161,0.9660314002417324
ackley,optimized_ard_gpc,classifier_uncertainty_repulsion,classifier_uncertainty_repulsion,4,49,60,61,3206,0.30076778107385316,False,True,True,3157,0.5016195832925501,0.9967608334148998,0.6931419344506884,null,0.1,25,394,null,15,0.9744782041587394,null,null,0.8714438566510923,0.15,0.317974509519396,0.8942671605501982
ackley,optimized_ard_gpc,classifier_uncertainty_repulsion,classifier_uncertainty_repulsion,4,50,61,62,813,0.11727212361338601,True,True,True,794,0.4978875659326034,0.9957751318652068,0.6931382557780166,null,0.1,25,394,null,37,0.9149861304579733,null,null,0.8472609780330492,0.15,0.3422795744542762,0.925982318015
ackley,optimized_ard_gpc,classifier_uncertainty_repulsion,classifier_uncertainty_repulsion,4,51,62,63,1711,1.67094310680349,False,False,False,1677,0.5019046037870503,0.9961907924258995,0.6931399255112287,null,0.1,25,394,null,5,0.9811092527397547,null,null,0.8665640797226491,0.15,0.3108812552664536,0.8832493193828951
ackley,optimized_ard_gpc,classifier_uncertainty_repulsion,classifier_uncertainty_repulsion,4,52,63,64,259,1.401211113066955,False,False,False,253,0.4986055333194077,0.9972110666388154,0.6931432914802571,null,0.1,25,394,null,27,0.9362342025741816,null,null,0.8526299918354827,0.15,0.32971158590751465,0.9107016059562569
ackley,optimized_ard_gpc,classifier_uncertainty_repulsion,classifier_uncertainty_repulsion,4,53,64,65,726,3.4443577108567034,False,False,False,707,0.5004439790945535,0.999112041810893,0.6931467863250207,null,0.1,25,394,null,4,0.9853281628995838,null,null,0.8815505324820849,0.15,0.3182492635182392,0.8946770889892092
ackley,optimized_ard_gpc,classifier_uncertainty_repulsion,classifier_uncertainty_repulsion,4,54,65,66,1314,0.296583896761188,False,True,True,1287,0.5034954261081577,0.9930091477836847,0.6931227443535467,null,0.1,25,394,null,12,0.9520524131420847,null,null,0.7939183283449897,0.15,0.28422342446033816,0.8339019127369252
ackley,optimized_ard_gpc,classifier_uncertainty_repulsion,classifier_uncertainty_repulsion,4,55,66,67,3783,0.48261453891867667,False,False,True,3720,0.5006511753553853,0.9986976492892294,0.6931463325010186,null,0.1,25,394,null,4,0.991154900691048,null,null,0.8807230797699844,0.15,0.31424713633513995,0.8885826818350302
ackley,optimized_ard_gpc,classifier_uncertainty_repulsion,classifier_uncertainty_repulsion,4,56,67,68,561,2.918997835851968,False,False,False,544,0.5021666478308573,0.9956667043382854,0.6931377918049164,null,0.1,25,394,null,7,0.9711080839826169,null,null,0.8345273666512341,0.15,0.297100134525397,0.8593558023209416
ackley,optimized_ard_gpc,classifier_uncertainty_repulsion,classifier_uncertainty_repulsion,4,57,68,69,1727,1.28159571150311,False,False,False,1688,0.4975013872525782,0.9950027745051564,0.6931346943766538,null,0.1,25,394,null,11,0.9697791916016051,null,null,0.8236718657179317,0.15,0.2918436441740142,0.8493395948799697
ackley,optimized_ard_gpc,classifier_uncertainty_repulsion,classifier_uncertainty_repulsion,4,58,69,70,2850,3.9153499367426665,False,False,False,2796,0.49719079658556886,0.9943815931711377,0.69313139722926,null,0.1,25,394,null,11,0.9605013092464578,null,null,0.8189118527192929,0.15,0.29351927226033275,0.8525879609281886
ackley,optimized_ard_gpc,classifier_uncertainty_repulsion,classifier_uncertainty_repulsion,4,59,70,71,914,0.3065041497860097,False,True,True,889,0.5013881355893601,0.9972237288212797,0.6931433267141657,null,0.1,25,393,null,5,0.9798325876917474,null,null,0.8653493550530876,0.15,0.31082615882672937,0.8831604152824157
ackley,optimized_ard_gpc,classifier_uncertainty_repulsion,classifier_uncertainty_repulsion,4,60,71,72,341,0.3406697720704184,False,True,True,329,0.5046001051404225,0.9907997897191549,0.6931048580282705,null,0.1,25,393,null,25,0.9358661586255999,null,null,0.8557047004492196,0.15,0.3325422289614467,0.9143451684436328
ackley,optimized_ard_gpc,classifier_uncertainty_repulsion,classifier_uncertainty_repulsion,4,61,72,73,3476,0.7078199078474938,False,False,False,3414,0.5021768428181437,0.9956463143637126,0.6931377032406956,null,0.1,25,393,null,14,0.9679602463415294,null,null,0.7741403846059058,0.15,0.26902004152375397,0.7997646468765853
ackley,optimized_ard_gpc,classifier_uncertainty_repulsion,classifier_uncertainty_repulsion,4,62,73,74,3956,1.0747364763464518,False,False,False,3884,0.4998496881979182,0.9996993763958364,0.6931471353726689,null,0.1,25,393,null,0,1.0,null,null,0.8168268369993238,0.15,0.27636850353408454,0.8168268369993238
ackley,optimized_ard_gpc,classifier_uncertainty_repulsion,classifier_uncertainty_repulsion,4,63,74,75,3651,0.005733661652504551,True,True,True,3585,0.5036839039143048,0.9926321921713903,0.6931200380182723,null,0.1,25,393,null,16,0.9496239593125452,null,null,0.7993892558176751,0.15,0.28805212909163685,0.8417955844294108
ackley,optimized_ard_gpc,classifier_uncertainty_repulsion,classifier_uncertainty_repulsion,4,64,75,76,2985,0.07837379534208644,True,True,True,2927,0.49916084205834865,0.9983216841166973,0.6931457721871821,null,0.1,25,393,null,5,0.9852893146889663,null,null,0.8015922682924245,0.15,0.2749256867232197,0.8135602978151337
ackley,optimized_ard_gpc,classifier_uncertainty_repulsion,classifier_uncertainty_repulsion,4,65,76,77,1426,0.4922307240479302,False,False,True,1392,0.5025744659041136,0.9948510681917728,0.6931339247519901,null,0.1,25,393,null,16,0.9582447774722788,null,null,0.857474047022971,0.15,0.31835748632277794,0.8948382158521881
ackley,optimized_ard_gpc,classifier_uncertainty_repulsion,classifier_uncertainty_repulsion,4,66,77,78,3554,0.2765034359849565,False,True,True,3487,0.4980884738360145,0.996176947672029,0.6931398726775924,null,0.1,25,393,null,11,0.9716975827074178,null,null,0.7748566802729135,0.15,0.26804700557254396,0.7974257568017704
ackley,optimized_ard_gpc,classifier_uncertainty_repulsion,classifier_uncertainty_repulsion,4,67,78,79,3342,1.3944614129607888,False,False,False,3278,0.4979567033115848,0.9959134066231696,0.6931388304139898,null,0.1,25,393,null,18,0.9653791952195934,null,null,0.7734480592254835,0.15,0.26961508660029826,0.8011857548365214
ackley,optimized_ard_gpc,classifier_uncertainty_repulsion,classifier_uncertainty_repulsion,4,68,79,80,3483,0.8553937314028932,False,False,False,3417,0.5028094567594543,0.9943810864810914,0.6931313943823109,null,0.1,25,393,null,25,0.9523258700684939,null,null,0.792899082422206,0.15,0.28360097182258187,0.8325921907016749
