analysis_label,phase,phase3_config_fingerprint,run_fingerprint,target,target_label,target_definition,gp_configuration,gp_configuration_label,kernel_family,matern_nu,learned_nugget,fold_index,heldout_simulation_id,heldout_numeric_simulation_id,observed_target_um,predicted_mean_um,residual_um,absolute_error_um,squared_error_um2,latent_predictive_std_um,latent_predictive_variance_um2,total_predictive_std_um,total_predictive_variance_um2,evaluation_predictive_std_um,evaluation_variance_definition,latent_nlpd,total_nlpd,evaluation_nlpd,latent_interval_lower_um,latent_interval_upper_um,total_interval_lower_um,total_interval_upper_um,latent_interval_contains_observed,total_interval_contains_observed,optimized_kernel,optimized_signal_variance_normalized,optimized_length_scale,optimized_noise_variance_normalized,optimized_noise_std_normalized,optimized_noise_variance_um2,optimized_noise_std_um,noise_std_fraction_training_target_std,noise_std_fraction_dataset_target_median,dataset_target_median_um_reporting_only,dataset_target_median_used_for_fitting,numerical_alpha_normalized,numerical_alpha_interpretation,training_size,population_size,heldout_excluded_from_training,heldout_target_used_for_scaling,heldout_target_used_for_fitting,heldout_target_used_for_tuning,x_scaler_fit_on_training_only,y_scaler_fit_on_training_only,normalize_y,feature_columns,training_y_mean_um,training_y_std_um,x_training_mean,x_training_scale,outer_training_simulation_ids_sha256,heldout_P,heldout_VX,heldout_LS,heldout_ST,fold_random_seed,optimizer,n_restarts_optimizer,log_marginal_likelihood,runtime_seconds,warning_count,convergence_warning_count,warnings,convergence_status,failed_fold,constant_bound_hit,constant_bound_side,length_scale_bound_hit,length_scale_bound_side,noise_bound_hit,noise_bound_side,any_hyperparameter_bound_hit
phase3b_kernel_noise,Phase 3B,F7F71204D643D1027D0FF4736F24213619BF6A09C2361C3C11F169797AC98A9C,E3E41FD0A915BE42A1C8872758FFCAFC04ECE3F11ABB0977B7E0016F2D6C8E0C,length,Melt-pool length,T0,rbf_learned_nugget,RBF + learned nugget,RBF,,True,0,sim_00001,1,262.5708499999,263.21888954258156,-0.6480395426815448,0.6480395426815448,0.4199552488789058,6.261766378382924,39.209718177446796,18.097971714717914,327.5365801867297,18.097971714717914,total predictive variance including learned WhiteKernel nugget,2.758756092004207,3.8153794866829163,3.8153794866829163,250.94582744095104,275.4919516442121,227.74686498173446,298.69091410342867,True,True,2.55**2 * RBF(length_scale=2.78) + WhiteKernel(noise_level=0.0352),6.488962601321929,2.77921549941153,0.035203138555946804,0.1876249944862006,288.32686200928293,16.98019028189269,0.1876249944862006,0.04974044823285032,341.3759,False,1e-08,numerical jitter only; separate from WhiteKernel nugget,240,241,True,False,False,False,True,True,False,"[""P"",""VX"",""LS"",""ST""]",344.20952020413836,90.50068370896898,"[158.41685668854458,0.6174309603939917,6.476530180872957e-05,348.6835952922249]","[52.94868432117492,0.24073330218794772,1.3358446857885196e-05,32.34583139550507]",C1A71F1D3A2422A611F80239EE2F839B1B41D0A7D4B834310A9FD22BAB071E75,101.127472137,0.52394730996,4.5e-05,300.0,2875622588,fmin_l_bfgs_b,1,-25.09842665577176,0.5532406000420451,0,0,,completed_without_convergence_warning,False,False,,False,,False,,False
phase3b_kernel_noise,Phase 3B,F7F71204D643D1027D0FF4736F24213619BF6A09C2361C3C11F169797AC98A9C,E3E41FD0A915BE42A1C8872758FFCAFC04ECE3F11ABB0977B7E0016F2D6C8E0C,length,Melt-pool length,T0,rbf_learned_nugget,RBF + learned nugget,RBF,,True,1,sim_00002,2,297.7007,301.6044328883285,-3.903732888328534,3.903732888328534,15.239130463417839,16.00908745080999,256.2908810076819,23.324216750647594,544.0190870311898,23.324216750647594,total predictive variance including learned WhiteKernel nugget,3.721825205579916,4.082436761863776,4.082436761863776,270.2266214847409,332.9822442919161,255.88896805705923,347.3198977195978,True,True,2.53**2 * RBF(length_scale=2.77) + WhiteKernel(noise_level=0.035),6.386244928442405,2.773330673031965,0.035049866770148416,0.18721609645046128,287.7282060235079,16.962553051457434,0.18721609645046128,0.04968878310231459,341.3759,False,1e-08,numerical jitter only; separate from WhiteKernel nugget,240,241,True,False,False,False,True,True,False,"[""P"",""VX"",""LS"",""ST""]",344.0631458291379,90.60413806857599,"[158.40446473227792,0.6157952004352666,6.458493395760749e-05,348.28789357284154]","[52.961741081080795,0.24002814447852902,1.3331834273979293e-05,32.35808136104498]",FA446B729C2F19C80593618A398F5542870501B1F85B0093CCF7085D009B5698,104.101541641,0.916529700054,8.82882842693e-05,394.968412652,440543945,fmin_l_bfgs_b,1,-24.40452967960786,0.5133846999960952,0,0,,completed_without_convergence_warning,False,False,,False,,False,,False
phase3b_kernel_noise,Phase 3B,F7F71204D643D1027D0FF4736F24213619BF6A09C2361C3C11F169797AC98A9C,E3E41FD0A915BE42A1C8872758FFCAFC04ECE3F11ABB0977B7E0016F2D6C8E0C,length,Melt-pool length,T0,rbf_learned_nugget,RBF + learned nugget,RBF,,True,2,sim_00003,3,261.8447,279.35781684938564,-17.513116849385653,17.513116849385653,306.7092617802357,5.7768259510787034,33.371718069056364,17.921191099764595,321.1690904342817,17.921191099764595,total predictive variance including learned WhiteKernel nugget,7.268140112721485,4.282411166625202,4.282411166625202,268.0352379852714,290.6803957134999,244.23228229384705,314.48335140492424,False,True,2.6**2 * RBF(length_scale=2.81) + WhiteKernel(noise_level=0.0351),6.746602367023584,2.8082659654118185,0.035140619786548956,0.1874583147970475,287.7973723652254,16.964591724094788,0.1874583147970475,0.0496947550313153,341.3759,False,1e-08,numerical jitter only; separate from WhiteKernel nugget,240,241,True,False,False,False,True,True,False,"[""P"",""VX"",""LS"",""ST""]",344.21254582913787,90.49794212895583,"[158.3995699254654,0.6169514116475291,6.463348166584206e-05,348.40255952951645]","[52.96670509691898,0.2408044033443286,1.3396689281503218e-05,32.47432872676716]",5673D08E997648C3B4BFBAB58729D083D268FAAD12401130F9A80580C9D9FD19,105.276295276,0.639039009111,7.6636834293e-05,367.44858305,174049985,fmin_l_bfgs_b,1,-24.49561174758523,0.5308213999960572,0,0,,completed_without_convergence_warning,False,False,,False,,False,,False
phase3b_kernel_noise,Phase 3B,F7F71204D643D1027D0FF4736F24213619BF6A09C2361C3C11F169797AC98A9C,E3E41FD0A915BE42A1C8872758FFCAFC04ECE3F11ABB0977B7E0016F2D6C8E0C,length,Melt-pool length,T0,rbf_learned_nugget,RBF + learned nugget,RBF,,True,3,sim_00004,4,288.07835,278.7393309155641,9.339019084435904,9.339019084435904,87.21727745945803,13.110159271150465,171.8762761149325,21.44177464859831,459.74970008127326,21.44177464859831,total predictive variance including learned WhiteKernel nugget,3.7460470849134797,4.079132639701664,4.079132639701664,253.04341874410918,304.435243087019,236.7134526043114,320.7652092268168,True,True,2.53**2 * RBF(length_scale=2.78) + WhiteKernel(noise_level=0.0351),6.409136746780206,2.7780548946545434,0.035085101196154184,0.1873101737657466,287.87342396634074,16.966833056476414,0.1873101737657466,0.04970132061600252,341.3759,False,1e-08,numerical jitter only; separate from WhiteKernel nugget,240,241,True,False,False,False,True,True,False,"[""P"",""VX"",""LS"",""ST""]",344.10323895413785,90.58148158943803,"[158.39165382346957,0.6182776072410958,6.458809252473623e-05,348.2925134424874]","[52.9745014621117,0.24004473767101805,1.3337358734301948e-05,32.36466594117993]",3D71E35401DFDC45453821EF0A53158C5CD45C9E9B63F8790644DC88758BBBA6,107.176159755,0.320752066655,8.75302281584e-05,393.859643937,3360179665,fmin_l_bfgs_b,1,-24.45389327137471,0.7398956000106409,0,0,,completed_without_convergence_warning,False,False,,False,,False,,False
phase3b_kernel_noise,Phase 3B,F7F71204D643D1027D0FF4736F24213619BF6A09C2361C3C11F169797AC98A9C,E3E41FD0A915BE42A1C8872758FFCAFC04ECE3F11ABB0977B7E0016F2D6C8E0C,length,Melt-pool length,T0,rbf_learned_nugget,RBF + learned nugget,RBF,,True,4,sim_00005,5,236.38402999989998,234.56692631390587,1.8171036859941125,1.8171036859941125,3.3018658056533905,7.397262587215937,54.71949378422462,18.51564116121438,342.8289676108562,18.51564116121438,total predictive variance including learned WhiteKernel nugget,2.9502193808764705,3.8423699929591817,3.8423699929591817,220.06829164296263,249.0655609848491,198.27626963792568,270.85758298988605,True,True,2.54**2 * RBF(length_scale=2.78) + WhiteKernel(noise_level=0.0353),6.452582379306551,2.783311388841248,0.035265659561136496,0.18779153218698785,288.1094738266316,16.973787845576236,0.18779153218698785,0.049721693434059744,341.3759,False,1e-08,numerical jitter only; separate from WhiteKernel nugget,240,241,True,False,False,False,True,True,False,"[""P"",""VX"",""LS"",""ST""]",344.3186319541383,90.38633237559982,"[158.3808880455779,0.6186060484485084,6.476530180872957e-05,348.6835952922249]","[52.98464515358333,0.2395830529147136,1.3358446857885196e-05,32.34583139550507]",02334BC0EC5436E61A7F9210AA2228227887F252488785F8869DBE76D699F9AA,109.759946449,0.241926176876,4.5e-05,300.0,3852695954,fmin_l_bfgs_b,1,-25.065177388402333,0.377599100000225,0,0,,completed_without_convergence_warning,False,False,,False,,False,,False
phase3b_kernel_noise,Phase 3B,F7F71204D643D1027D0FF4736F24213619BF6A09C2361C3C11F169797AC98A9C,E3E41FD0A915BE42A1C8872758FFCAFC04ECE3F11ABB0977B7E0016F2D6C8E0C,length,Melt-pool length,T0,rbf_learned_nugget,RBF + learned nugget,RBF,,True,5,sim_00006,6,292.1034,291.08036275399894,1.0230372460010813,1.0230372460010813,1.0466052067054767,6.285515699623167,39.50770761020931,18.09979144539499,327.60245036679373,18.09979144539499,total predictive variance including learned WhiteKernel nugget,2.7704320068980475,3.816436319902381,3.816436319902381,278.76075198273753,303.39997352526035,255.60477152102476,326.5559539869731,True,True,2.53**2 * RBF(length_scale=2.78) + WhiteKernel(noise_level=0.0351),6.414286478377972,2.775367599553276,0.03510432490304194,0.18736148190874755,288.0947427565845,16.973353904181238,0.18736148190874757,0.04972042227990095,341.3759,False,1e-08,numerical jitter only; separate from WhiteKernel nugget,240,241,True,False,False,False,True,True,False,"[""P"",""VX"",""LS"",""ST""]",344.0864679124712,90.59147980291878,"[158.37891002264456,0.6160032861109832,6.461589345980373e-05,348.4795091247081]","[52.986451341788005,0.24026700149970834,1.3378135022634581e-05,32.49747951712133]",EC508C39681D1A517DE8CF818879044CE7DDA531EA9FB37276409A41A2CC6C01,110.234671953,0.866589137882,8.08580037422e-05,348.980680204,122478472,fmin_l_bfgs_b,1,-24.57620318648503,0.7345079000224359,0,0,,completed_without_convergence_warning,False,False,,False,,False,,False
phase3b_kernel_noise,Phase 3B,F7F71204D643D1027D0FF4736F24213619BF6A09C2361C3C11F169797AC98A9C,E3E41FD0A915BE42A1C8872758FFCAFC04ECE3F11ABB0977B7E0016F2D6C8E0C,length,Melt-pool length,T0,rbf_learned_nugget,RBF + learned nugget,RBF,,True,6,sim_00007,7,262.4155,259.43181127086774,2.9836887291322682,2.9836887291322682,8.90239843235093,8.06931326787476,65.11381661509964,18.794553885954503,353.23525577204754,18.794553885954503,total predictive variance including learned WhiteKernel nugget,3.075367202327321,3.8651069056112584,3.8651069056112584,243.6159572658332,275.24766527590225,222.59448565439692,296.26913688733856,True,True,2.54**2 * RBF(length_scale=2.78) + WhiteKernel(noise_level=0.0352),6.4557548187497416,2.7827574948551477,0.03517851192015074,0.18755935572546292,288.1214391569479,16.97414030685937,0.18755935572546292,0.04972272590671857,341.3759,False,1e-08,numerical jitter only; separate from WhiteKernel nugget,240,241,True,False,False,False,True,True,False,"[""P"",""VX"",""LS"",""ST""]",344.2101674958046,90.50009924167686,"[158.37721145453625,0.6184717627793292,6.464164930829206e-05,348.43937469980403]","[52.987988101203044,0.2397850262103685,1.3403405712270068e-05,32.490887191220146]",47E5D61FE025540C84720EF3B6946A1054A8253A357677BB0CACF477630B612D,110.642328299,0.274154737479,7.4676600105e-05,358.612942181,2687040446,fmin_l_bfgs_b,1,-24.607333984304233,0.5705375999677926,0,0,,completed_without_convergence_warning,False,False,,False,,False,,False
phase3b_kernel_noise,Phase 3B,F7F71204D643D1027D0FF4736F24213619BF6A09C2361C3C11F169797AC98A9C,E3E41FD0A915BE42A1C8872758FFCAFC04ECE3F11ABB0977B7E0016F2D6C8E0C,length,Melt-pool length,T0,rbf_learned_nugget,RBF + learned nugget,RBF,,True,7,sim_00008,8,291.7725,279.2241533875609,12.548346612439104,12.548346612439104,157.46100270591194,7.413994832718507,54.96731937957673,18.49248381624884,341.97195769422524,18.49248381624884,total predictive variance including learned WhiteKernel nugget,4.3546226734621785,4.066527924150179,4.066527924150179,264.6927235154326,293.75558325968916,242.97888510771315,315.4694216674086,True,True,2.55**2 * RBF(length_scale=2.78) + WhiteKernel(noise_level=0.035),6.500212608880244,2.7750949836836423,0.03497210853871096,0.18700831141612653,287.0046383146485,16.941211241072715,0.18700831141612653,0.049626266063517416,341.3759,False,1e-08,numerical jitter only; separate from WhiteKernel nugget,240,241,True,False,False,False,True,True,False,"[""P"",""VX"",""LS"",""ST""]",344.0878466624712,90.5906861186267,"[158.3697702161654,0.6166771339720416,6.46898903951029e-05,348.6450890727332]","[52.994565302894024,0.24074159257097874,1.3418592428444363e-05,32.39822083701424]",D68F4A8001756D53C04EA03737D32DFF0E97B392C3BD792D97F6C9182A9593E9,112.428225508,0.704865651228,6.30987392704e-05,309.241492678,105052909,fmin_l_bfgs_b,1,-24.454501892037825,0.4187287999666296,0,0,,completed_without_convergence_warning,False,False,,False,,False,,False
phase3b_kernel_noise,Phase 3B,F7F71204D643D1027D0FF4736F24213619BF6A09C2361C3C11F169797AC98A9C,E3E41FD0A915BE42A1C8872758FFCAFC04ECE3F11ABB0977B7E0016F2D6C8E0C,length,Melt-pool length,T0,rbf_learned_nugget,RBF + learned nugget,RBF,,True,8,sim_00009,9,264.21325,289.14390429274954,-24.930654292749523,24.930654292749523,621.5375234645902,8.096818770051058,65.55847419505113,18.728942284314783,350.77327908919426,18.728942284314783,total predictive variance including learned WhiteKernel nugget,7.75073915936426,4.734961926419679,4.734961926419679,273.2741395034495,305.0136690820496,252.43517741549257,325.85263117000653,False,True,2.6**2 * RBF(length_scale=2.8) + WhiteKernel(noise_level=0.0348),6.753205538813654,2.798059071594059,0.034818471256349,0.1865970826576584,285.21480489414313,16.88830378972806,0.1865970826576584,0.04947128309212238,341.3759,False,1e-08,numerical jitter only; separate from WhiteKernel nugget,240,241,True,False,False,False,True,True,False,"[""P"",""VX"",""LS"",""ST""]",344.2026768708046,90.50679436779996,"[158.36778409537374,0.6173736856002167,6.475985666105916e-05,348.5912237646123]","[52.99627809469381,0.24075390073481917,1.3366233832592893e-05,32.45289559521182]",F9B11A3FCE1E562647087FCED6CD5B92226595E705D76E955F6B492586AFA8CF,112.904894498,0.537693260466,4.63068354409e-05,322.169166627,2174127267,fmin_l_bfgs_b,1,-24.062039456302955,0.6971129000303335,0,0,,completed_without_convergence_warning,False,False,,False,,False,,False
phase3b_kernel_noise,Phase 3B,F7F71204D643D1027D0FF4736F24213619BF6A09C2361C3C11F169797AC98A9C,E3E41FD0A915BE42A1C8872758FFCAFC04ECE3F11ABB0977B7E0016F2D6C8E0C,length,Melt-pool length,T0,rbf_learned_nugget,RBF + learned nugget,RBF,,True,9,sim_00010,10,277.71594999999996,288.67702769164237,-10.961077691642402,10.961077691642402,120.14522416222071,8.159688606718486,66.58051815861147,18.819102666990524,354.1586251907299,18.819102666990524,total predictive variance including learned WhiteKernel nugget,3.920399640689318,4.023431624816568,4.023431624816568,272.6840380224741,304.6700173608106,251.79158646434092,325.5624689189438,True,True,2.54**2 * RBF(length_scale=2.77) + WhiteKernel(noise_level=0.0351),6.456919057060826,2.7735986832051407,0.03507170872332459,0.1872744208997176,287.5781070321183,16.95812805212056,0.1872744208997176,0.049675820853553404,341.3759,False,1e-08,numerical jitter only; separate from WhiteKernel nugget,240,241,True,False,False,False,True,True,False,"[""P"",""VX"",""LS"",""ST""]",344.1464156208046,90.5522920356612,"[158.36619331605706,0.6172487292997,6.471096775599373e-05,348.6746412483623]","[52.99763697439272,0.2407874391839439,1.3412102099912544e-05,32.35900673090017]",10B9323F0E9890207C54E75E7EFB7A8E7062030760479D8B38D8D8A42E49C650,113.286681534,0.56768277259,5.80401726566e-05,302.148970527,2032620259,fmin_l_bfgs_b,1,-24.6512720628846,0.5267476000008173,0,0,,completed_without_convergence_warning,False,False,,False,,False,,False
phase3b_kernel_noise,Phase 3B,F7F71204D643D1027D0FF4736F24213619BF6A09C2361C3C11F169797AC98A9C,E3E41FD0A915BE42A1C8872758FFCAFC04ECE3F11ABB0977B7E0016F2D6C8E0C,length,Melt-pool length,T0,rbf_learned_nugget,RBF + learned nugget,RBF,,True,10,sim_00011,11,304.21659999990004,313.71495707873794,-9.498357078837898,9.498357078837898,90.21878719711002,8.22542983141245,67.65769591148985,18.82688697333214,354.45167310662345,18.82688697333214,total predictive variance including learned WhiteKernel nugget,3.692898762514223,3.981489825628283,3.981489825628283,297.59311460916956,329.8367995483063,276.81425861100695,350.61565554646893,True,True,2.55**2 * RBF(length_scale=2.78) + WhiteKernel(noise_level=0.0349),6.48318165119729,2.7777121325984684,0.0349261080441832,0.18688528043744698,286.7939771951336,16.934992683645707,0.18688528043744698,0.0496080499052385,341.3759,False,1e-08,numerical jitter only; separate from WhiteKernel nugget,240,241,True,False,False,False,True,True,False,"[""P"",""VX"",""LS"",""ST""]",344.035996245805,90.61704936849789,"[158.35980358251538,0.6156632841288999,6.470125772929873e-05,348.4604284791165]","[53.00297894732937,0.23985406544869675,1.341608390486672e-05,32.495835248697766]",9BA3E0C8047B39646CD2366F44B4D478189AEA1C20FECA99FBC6EAE827F18B71,114.820217584,0.948189613582,6.03705790634e-05,353.560035146,1503884431,fmin_l_bfgs_b,1,-24.167841838684154,0.5221913999994285,0,0,,completed_without_convergence_warning,False,False,,False,,False,,False
phase3b_kernel_noise,Phase 3B,F7F71204D643D1027D0FF4736F24213619BF6A09C2361C3C11F169797AC98A9C,E3E41FD0A915BE42A1C8872758FFCAFC04ECE3F11ABB0977B7E0016F2D6C8E0C,length,Melt-pool length,T0,rbf_learned_nugget,RBF + learned nugget,RBF,,True,11,sim_00012,12,294.68050000000005,286.90699585705954,7.77350414294051,7.77350414294051,60.427366660313275,6.248491108303032,39.04364113054205,18.090285108747963,327.2584153157883,18.090285108747963,total predictive variance including learned WhiteKernel nugget,3.525122440203881,3.906637218415534,3.906637218415534,274.6599532847856,299.15403842933347,251.45003704391354,322.36395467020554,True,True,2.53**2 * RBF(length_scale=2.78) + WhiteKernel(noise_level=0.0351),6.405877905872093,2.7755165332949576,0.03511429299518828,0.18738808125168546,288.2147741852463,16.976889414296313,0.18738808125168543,0.04973077892814435,341.3759,False,1e-08,numerical jitter only; separate from WhiteKernel nugget,240,241,True,False,False,False,True,True,False,"[""P"",""VX"",""LS"",""ST""]",344.0757299958046,90.59748784926317,"[158.3578817085154,0.6178456030195166,6.472744339517956e-05,348.46420921269146]","[53.004549260701374,0.2404860981421402,1.3401464578945536e-05,32.49637555447874]",128B75EE035221C8B0AB5937784B34FD1F99969E5DF8FA95F4BA2635C579F476,115.281467344,0.424433079834,5.4086019252e-05,352.652659088,541505409,fmin_l_bfgs_b,1,-24.483375577304713,0.5627208999940194,0,0,,completed_without_convergence_warning,False,False,,False,,False,,False
phase3b_kernel_noise,Phase 3B,F7F71204D643D1027D0FF4736F24213619BF6A09C2361C3C11F169797AC98A9C,E3E41FD0A915BE42A1C8872758FFCAFC04ECE3F11ABB0977B7E0016F2D6C8E0C,length,Melt-pool length,T0,rbf_learned_nugget,RBF + learned nugget,RBF,,True,12,sim_00013,13,298.77639999999997,301.01360579672394,-2.23720579672397,2.23720579672397,5.005089776895333,5.748198440581159,33.041785312299666,17.923516898651307,321.25245801623896,17.923516898651307,total predictive variance including learned WhiteKernel nugget,2.7435638157358153,3.812842140395796,3.812842140395796,289.7471368531849,312.280074740263,265.8835126753674,336.1436989180805,True,True,2.54**2 * RBF(length_scale=2.77) + WhiteKernel(noise_level=0.0351),6.429632504309223,2.772633706290555,0.035106882233953716,0.1873683063753145,288.21067270393934,16.976768617847725,0.1873683063753145,0.04973042507642667,341.3759,False,1e-08,numerical jitter only; separate from WhiteKernel nugget,240,241,True,False,False,False,True,True,False,"[""P"",""VX"",""LS"",""ST""]",344.0586637458046,90.60640481983025,"[158.3530527447446,0.6170264221488834,6.464732261184832e-05,348.5709529567457]","[53.00842057037782,0.24080846801739864,1.3407363290962404e-05,32.4678702279507]",7F0A396E35F7C57501124C7A7DAB33A88F4CDE64246BC9E777DA4B1874A4312C,116.440418649,0.621036488786,7.33150072515e-05,327.034160515,2955026078,fmin_l_bfgs_b,1,-24.647264731356955,0.7264080999884754,0,0,,completed_without_convergence_warning,False,False,,False,,False,,False
phase3b_kernel_noise,Phase 3B,F7F71204D643D1027D0FF4736F24213619BF6A09C2361C3C11F169797AC98A9C,E3E41FD0A915BE42A1C8872758FFCAFC04ECE3F11ABB0977B7E0016F2D6C8E0C,length,Melt-pool length,T0,rbf_learned_nugget,RBF + learned nugget,RBF,,True,13,sim_00014,14,246.45340000000002,271.14949301669657,-24.69609301669655,24.69609301669655,609.8970102893281,18.16739857056745,330.0543708218562,24.847533961701675,617.3999439779182,24.847533961701675,total predictive variance including learned WhiteKernel nugget,4.742501385456542,4.6256208093622195,4.6256208093622195,235.54139181838437,306.7575942150088,222.4483264517613,319.8506595816319,True,True,2.52**2 * RBF(length_scale=2.78) + WhiteKernel(noise_level=0.0351),6.370928029538133,2.782474568048987,0.03513502895325545,0.18744340199979154,287.345573156062,16.95127054695494,0.18744340199979154,0.04965573301148365,341.3759,False,1e-08,numerical jitter only; separate from WhiteKernel nugget,240,241,True,False,False,False,True,True,False,"[""P"",""VX"",""LS"",""ST""]",344.2766762458045,90.43407431846437,"[158.3519987794154,0.6186515558361501,6.460750575368374e-05,348.6119330496082]","[53.00925138670884,0.23951045220989403,1.3367313618197329e-05,32.434437099168925]",7A06422EB93744E4AAFE39E242228B2F4A12E0BBF5E83666A6EB649FA16BB3B6,116.693370328,0.231004403842,8.2871053211e-05,317.198938228,4229966315,fmin_l_bfgs_b,1,-24.047606553995934,0.6371270999661647,0,0,,completed_without_convergence_warning,False,False,,False,,False,,False
phase3b_kernel_noise,Phase 3B,F7F71204D643D1027D0FF4736F24213619BF6A09C2361C3C11F169797AC98A9C,E3E41FD0A915BE42A1C8872758FFCAFC04ECE3F11ABB0977B7E0016F2D6C8E0C,length,Melt-pool length,T0,rbf_learned_nugget,RBF + learned nugget,RBF,,True,14,sim_00015,15,288.6902,305.49466191511647,-16.804461915116462,16.804461915116462,282.38994025659963,9.83088851498249,96.64636899401464,19.577810879725273,383.2906788422893,19.577810879725273,total predictive variance including learned WhiteKernel nugget,4.6654122365389314,4.261711054959428,4.261711054959428,286.22612042575076,324.76320340448217,267.1221525908549,343.867171239378,True,True,2.55**2 * RBF(length_scale=2.78) + WhiteKernel(noise_level=0.0349),6.522121413614428,2.777600279173712,0.03493409110012025,0.1869066373891528,286.64430984827464,16.93057322857896,0.1869066373891528,0.04959510389743084,341.3759,False,1e-08,numerical jitter only; separate from WhiteKernel nugget,240,241,True,False,False,False,True,True,False,"[""P"",""VX"",""LS"",""ST""]",344.1006895791379,90.58304972513262,"[158.34451259494875,0.6173844334427584,6.475284015805415e-05,348.3277112325249]","[53.015006880890596,0.24075028576165886,1.3375473579595644e-05,32.40957813550829]",E15D742E6A9148F72FF7D5557C433C7EF00FA07AEF36013E6E0DAFCC632944E4,118.4900546,0.535113778256,4.79907961621e-05,385.412174328,2859659834,fmin_l_bfgs_b,1,-24.33996187511113,0.4461613000021316,0,0,,completed_without_convergence_warning,False,False,,False,,False,,False
phase3b_kernel_noise,Phase 3B,F7F71204D643D1027D0FF4736F24213619BF6A09C2361C3C11F169797AC98A9C,E3E41FD0A915BE42A1C8872758FFCAFC04ECE3F11ABB0977B7E0016F2D6C8E0C,length,Melt-pool length,T0,rbf_learned_nugget,RBF + learned nugget,RBF,,True,15,sim_00016,16,259.6157499999,254.48415602457322,5.13159397532678,5.13159397532678,26.333256727610102,10.530948477239521,110.90087583027339,19.970718457222596,398.82959569765126,19.970718457222596,total predictive variance including learned WhiteKernel nugget,3.3919812247009604,3.9462188246051775,3.9462188246051775,233.84349700918375,275.1248150399627,215.34154784841695,293.6267642007295,True,True,2.54**2 * RBF(length_scale=2.78) + WhiteKernel(noise_level=0.0352),6.4662377869663015,2.7809547463606568,0.035163315670115596,0.18751884084036888,287.9287198673779,16.968462507468903,0.18751884084036888,0.0497060938029571,341.3759,False,1e-08,numerical jitter only; separate from WhiteKernel nugget,240,241,True,False,False,False,True,True,False,"[""P"",""VX"",""LS"",""ST""]",344.221833120805,90.48937392863805,"[158.33964409674041,0.6183404361363334,6.474001310586831e-05,348.29472905309564]","[53.018612817079,0.23996486897297997,1.3390058109921748e-05,32.3677669366823]",21310EF52409DF63A071F3166021A8B8B4638DA5722F79E3A8E8DA6A998A1F13,119.65849417,0.305673131798,5.10692886867e-05,393.327897391,2601231196,fmin_l_bfgs_b,1,-24.7066011665988,0.5305396000039764,0,0,,completed_without_convergence_warning,False,False,,False,,False,,False
phase3b_kernel_noise,Phase 3B,F7F71204D643D1027D0FF4736F24213619BF6A09C2361C3C11F169797AC98A9C,E3E41FD0A915BE42A1C8872758FFCAFC04ECE3F11ABB0977B7E0016F2D6C8E0C,length,Melt-pool length,T0,rbf_learned_nugget,RBF + learned nugget,RBF,,True,16,sim_00017,17,298.90819999990003,281.49652512054536,17.411674879354678,17.411674879354678,303.1664221043507,5.944191484898592,35.333412409140934,17.94626727618069,322.06850914811395,17.94626727618069,total predictive variance including learned WhiteKernel nugget,6.99143433257929,4.276975851931908,4.276975851931908,269.8459098101441,293.1471404309466,246.3218412592312,316.67120898185954,False,True,2.56**2 * RBF(length_scale=2.78) + WhiteKernel(noise_level=0.0349),6.545859259561635,2.7849131773350537,0.03492693134631667,0.18688748311836367,286.73509673897297,16.933254168616646,0.1868874831183637,0.049602957234581135,341.3759,False,1e-08,numerical jitter only; separate from WhiteKernel nugget,240,241,True,False,False,False,True,True,False,"[""P"",""VX"",""LS"",""ST""]",344.0581145791383,90.60667887475431,"[158.3292693192904,0.6164101016198417,6.476530180872957e-05,348.6835952922249]","[53.02593687445433,0.24060804476663916,1.3358446857885196e-05,32.34583139550507]",F8CB5EA1B8A225B73595E15A8B961749C49D61ED4048B21D121F413CC914030B,122.148440758,0.768953415756,4.5e-05,300.0,676255457,fmin_l_bfgs_b,1,-24.29823334965218,0.39991410000948235,0,0,,completed_without_convergence_warning,False,False,,False,,False,,False
phase3b_kernel_noise,Phase 3B,F7F71204D643D1027D0FF4736F24213619BF6A09C2361C3C11F169797AC98A9C,E3E41FD0A915BE42A1C8872758FFCAFC04ECE3F11ABB0977B7E0016F2D6C8E0C,length,Melt-pool length,T0,rbf_learned_nugget,RBF + learned nugget,RBF,,True,17,sim_00018,18,337.0178,341.57237139654796,-4.554571396547942,4.554571396547942,20.74412060625267,10.259364071369495,105.25455114890725,19.82234331074874,392.92529432918525,19.82234331074874,total predictive variance including learned WhiteKernel nugget,3.345672019806094,3.9321453135026547,3.9321453135026547,321.4640178166637,361.6807249764322,302.72057850748047,380.42416428561546,True,True,2.54**2 * RBF(length_scale=2.78) + WhiteKernel(noise_level=0.035),6.44232742555814,2.7805800537172742,0.03500567201490895,0.18709802782207233,287.670743180278,16.9608591521856,0.18709802782207233,0.04968382112558502,341.3759,False,1e-08,numerical jitter only; separate from WhiteKernel nugget,240,241,True,False,False,False,True,True,False,"[""P"",""VX"",""LS"",""ST""]",343.8993245791379,90.65226047339817,"[158.3282218305654,0.6156213144302249,6.45873716350229e-05,348.36346796159154]","[53.026649102130804,0.23979498773279057,1.333611394915862e-05,32.44571873291249]",9A4BC5080E1946D772D12516B1B5CA70EB8E10D146FF787AAC63B7AA745C910E,122.399838052,0.958262341264,8.77032416896e-05,376.830559352,831609661,fmin_l_bfgs_b,1,-24.273029695103872,0.9640701999887824,0,0,,completed_without_convergence_warning,False,False,,False,,False,,False
phase3b_kernel_noise,Phase 3B,F7F71204D643D1027D0FF4736F24213619BF6A09C2361C3C11F169797AC98A9C,E3E41FD0A915BE42A1C8872758FFCAFC04ECE3F11ABB0977B7E0016F2D6C8E0C,length,Melt-pool length,T0,rbf_learned_nugget,RBF + learned nugget,RBF,,True,18,sim_00019,19,300.40250000000003,294.8600082789495,5.54249172105051,5.54249172105051,30.719214477913443,5.873301413508226,34.49566949391773,17.96580652331563,322.7702040332105,17.96580652331563,total predictive variance including learned WhiteKernel nugget,3.134617327378815,3.8549956657867623,3.8549956657867623,283.3483375084734,306.37167904942567,259.6470274932509,330.07298906464814,True,True,2.53**2 * RBF(length_scale=2.78) + WhiteKernel(noise_level=0.0351),6.410535755934831,2.7758028709402818,0.03511208413140476,0.1873821873375502,288.2745345392927,16.97864937323616,0.1873821873375502,0.04973593441492548,341.3759,False,1e-08,numerical jitter only; separate from WhiteKernel nugget,240,241,True,False,False,False,True,True,False,"[""P"",""VX"",""LS"",""ST""]",344.05188832913785,90.60972984935238,"[158.32331050989458,0.6178892381499167,6.472775088090165e-05,348.34715373772906]","[53.02992186917029,0.24045004755325144,1.3401219567741526e-05,32.43041294837297]",828B99CBBD55357CE4A2DA5E304765692A3B5C97DCCEF6DBB98E516C755D1040,123.578555013,0.413960648538,5.40122226787e-05,380.745973079,1658492067,fmin_l_bfgs_b,1,-24.535353349920996,0.5032001999788918,0,0,,completed_without_convergence_warning,False,False,,False,,False,,False
phase3b_kernel_noise,Phase 3B,F7F71204D643D1027D0FF4736F24213619BF6A09C2361C3C11F169797AC98A9C,E3E41FD0A915BE42A1C8872758FFCAFC04ECE3F11ABB0977B7E0016F2D6C8E0C,length,Melt-pool length,T0,rbf_learned_nugget,RBF + learned nugget,RBF,,True,19,sim_00020,20,315.0097,318.1480325921411,-3.1383325921410687,3.1383325921410687,9.84913145889488,13.664725472909886,186.7247222499923,21.782667416627763,474.48459978341685,21.782667416627763,total predictive variance including learned WhiteKernel nugget,3.5601296622617165,4.010431882443524,4.010431882443524,291.3651706652377,344.93089451904444,275.45400445555066,360.8420607287315,True,True,2.53**2 * RBF(length_scale=2.78) + WhiteKernel(noise_level=0.035),6.419122392786583,2.775087703398924,0.03503053710209498,0.18716446538297535,287.75987753342457,16.963486597201197,0.18716446538297538,0.0496915177585799,341.3759,False,1e-08,numerical jitter only; separate from WhiteKernel nugget,240,241,True,False,False,False,True,True,False,"[""P"",""VX"",""LS"",""ST""]",343.99102499580454,90.63411990353276,"[158.3176385259779,0.6158825533468916,6.475309981035664e-05,348.2839940665123]","[53.033564876701114,0.2401337361807569,1.3375147573906206e-05,32.352398716737454]",EBC90B981E56010E8A2BCE56A7DBA205AFBAC72295F00DE73AB53AD97B02C6A0,124.939831153,0.895565001264,4.79284796095e-05,395.904294171,1515590528,fmin_l_bfgs_b,1,-24.33363073834653,0.6813256000168622,0,0,,completed_without_convergence_warning,False,False,,False,,False,,False
phase3b_kernel_noise,Phase 3B,F7F71204D643D1027D0FF4736F24213619BF6A09C2361C3C11F169797AC98A9C,E3E41FD0A915BE42A1C8872758FFCAFC04ECE3F11ABB0977B7E0016F2D6C8E0C,length,Melt-pool length,T0,rbf_learned_nugget,RBF + learned nugget,RBF,,True,20,sim_00021,21,237.46728,228.17937466194923,9.287905338050763,9.287905338050763,86.26518556859186,9.00211854651719,81.03813832554877,19.19860214066698,368.5863241556228,19.19860214066698,total predictive variance including learned WhiteKernel nugget,3.648649015662647,3.990797689587072,3.990797689587072,210.53522231077554,245.8235270131229,190.55011446624195,265.8086348576565,True,True,2.57**2 * RBF(length_scale=2.8) + WhiteKernel(noise_level=0.0352),6.588686176207591,2.7961857979415585,0.035192779828431844,0.18759738758424074,287.54818583007403,16.95724582088949,0.18759738758424074,0.04967323651402893,341.3759,False,1e-08,numerical jitter only; separate from WhiteKernel nugget,240,241,True,False,False,False,True,True,False,"[""P"",""VX"",""LS"",""ST""]",344.31411841247126,90.39169489113928,"[158.31227112142372,0.6187737206743209,6.476530180872957e-05,348.6835952922249]","[53.036877405681054,0.23930513214495497,1.3358446857885196e-05,32.34583139550507]",818A2BC02D91CA870A37287B45A94BF1DB32B5797D5BB86CAB7A612F2E8A983C,126.228008246,0.201684842681,4.5e-05,300.0,2339837004,fmin_l_bfgs_b,1,-24.81449623593099,0.6218456000206061,0,0,,completed_without_convergence_warning,False,False,,False,,False,,False
phase3b_kernel_noise,Phase 3B,F7F71204D643D1027D0FF4736F24213619BF6A09C2361C3C11F169797AC98A9C,E3E41FD0A915BE42A1C8872758FFCAFC04ECE3F11ABB0977B7E0016F2D6C8E0C,length,Melt-pool length,T0,rbf_learned_nugget,RBF + learned nugget,RBF,,True,21,sim_00022,22,330.92805,318.0874884709024,12.840561529097613,12.840561529097613,164.88002038254163,8.459189906095608,71.55789386738982,18.960890746849138,359.5153779139493,18.960890746849138,total predictive variance including learned WhiteKernel nugget,4.20626624232807,4.090625726636616,4.090625726636616,301.507476254955,334.66750068684973,280.92414260707807,355.2508343347267,True,True,2.52**2 * RBF(length_scale=2.77) + WhiteKernel(noise_level=0.035),6.3331950511317165,2.772540228946132,0.03504271535882038,0.18719699612659488,287.95748404655944,16.969310063952495,0.18719699612659488,0.04970857656897425,341.3759,False,1e-08,numerical jitter only; separate from WhiteKernel nugget,240,241,True,False,False,False,True,True,False,"[""P"",""VX"",""LS"",""ST""]",343.9246985374712,90.64947843755321,"[158.3114332546529,0.6180232762903375,6.459671988993998e-05,348.5316343551957]","[53.03738266952572,0.24032733321604594,1.3351519029611394e-05,32.488207333204784]",41AA397489E828B3BF2D106B12EAFA06C29986EC27E86AA6B5453CF7DB5A229A,126.429096271,0.381791494837,8.54596605095e-05,336.470624887,2822473863,fmin_l_bfgs_b,1,-24.200178611417897,0.7422759000328369,0,0,,completed_without_convergence_warning,False,False,,False,,False,,False
phase3b_kernel_noise,Phase 3B,F7F71204D643D1027D0FF4736F24213619BF6A09C2361C3C11F169797AC98A9C,E3E41FD0A915BE42A1C8872758FFCAFC04ECE3F11ABB0977B7E0016F2D6C8E0C,length,Melt-pool length,T0,rbf_learned_nugget,RBF + learned nugget,RBF,,True,22,sim_00023,23,326.9422499999,326.10438805394995,0.8378619459500669,0.8378619459500669,0.7020126404712328,11.343155868892865,128.66718506599864,20.415828086295193,416.80603644915965,20.415828086295193,total predictive variance including learned WhiteKernel nugget,3.350281105508554,3.9360911532790097,3.9360911532790097,303.87180255091994,348.33697355697996,286.0893650048114,366.1194111030885,True,True,2.54**2 * RBF(length_scale=2.78) + WhiteKernel(noise_level=0.0351),6.4398506643789535,2.7753877263725397,0.035066912524733616,0.18726161519311324,288.1388513831611,16.974653203619834,0.18726161519311324,0.04972422834658168,341.3759,False,1e-08,numerical jitter only; separate from WhiteKernel nugget,240,241,True,False,False,False,True,True,False,"[""P"",""VX"",""LS"",""ST""]",343.9413060374717,90.64673070407275,"[158.29721725511956,0.6164865554586209,6.458423147396415e-05,348.60365505431236]","[53.04546855481787,0.24065358414047325,1.3330580773079952e-05,32.442198886820144]",1CBCC2070069FA96AB352F8C376B37E0981029A74F3BFA8ECC8BF97728C494E2,129.840936159,0.750604494449,8.84568803437e-05,319.185657099,3038126666,fmin_l_bfgs_b,1,-24.514377897061877,0.7474962999694981,0,0,,completed_without_convergence_warning,False,False,,False,,False,,False
phase3b_kernel_noise,Phase 3B,F7F71204D643D1027D0FF4736F24213619BF6A09C2361C3C11F169797AC98A9C,E3E41FD0A915BE42A1C8872758FFCAFC04ECE3F11ABB0977B7E0016F2D6C8E0C,length,Melt-pool length,T0,rbf_learned_nugget,RBF + learned nugget,RBF,,True,23,sim_00024,24,315.0021999999,300.4154306492781,14.586769350621864,14.586769350621864,212.7738400882414,6.447674469561965,41.572506065441175,18.12947516805748,328.6778698692127,18.12947516805748,total predictive variance including learned WhiteKernel nugget,5.34172725658164,4.140159030516975,4.140159030516975,287.77798868893666,313.05287260961956,264.88165931988544,335.94920197867077,False,True,2.56**2 * RBF(length_scale=2.78) + WhiteKernel(noise_level=0.035),6.5342700452910325,2.7827949906050424,0.034950867379902696,0.18695151077191832,287.1053638037716,16.944183775082575,0.18695151077191832,0.049634973573361725,341.3759,False,1e-08,numerical jitter only; separate from WhiteKernel nugget,240,241,True,False,False,False,True,True,False,"[""P"",""VX"",""LS"",""ST""]",343.991056245805,90.63410990967895,"[158.28403961691956,0.6165463889641124,6.476530180872957e-05,348.6835952922249]","[53.05214281881532,0.24068513510575304,1.3358446857885196e-05,32.34583139550507]",C5B92F4A61F4370C16869A206A6328E20C3A6E907D5245F9356186BE00A4F4D7,133.003569327,0.736244453131,4.5e-05,300.0,3555399841,fmin_l_bfgs_b,1,-24.374383594721564,0.715435299964156,0,0,,completed_without_convergence_warning,False,False,,False,,False,,False
phase3b_kernel_noise,Phase 3B,F7F71204D643D1027D0FF4736F24213619BF6A09C2361C3C11F169797AC98A9C,E3E41FD0A915BE42A1C8872758FFCAFC04ECE3F11ABB0977B7E0016F2D6C8E0C,length,Melt-pool length,T0,rbf_learned_nugget,RBF + learned nugget,RBF,,True,24,sim_00025,25,325.39555,317.4588264658338,7.9367235341662195,7.9367235341662195,62.991580457787926,7.890744322782676,62.26384596752703,18.702559502746034,349.785731953756,18.702559502746034,total predictive variance including learned WhiteKernel nugget,3.490472958207922,3.9376420154669916,3.9376420154669916,301.99296759317974,332.92468533848785,280.8018098404516,354.115843091216,True,True,2.54**2 * RBF(length_scale=2.77) + WhiteKernel(noise_level=0.035),6.431906275696183,2.772969921511194,0.03499280266662154,0.18706363266712625,287.52188598622894,16.95647032805557,0.18706363266712625,0.049670964845660075,341.3759,False,1e-08,numerical jitter only; separate from WhiteKernel nugget,240,241,True,False,False,False,True,True,False,"[""P"",""VX"",""LS"",""ST""]",343.9477506208046,90.64546692637508,"[158.28381100981957,0.6162119771939083,6.475339043207874e-05,348.4236668690331]","[53.05225163612784,0.24046273318519476,1.3374781234415735e-05,32.48505314381646]",A9D5BF99B50EE6D5951EFC8AA1ADD01F4ECBE63F2D1F92ADBEB0CC1039679974,133.058435031,0.81650327798,4.78587303962e-05,362.382821566,751820547,fmin_l_bfgs_b,1,-24.3569967125122,0.9241962999803945,0,0,,completed_without_convergence_warning,False,False,,False,,False,,False
phase3b_kernel_noise,Phase 3B,F7F71204D643D1027D0FF4736F24213619BF6A09C2361C3C11F169797AC98A9C,E3E41FD0A915BE42A1C8872758FFCAFC04ECE3F11ABB0977B7E0016F2D6C8E0C,length,Melt-pool length,T0,rbf_learned_nugget,RBF + learned nugget,RBF,,True,25,sim_00026,26,313.16880000000003,309.2176762645644,3.951123735435658,3.951123735435658,15.611378772723029,7.062223482925673,49.87500052278683,18.388813876748983,338.148475793716,18.388813876748983,total predictive variance including learned WhiteKernel nugget,3.0302035247632935,3.8537646869353708,3.8537646869353708,295.37571823803006,323.0596342910987,273.1756010661364,345.25975146299237,True,True,2.54**2 * RBF(length_scale=2.78) + WhiteKernel(noise_level=0.0351),6.458763201027841,2.777035660310738,0.03509502011476823,0.18733664915004813,288.27347527092917,16.97861817907833,0.18733664915004813,0.049735843037186665,341.3759,False,1e-08,numerical jitter only; separate from WhiteKernel nugget,240,241,True,False,False,False,True,True,False,"[""P"",""VX"",""LS"",""ST""]",343.99869541247125,90.63158893954183,"[158.28089699925707,0.6169258931099832,6.476530180872957e-05,348.6835952922249]","[53.05361789026125,0.2408017367991145,1.3358446857885196e-05,32.34583139550507]",610463685B999281BF56CDCBAE2D9FF4BF867A49C2C9C7454EC2834EFD0EF0ED,133.757797566,0.645163458122,4.5e-05,300.0,4133603774,fmin_l_bfgs_b,1,-24.69848890313861,0.41172140004346147,0,0,,completed_without_convergence_warning,False,False,,False,,False,,False
phase3b_kernel_noise,Phase 3B,F7F71204D643D1027D0FF4736F24213619BF6A09C2361C3C11F169797AC98A9C,E3E41FD0A915BE42A1C8872758FFCAFC04ECE3F11ABB0977B7E0016F2D6C8E0C,length,Melt-pool length,T0,rbf_learned_nugget,RBF + learned nugget,RBF,,True,26,sim_00027,27,319.57300000000004,297.59629636070696,21.976703639293078,21.976703639293078,482.9755028493176,6.4412031222400925,41.48909766195552,18.079916345764918,326.88337506985744,18.079916345764918,total predictive variance including learned WhiteKernel nugget,8.602164926787998,4.552498392885724,4.552498392885724,284.9715382411164,310.22105448029754,262.1596603230077,333.0329323984062,False,True,2.56**2 * RBF(length_scale=2.78) + WhiteKernel(noise_level=0.0347),6.568740766724713,2.783690324185687,0.034738267904789705,0.18638204823638382,285.39427740790194,16.893616469184504,0.18638204823638382,0.049486845641958044,341.3759,False,1e-08,numerical jitter only; separate from WhiteKernel nugget,240,241,True,False,False,False,True,True,False,"[""P"",""VX"",""LS"",""ST""]",343.9720112458046,90.63971894846193,"[158.27804538431124,0.6162542261756916,6.476530180872957e-05,348.6835952922249]","[53.05491751362914,0.24049702717207022,1.3358446857885196e-05,32.34583139550507]",11A7FD43E2592A38813F189512A885FDFD02F5986F2E08365A4DC0AB48199A8F,134.442185153,0.806363522352,4.5e-05,300.0,3882463950,fmin_l_bfgs_b,1,-23.898260480428434,0.4676264000008814,0,0,,completed_without_convergence_warning,False,False,,False,,False,,False
phase3b_kernel_noise,Phase 3B,F7F71204D643D1027D0FF4736F24213619BF6A09C2361C3C11F169797AC98A9C,E3E41FD0A915BE42A1C8872758FFCAFC04ECE3F11ABB0977B7E0016F2D6C8E0C,length,Melt-pool length,T0,rbf_learned_nugget,RBF + learned nugget,RBF,,True,27,sim_00028,28,340.38794999989994,335.99378990186653,4.39416009803341,4.39416009803341,19.308642967148987,5.1758386991514245,26.78930623963351,17.74600636898831,314.92074204817374,17.74600636898831,total predictive variance including learned WhiteKernel nugget,2.923319601971932,3.825755383668323,3.825755383668323,325.8491460515297,346.13843375220335,301.21161741864944,370.77596238508363,True,True,2.54**2 * RBF(length_scale=2.77) + WhiteKernel(noise_level=0.0351),6.451724059824757,2.7749207578556363,0.035061110322834155,0.1872461223172169,288.1314358085402,16.974434771400787,0.18724612231721688,0.04972358848823478,341.3759,False,1e-08,numerical jitter only; separate from WhiteKernel nugget,240,241,True,False,False,False,True,True,False,"[""P"",""VX"",""LS"",""ST""]",343.8852822874716,90.65306432698299,"[158.27500456786123,0.6168964139397125,6.470738453903248e-05,348.42110738216644]","[53.05626263607044,0.24079784503047216,1.3413768830750554e-05,32.48392898689824]",C5A7318A28BE94C54188AEAA9BECC5A76401D64A6C0DB567A5AD2116E1AB9B3E,135.171981101,0.652238458987,5.89001447273e-05,362.997098414,3342206022,fmin_l_bfgs_b,1,-24.469866752881728,0.577530900016427,0,0,,completed_without_convergence_warning,False,False,,False,,False,,False
phase3b_kernel_noise,Phase 3B,F7F71204D643D1027D0FF4736F24213619BF6A09C2361C3C11F169797AC98A9C,E3E41FD0A915BE42A1C8872758FFCAFC04ECE3F11ABB0977B7E0016F2D6C8E0C,length,Melt-pool length,T0,rbf_learned_nugget,RBF + learned nugget,RBF,,True,28,sim_00029,29,272.4107,275.6644816534439,-3.253781653443866,3.253781653443866,10.5870950482879,7.656656178225728,58.62438383156221,18.617790547667205,346.6221248768063,18.617790547667205,total predictive variance including learned WhiteKernel nugget,3.0448098941504185,3.858327948684862,3.858327948684862,260.6574355441215,290.6715277627663,239.17361218001616,312.1553511268716,True,True,2.55**2 * RBF(length_scale=2.78) + WhiteKernel(noise_level=0.0351),6.490916629027918,2.784593993462111,0.03513597474184759,0.18744592484726785,287.9977410452441,16.97049619325387,0.18744592484726785,0.049712051123860436,341.3759,False,1e-08,numerical jitter only; separate from WhiteKernel nugget,240,241,True,False,False,False,True,True,False,"[""P"",""VX"",""LS"",""ST""]",344.16852082913795,90.5354235205782,"[158.2748517312279,0.6183815848603541,6.476530180872957e-05,348.6835952922249]","[53.05632913474896,0.23991039692887753,1.3358446857885196e-05,32.34583139550507]",42C68E975C31F3F63EDEE01755CCB33070C6597AD5814361DCF3D94E801855AC,135.208661893,0.295797438033,4.5e-05,300.0,1100110518,fmin_l_bfgs_b,1,-24.716702306430733,0.912485699984245,0,0,,completed_without_convergence_warning,False,False,,False,,False,,False
phase3b_kernel_noise,Phase 3B,F7F71204D643D1027D0FF4736F24213619BF6A09C2361C3C11F169797AC98A9C,E3E41FD0A915BE42A1C8872758FFCAFC04ECE3F11ABB0977B7E0016F2D6C8E0C,length,Melt-pool length,T0,rbf_learned_nugget,RBF + learned nugget,RBF,,True,29,sim_00030,30,347.8147999999,338.56798534327436,9.246814656625645,9.246814656625645,85.50358129398684,5.155603508487904,26.580247536732788,17.72518870868186,314.18231475838286,17.72518870868186,total predictive variance including learned WhiteKernel nugget,4.167427250049638,3.9299984446978806,3.9299984446978806,328.46300246663805,348.6729682199107,303.8266154742579,373.3093552122908,True,True,2.53**2 * RBF(length_scale=2.77) + WhiteKernel(noise_level=0.035),6.414038085206308,2.7728940747176916,0.03499675543892267,0.18707419768349315,287.6020672216501,16.95883448889251,0.18707419768349315,0.04967789023446737,341.3759,False,1e-08,numerical jitter only; separate from WhiteKernel nugget,240,241,True,False,False,False,True,True,False,"[""P"",""VX"",""LS"",""ST""]",343.85433707913836,90.65298528012292,"[158.27107492643205,0.6161970197013249,6.468627425316957e-05,348.4231661692082]","[53.05793867615184,0.24045016203258276,1.341890379222665e-05,32.484837057389946]",721E6840A9AF80B3D125518F518D7245EB90ADA5F6F177B360358EB9BEBED448,136.115095044,0.8200930762,6.39666133344e-05,362.502989524,2272067861,fmin_l_bfgs_b,1,-24.264892954539533,0.49573660001624376,0,0,,completed_without_convergence_warning,False,False,,False,,False,,False
phase3b_kernel_noise,Phase 3B,F7F71204D643D1027D0FF4736F24213619BF6A09C2361C3C11F169797AC98A9C,E3E41FD0A915BE42A1C8872758FFCAFC04ECE3F11ABB0977B7E0016F2D6C8E0C,length,Melt-pool length,T0,rbf_learned_nugget,RBF + learned nugget,RBF,,True,30,sim_00031,31,297.74080000000004,291.8914171548994,5.849382845100649,5.849382845100649,34.21527966855777,6.129213917406853,37.567263245333855,18.049470278760673,325.78337734386486,18.049470278760673,total predictive variance including learned WhiteKernel nugget,3.187391947143163,3.8645671866550004,3.8645671866550004,279.878157876782,303.9046764330168,256.5144554085285,327.2683789012703,True,True,2.53**2 * RBF(length_scale=2.78) + WhiteKernel(noise_level=0.0351),6.395648762333674,2.775975143073585,0.03510923549358158,0.1873745860397871,288.2161140985311,16.976928877112346,0.1873745860397871,0.04973089452744715,341.3759,False,1e-08,numerical jitter only; separate from WhiteKernel nugget,240,241,True,False,False,False,True,True,False,"[""P"",""VX"",""LS"",""ST""]",344.06297874580457,90.60422352851772,"[158.26745303423206,0.6181235582065375,6.473704823812624e-05,348.3791715883456]","[53.05942129575933,0.24022369560848622,1.3393005692171873e-05,32.45857830701988]",88B25698199B51B9092B517377A8B0969CB0D01A334C808C7575404C31248592,136.984349172,0.357723834949,5.17808569448e-05,373.061688931,2719074419,fmin_l_bfgs_b,1,-24.465661194182843,0.5911927999695763,0,0,,completed_without_convergence_warning,False,False,,False,,False,,False
phase3b_kernel_noise,Phase 3B,F7F71204D643D1027D0FF4736F24213619BF6A09C2361C3C11F169797AC98A9C,E3E41FD0A915BE42A1C8872758FFCAFC04ECE3F11ABB0977B7E0016F2D6C8E0C,length,Melt-pool length,T0,rbf_learned_nugget,RBF + learned nugget,RBF,,True,31,sim_00032,32,341.3759,341.9780224305531,-0.602122430553095,0.602122430553095,0.3625514213751667,6.347035988621829,40.284865840860675,18.126295253942228,328.56257963308855,18.126295253942228,total predictive variance including learned WhiteKernel nugget,2.771426310144851,3.8168539172220437,3.8168539172220437,329.5378318928543,354.4182129682519,306.45048373282634,377.50556112827985,True,True,2.54**2 * RBF(length_scale=2.78) + WhiteKernel(noise_level=0.0351),6.436773062015806,2.775162776328083,0.035078804602938274,0.18729336507986147,288.2777137922278,16.97874299800276,0.18729336507986147,0.049736208672032094,341.3759,False,1e-08,numerical jitter only; separate from WhiteKernel nugget,240,241,True,False,False,False,True,True,False,"[""P"",""VX"",""LS"",""ST""]",343.8811658291379,90.65320061264885,"[158.26597085556958,0.6166625831972166,6.459927615269874e-05,348.55302282275403]","[53.06001083230195,0.2407361562901615,1.3355453863678809e-05,32.47856883036284]",F2016BFC3BB5C4D748D6BF26904A5F6D551D3EEBE84CC4910534907D1918B2CD,137.340072051,0.708357837186,8.48461574474e-05,331.337392673,1403002937,fmin_l_bfgs_b,1,-24.563972111610298,0.7795884000370279,0,0,,completed_without_convergence_warning,False,False,,False,,False,,False
phase3b_kernel_noise,Phase 3B,F7F71204D643D1027D0FF4736F24213619BF6A09C2361C3C11F169797AC98A9C,E3E41FD0A915BE42A1C8872758FFCAFC04ECE3F11ABB0977B7E0016F2D6C8E0C,length,Melt-pool length,T0,rbf_learned_nugget,RBF + learned nugget,RBF,,True,32,sim_00033,33,345.4248,324.6550028030304,20.76979719696959,20.76979719696959,431.3844756032459,6.935892272230418,48.106601611985624,18.28295603271135,334.26648129405635,18.28295603271135,total predictive variance including learned WhiteKernel nugget,7.339278981234291,4.470178110098252,4.470178110098252,311.0606539494588,338.249351656602,288.8204089789162,360.48959662714464,False,True,2.5**2 * RBF(length_scale=2.76) + WhiteKernel(noise_level=0.0348),6.232840479282851,2.7554456747051326,0.03482103040133832,0.18660393994055516,286.15987968207077,16.916260806752497,0.18660393994055513,0.049553178202540064,341.3759,False,1e-08,numerical jitter only; separate from WhiteKernel nugget,240,241,True,False,False,False,True,True,False,"[""P"",""VX"",""LS"",""ST""]",343.8642954124713,90.65328852188956,"[158.2648818540279,0.6176892879543457,6.468247656226207e-05,348.27738659470396]","[53.060437619646,0.2405995454934628,1.3418977951861284e-05,32.34250889159797]",62F7F4C24C285B71CEA0DECD132E561AB2E4EBA0FBB80729DDE596AF9E269828,137.601432421,0.461948695475,6.48780591522e-05,397.490087405,3333452908,fmin_l_bfgs_b,1,-23.870014204905004,0.682832500024233,0,0,,completed_without_convergence_warning,False,False,,False,,False,,False
phase3b_kernel_noise,Phase 3B,F7F71204D643D1027D0FF4736F24213619BF6A09C2361C3C11F169797AC98A9C,E3E41FD0A915BE42A1C8872758FFCAFC04ECE3F11ABB0977B7E0016F2D6C8E0C,length,Melt-pool length,T0,rbf_learned_nugget,RBF + learned nugget,RBF,,True,33,sim_00034,34,210.193359,322.35299463288493,-112.15963563288494,112.15963563288494,12579.783865301513,6.571548666555433,43.18525187690649,16.394010872585014,268.76359249043566,16.394010872585014,total predictive variance including learned WhiteKernel nugget,148.45076173910144,27.118920012345058,27.118920012345058,309.4727592464363,335.2332300193336,290.2207333226183,354.48525594315157,False,False,2.52**2 * RBF(length_scale=2.71) + WhiteKernel(noise_level=0.0277),6.367044613156985,2.706044464790896,0.02770122693141173,0.1664368556883112,225.57834061352915,15.01926564827752,0.1664368556883112,0.04399626818494662,341.3759,False,1e-08,numerical jitter only; separate from WhiteKernel nugget,240,241,True,False,False,False,True,True,False,"[""P"",""VX"",""LS"",""ST""]",344.4277597499712,90.24002277719259,"[158.2621882387696,0.6159600827907291,6.476530180872957e-05,348.6835952922249]","[53.0614701130961,0.24022100219396322,1.3358446857885196e-05,32.34583139550507]",1B9DAFC87E720A759E81497CB29BD148FC548A5899C542DEDB347ED5D7E85E17,138.247900083,0.876957934743,4.5e-05,300.0,2660212833,fmin_l_bfgs_b,1,-4.960417262706102,0.5337613000301644,0,0,,completed_without_convergence_warning,False,False,,False,,False,,False
phase3b_kernel_noise,Phase 3B,F7F71204D643D1027D0FF4736F24213619BF6A09C2361C3C11F169797AC98A9C,E3E41FD0A915BE42A1C8872758FFCAFC04ECE3F11ABB0977B7E0016F2D6C8E0C,length,Melt-pool length,T0,rbf_learned_nugget,RBF + learned nugget,RBF,,True,34,sim_00035,35,355.46340000000004,345.6088718026428,9.85452819735724,9.85452819735724,97.11172599250894,5.951789512627196,35.42379840261907,17.95992513219755,322.5589107541412,17.95992513219755,total predictive variance including learned WhiteKernel nugget,4.073343522890536,3.9576147452050363,3.9576147452050363,333.9433643578935,357.2743792473921,310.4074185435356,380.81032506175,True,True,2.52**2 * RBF(length_scale=2.76) + WhiteKernel(noise_level=0.0349),6.34554304898576,2.763253764100735,0.034942048266060635,0.1869279226495085,287.13511235152214,16.945061591847995,0.1869279226495085,0.049637544981493996,341.3759,False,1e-08,numerical jitter only; separate from WhiteKernel nugget,240,241,True,False,False,False,True,True,False,"[""P"",""VX"",""LS"",""ST""]",343.82246791247127,90.65024289399575,"[158.2578958214737,0.6162240409141874,6.460864109965373e-05,348.44680003866654]","[53.06304730722061,0.24047270841784027,1.336885311482355e-05,32.49300766551444]",5CF05867F803260870AB0ADE73F71882224592F1BB343F552CBF9B650980B464,139.278080234,0.813607985113,8.25985701782e-05,356.830860854,4103100100,fmin_l_bfgs_b,1,-24.32763960042871,0.6489161999779753,0,0,,completed_without_convergence_warning,False,False,,False,,False,,False
phase3b_kernel_noise,Phase 3B,F7F71204D643D1027D0FF4736F24213619BF6A09C2361C3C11F169797AC98A9C,E3E41FD0A915BE42A1C8872758FFCAFC04ECE3F11ABB0977B7E0016F2D6C8E0C,length,Melt-pool length,T0,rbf_learned_nugget,RBF + learned nugget,RBF,,True,35,sim_00036,36,253.19306,246.1709761144868,7.0220838855132115,7.0220838855132115,49.30966209518432,9.109754473532622,82.98762656804762,19.255091544052195,370.75855036983035,19.255091544052195,total predictive variance including learned WhiteKernel nugget,3.425374739498707,3.9432124026017394,3.9432124026017394,228.31585734636286,264.0260948826107,208.4309966881445,283.9109555408291,True,True,2.55**2 * RBF(length_scale=2.79) + WhiteKernel(noise_level=0.0352),6.52626527448266,2.790501202363536,0.03516423259470068,0.1875212857109845,287.7709238017827,16.96381218363911,0.1875212857109845,0.049692471506158194,341.3759,False,1e-08,numerical jitter only; separate from WhiteKernel nugget,240,241,True,False,False,False,True,True,False,"[""P"",""VX"",""LS"",""ST""]",344.24859432913786,90.46339523175216,"[158.25438828996957,0.6186853566869043,6.476530180872957e-05,348.6835952922249]","[53.06427394359831,0.23945516442296244,1.3358446857885196e-05,32.34583139550507]",EFF9183E36B8AA24C75F7EFEA1901B4D736BE9C52D03FD0B2812F21CB8639C5F,140.119887795,0.222892199661,4.5e-05,300.0,867120298,fmin_l_bfgs_b,1,-24.702370912333237,0.7357056000037119,0,0,,completed_without_convergence_warning,False,False,,False,,False,,False
phase3b_kernel_noise,Phase 3B,F7F71204D643D1027D0FF4736F24213619BF6A09C2361C3C11F169797AC98A9C,E3E41FD0A915BE42A1C8872758FFCAFC04ECE3F11ABB0977B7E0016F2D6C8E0C,length,Melt-pool length,T0,rbf_learned_nugget,RBF + learned nugget,RBF,,True,36,sim_00037,37,351.3479,355.3754084656459,-4.027508465645894,4.027508465645894,16.220824440849345,6.738716329404907,45.41029776818834,18.265211231543514,333.61794133290334,18.265211231543514,total predictive variance including learned WhiteKernel nugget,3.005410914122516,3.848247238001071,3.848247238001071,342.16752446001226,368.5832924712795,319.5755944518206,391.17522247947113,True,True,2.54**2 * RBF(length_scale=2.78) + WhiteKernel(noise_level=0.0351),6.447996850741643,2.775499321932048,0.03507116530221723,0.18727297002562124,288.207643564715,16.976679403367285,0.18727297002562124,0.04973016373846919,341.3759,False,1e-08,numerical jitter only; separate from WhiteKernel nugget,240,241,True,False,False,False,True,True,False,"[""P"",""VX"",""LS"",""ST""]",343.83961582913787,90.6520540633529,"[158.25355179944458,0.617062900545225,6.459613259209373e-05,348.479799745079]","[53.064558221144885,0.24080840960854635,1.335059817957493e-05,32.497483685846525]",9955F98A22AC37B5A3AFD05796AF966FE0D481207F9E4776F35C60EF1A100CC7,140.320645521,0.612281673664,8.56006119926e-05,348.910931315,3325465477,fmin_l_bfgs_b,1,-24.546765220566982,0.7068961000186391,0,0,,completed_without_convergence_warning,False,False,,False,,False,,False
phase3b_kernel_noise,Phase 3B,F7F71204D643D1027D0FF4736F24213619BF6A09C2361C3C11F169797AC98A9C,E3E41FD0A915BE42A1C8872758FFCAFC04ECE3F11ABB0977B7E0016F2D6C8E0C,length,Melt-pool length,T0,rbf_learned_nugget,RBF + learned nugget,RBF,,True,37,sim_00038,38,262.18217,263.4140818279549,-1.2319118279548888,1.2319118279548888,1.5176067518551557,8.299896357444952,68.88827954432799,18.893702462548276,356.9719927433028,18.893702462548276,total predictive variance including learned WhiteKernel nugget,3.0461965460206293,3.8598928631206295,3.8598928631206295,247.14628496736276,279.681878688547,226.38242500136025,300.4457386545495,True,True,2.54**2 * RBF(length_scale=2.78) + WhiteKernel(noise_level=0.0352),6.45551210723522,2.783469395252496,0.0351745897436844,0.18754889960670096,288.0837131989748,16.973028993051734,0.18754889960670096,0.04971947051051857,341.3759,False,1e-08,numerical jitter only; separate from WhiteKernel nugget,240,241,True,False,False,False,True,True,False,"[""P"",""VX"",""LS"",""ST""]",344.2111397041379,90.49921928971585,"[158.25263838399871,0.6185488294487126,6.476530180872957e-05,348.6835952922249]","[53.06486500990506,0.23967135143267473,1.3358446857885196e-05,32.34583139550507]",881EB5455281875545B3DEDEA162803F883F52FFDBC4048D52355A0F20297424,140.539865228,0.255658736827,4.5e-05,300.0,2241881798,fmin_l_bfgs_b,1,-24.746829854389745,0.6268656000029296,0,0,,completed_without_convergence_warning,False,False,,False,,False,,False
phase3b_kernel_noise,Phase 3B,F7F71204D643D1027D0FF4736F24213619BF6A09C2361C3C11F169797AC98A9C,E3E41FD0A915BE42A1C8872758FFCAFC04ECE3F11ABB0977B7E0016F2D6C8E0C,length,Melt-pool length,T0,rbf_learned_nugget,RBF + learned nugget,RBF,,True,38,sim_00039,39,318.0508999999,349.54833662412096,-31.49743662422094,31.49743662422094,992.0885138968146,4.679342866889179,21.896249665906645,17.43679951109449,304.041977190105,17.43679951109449,total predictive variance including learned WhiteKernel nugget,25.116398418861543,5.409020667922416,5.409020667922416,340.37682460501816,358.71984864322377,315.3722095823758,383.72446366586615,False,True,2.53**2 * RBF(length_scale=2.76) + WhiteKernel(noise_level=0.0343),6.402799186162762,2.759754368035664,0.03434418781508427,0.18532184926522902,282.1457275241983,16.797194037225335,0.18532184926522902,0.049204393272124176,341.3759,False,1e-08,numerical jitter only; separate from WhiteKernel nugget,240,241,True,False,False,False,True,True,False,"[""P"",""VX"",""LS"",""ST""]",343.9783533291383,90.63795825383502,"[158.25250020333206,0.617317535418675,6.46699718421829e-05,348.35924420264143]","[53.06491109050712,0.24077090568540163,1.3417391444226926e-05,32.441946432936575]",0361B5F668132ED2BE756A7D6DFA6310845833C9BE9DD1A4DDD82C6D3EC2BE98,140.573028588,0.551169304036,6.78791919712e-05,377.8442615,3462773047,fmin_l_bfgs_b,1,-22.953312813916057,0.37349989998620003,0,0,,completed_without_convergence_warning,False,False,,False,,False,,False
phase3b_kernel_noise,Phase 3B,F7F71204D643D1027D0FF4736F24213619BF6A09C2361C3C11F169797AC98A9C,E3E41FD0A915BE42A1C8872758FFCAFC04ECE3F11ABB0977B7E0016F2D6C8E0C,length,Melt-pool length,T0,rbf_learned_nugget,RBF + learned nugget,RBF,,True,39,sim_00040,40,331.3465499999,305.9347147367654,25.411835263134606,25.411835263134606,645.7613714406914,12.846604551944338,165.035248514037,21.203156783986103,449.57385760629586,21.203156783986103,total predictive variance including learned WhiteKernel nugget,5.4284527651815715,4.6912813600324945,4.6912813600324945,280.75536981495446,331.1140596585763,264.37652744015264,347.49290203337813,False,True,2.45**2 * RBF(length_scale=2.73) + WhiteKernel(noise_level=0.0346),6.022337950320399,2.7331381548126696,0.03462647067715844,0.18608189239460793,284.5386090922588,16.868272261623563,0.18608189239460793,0.04941260429228766,341.3759,False,1e-08,numerical jitter only; separate from WhiteKernel nugget,240,241,True,False,False,False,True,True,False,"[""P"",""VX"",""LS"",""ST""]",343.92295478747167,90.64972440119247,"[158.25082688246124,0.6155047892653667,6.476530180872957e-05,348.6835952922249]","[53.06546222450574,0.23962160005309666,1.3358446857885196e-05,32.34583139550507]",D8F9F84DC8CB74F4B6C2DC631E53EF1B097765E689507656D025FBBE3700D55A,140.974625597,0.98622838083,4.5e-05,300.0,581528908,fmin_l_bfgs_b,1,-23.514380237543293,0.8650644000153989,0,0,,completed_without_convergence_warning,False,False,,False,,False,,False
phase3b_kernel_noise,Phase 3B,F7F71204D643D1027D0FF4736F24213619BF6A09C2361C3C11F169797AC98A9C,E3E41FD0A915BE42A1C8872758FFCAFC04ECE3F11ABB0977B7E0016F2D6C8E0C,length,Melt-pool length,T0,rbf_learned_nugget,RBF + learned nugget,RBF,,True,40,sim_00041,41,210.0625,312.7622617238944,-102.69976172389443,102.69976172389443,10547.241058144691,6.652312871419302,44.25326653925092,16.658224785441707,277.4964530023044,16.658224785441707,total predictive variance including learned WhiteKernel nugget,121.98297111935196,22.736123463590932,22.736123463590932,299.7237284959126,325.80079495187624,280.1121411444287,345.4123823033602,False,False,2.77**2 * RBF(length_scale=2.8) + WhiteKernel(noise_level=0.0286),7.655638501934826,2.798816908486268,0.028642992157445615,0.16924240649862438,233.24318646305352,15.272301282486982,0.16924240649862438,0.04473749108383744,341.3759,False,1e-08,numerical jitter only; separate from WhiteKernel nugget,240,241,True,False,False,False,True,True,False,"[""P"",""VX"",""LS"",""ST""]",344.4283049958046,90.23921130908238,"[158.2387213844654,0.6182129101959709,6.467113207902331e-05,348.2743966932499]","[53.069070448405476,0.2401228131074909,1.3417656861629136e-05,32.33792579510291]",18BB1F4E19DE8422A264EAA0542A51CD179483E4AA0B1029472468767BAD57B3,143.879945116,0.336279357485,6.76007351295e-05,398.207663754,821858804,fmin_l_bfgs_b,1,-8.532184718857934,0.4859922000323422,0,0,,completed_without_convergence_warning,False,False,,False,,False,,False
phase3b_kernel_noise,Phase 3B,F7F71204D643D1027D0FF4736F24213619BF6A09C2361C3C11F169797AC98A9C,E3E41FD0A915BE42A1C8872758FFCAFC04ECE3F11ABB0977B7E0016F2D6C8E0C,length,Melt-pool length,T0,rbf_learned_nugget,RBF + learned nugget,RBF,,True,41,sim_00042,42,353.673,351.77943555685016,1.8935644431498417,1.8935644431498417,3.58558630036137,6.082737944740255,36.9997009043829,18.029956830430546,325.0793433071891,18.029956830430546,total predictive variance including learned WhiteKernel nugget,2.7728477082896132,3.8164881163337907,3.8164881163337907,339.8572691851593,363.70160192854104,316.4407201692063,387.118150944494,True,True,2.53**2 * RBF(length_scale=2.78) + WhiteKernel(noise_level=0.0351),6.405183730799877,2.7768436433655,0.03505630629794283,0.18723329377528675,288.07964240280614,16.972909073073073,0.18723329377528677,0.049719119226263694,341.3759,False,1e-08,numerical jitter only; separate from WhiteKernel nugget,240,241,True,False,False,False,True,True,False,"[""P"",""VX"",""LS"",""ST""]",343.82992791247125,90.65112689543122,"[158.23859831466956,0.6157920179688,6.472353426684748e-05,348.46606666960815]","[53.06910371271516,0.24002415200561472,1.3404430888942473e-05,32.49660216734778]",EEDDF515CF85A7FA5BE49044C7B9E7D9E601623A3DDE32D4CE63AB3153ADB626,143.909481867,0.917293492006,5.50242100517e-05,352.206869428,3258222761,fmin_l_bfgs_b,1,-24.285525427056797,0.8210468999459408,0,0,,completed_without_convergence_warning,False,False,,False,,False,,False
phase3b_kernel_noise,Phase 3B,F7F71204D643D1027D0FF4736F24213619BF6A09C2361C3C11F169797AC98A9C,E3E41FD0A915BE42A1C8872758FFCAFC04ECE3F11ABB0977B7E0016F2D6C8E0C,length,Melt-pool length,T0,rbf_learned_nugget,RBF + learned nugget,RBF,,True,42,sim_00043,43,255.24229999999997,278.5288958798488,-23.286595879848818,23.286595879848818,542.2655476713919,12.161813931737916,147.90971811021447,20.85437566459333,434.9049843599825,20.85437566459333,total predictive variance including learned WhiteKernel nugget,5.2503359844470205,4.579932230169787,4.579932230169787,254.69174057364248,302.3660511860551,237.65431957724587,319.4034721824517,True,True,2.49**2 * RBF(length_scale=2.77) + WhiteKernel(noise_level=0.0351),6.2075722053888684,2.768073547350579,0.035062863997663576,0.1872508050654618,286.995266249768,16.940934633300724,0.1872508050654618,0.049625455790232184,341.3759,False,1e-08,numerical jitter only; separate from WhiteKernel nugget,240,241,True,False,False,False,True,True,False,"[""P"",""VX"",""LS"",""ST""]",344.24005582913793,90.47189210950667,"[158.23536763546542,0.6186931569911418,6.460581610427081e-05,348.5276849022957]","[53.069952318063436,0.23944224040708512,1.3364979137590056e-05,32.48961565395927]",60B009235D1981E5539EAF7C3E417BC6191DF00EB70D06F4E38E63BBB4936CB3,144.684844876,0.221020126644,8.32765690701e-05,337.418493583,1382477041,fmin_l_bfgs_b,1,-23.921098554529408,0.3281256000045687,0,0,,completed_without_convergence_warning,False,False,,False,,False,,False
phase3b_kernel_noise,Phase 3B,F7F71204D643D1027D0FF4736F24213619BF6A09C2361C3C11F169797AC98A9C,E3E41FD0A915BE42A1C8872758FFCAFC04ECE3F11ABB0977B7E0016F2D6C8E0C,length,Melt-pool length,T0,rbf_learned_nugget,RBF + learned nugget,RBF,,True,43,sim_00044,44,361.6798,359.589868002536,2.0899319974640207,2.0899319974640207,4.367815754023951,4.805450545037317,23.09235494079945,17.64481469814074,311.3394857317234,17.64481469814074,total predictive variance including learned WhiteKernel nugget,2.583262102969557,3.796395043390211,3.796395043390211,350.17118493426284,369.0085510708091,325.00603119418014,394.1737048108918,True,True,2.54**2 * RBF(length_scale=2.77) + WhiteKernel(noise_level=0.0351),6.437291771500897,2.7739873456908724,0.035080636659182284,0.18729825588932292,288.2471307909239,16.977842347922895,0.18729825588932292,0.04973357037776508,341.3759,False,1e-08,numerical jitter only; separate from WhiteKernel nugget,240,241,True,False,False,False,True,True,False,"[""P"",""VX"",""LS"",""ST""]",343.79656624580457,90.64602479777137,"[158.23405467481126,0.6172415237618,6.46393893522079e-05,348.47611594267903]","[53.07028364533539,0.240788896452587,1.3401667683827158e-05,32.49738449534682]",8D03F2A0559BDA503DB8BEA45A6F9BF878896ACD147C06876C669448A294E371,144.999955433,0.569412101686,7.52189895652e-05,349.795043891,700888021,fmin_l_bfgs_b,1,-24.521349127425168,0.9145023000310175,0,0,,completed_without_convergence_warning,False,False,,False,,False,,False
phase3b_kernel_noise,Phase 3B,F7F71204D643D1027D0FF4736F24213619BF6A09C2361C3C11F169797AC98A9C,E3E41FD0A915BE42A1C8872758FFCAFC04ECE3F11ABB0977B7E0016F2D6C8E0C,length,Melt-pool length,T0,rbf_learned_nugget,RBF + learned nugget,RBF,,True,44,sim_00045,45,361.2748999999,352.7987723032986,8.476127696601395,8.476127696601395,71.84474072909327,5.462940754390202,29.843721685977393,17.83629364759966,318.13337108340403,17.83629364759966,total predictive variance including learned WhiteKernel nugget,3.8206084397269082,3.913089954743374,3.913089954743374,342.09140842469384,363.5061361819034,317.83963675400327,387.757907852594,True,True,2.55**2 * RBF(length_scale=2.78) + WhiteKernel(noise_level=0.0351),6.479381287416564,2.7817884284782046,0.035085556586456325,0.18731138936662747,288.2896493974266,16.979094481079567,0.18731138936662747,0.04973723827920942,341.3759,False,1e-08,numerical jitter only; separate from WhiteKernel nugget,240,241,True,False,False,False,True,True,False,"[""P"",""VX"",""LS"",""ST""]",343.7982533291383,90.64635385222691,"[158.23301651429875,0.6175259920191084,6.463978398877207e-05,348.5786517504499]","[53.07054008289851,0.2406918746084161,1.340197781557004e-05,32.46254300084371]",E3D9C385AF54FD4E7A256D3D4C1E892FED82DAA2A0555577A6759D5F4D79D7D8,145.249113956,0.501139719932,7.51242767898e-05,325.186450026,1190771083,fmin_l_bfgs_b,1,-24.404515750521426,0.42958509997697547,0,0,,completed_without_convergence_warning,False,False,,False,,False,,False
phase3b_kernel_noise,Phase 3B,F7F71204D643D1027D0FF4736F24213619BF6A09C2361C3C11F169797AC98A9C,E3E41FD0A915BE42A1C8872758FFCAFC04ECE3F11ABB0977B7E0016F2D6C8E0C,length,Melt-pool length,T0,rbf_learned_nugget,RBF + learned nugget,RBF,,True,45,sim_00046,46,314.6128,303.4132450170396,11.199554982960365,11.199554982960365,125.43003181635234,6.296480906953734,39.645671811632916,18.103134796646618,327.7234894655576,18.103134796646618,total predictive variance including learned WhiteKernel nugget,4.340817510535912,4.006389291506835,4.006389291506835,291.0721424394103,315.75434759466896,267.93110081561224,338.895389218467,True,True,2.54**2 * RBF(length_scale=2.78) + WhiteKernel(noise_level=0.0351),6.442144413248342,2.784870510932751,0.03506965368295906,0.18726893411070364,288.0778176539247,16.972855318240498,0.18726893411070364,0.049718961761039654,341.3759,False,1e-08,numerical jitter only; separate from WhiteKernel nugget,240,241,True,False,False,False,True,True,False,"[""P"",""VX"",""LS"",""ST""]",343.9926787458046,90.63358745987752,"[158.23181820804874,0.618314193011275,6.463787932109831e-05,348.4485013140748]","[53.07082999174481,0.23999871478503687,1.340045507175401e-05,32.49343590340503]",DC735690FECF085E4235573C0E14BED247AC2612A9EE67A8B038A53CFC2C9D78,145.536707456,0.311971481812,7.55813970315e-05,356.422554756,2906996487,fmin_l_bfgs_b,1,-24.145668806025895,0.35910310002509505,0,0,,completed_without_convergence_warning,False,False,,False,,False,,False
phase3b_kernel_noise,Phase 3B,F7F71204D643D1027D0FF4736F24213619BF6A09C2361C3C11F169797AC98A9C,E3E41FD0A915BE42A1C8872758FFCAFC04ECE3F11ABB0977B7E0016F2D6C8E0C,length,Melt-pool length,T0,rbf_learned_nugget,RBF + learned nugget,RBF,,True,46,sim_00047,47,348.32504999990005,349.5534314152837,-1.2283814153836374,1.2283814153836374,1.5089209016599083,12.588933740352095,158.48125271897538,21.124774080829898,446.2560799661027,21.124774080829898,total predictive variance including learned WhiteKernel nugget,3.4565172525989047,3.971075656634757,3.971075656634757,324.87912128419356,374.2277415463738,308.14887421685705,390.9579886137103,True,True,2.53**2 * RBF(length_scale=2.78) + WhiteKernel(noise_level=0.035),6.405812050142258,2.778097074755304,0.03501785408152637,0.18713058029495439,287.7748272471273,16.963927235375873,0.18713058029495439,0.04969280852976403,341.3759,False,1e-08,numerical jitter only; separate from WhiteKernel nugget,240,241,True,False,False,False,True,True,False,"[""P"",""VX"",""LS"",""ST""]",343.8522110374716,90.65288638894512,"[158.22810565031958,0.6155367975541791,6.476040778481916e-05,348.35939812587486]","[53.0716867731968,0.23967060052438596,1.3365470207589456e-05,32.44208623849676]",600BA3088AABB8B162687993250169DC8FFD02A88D8B86395932334D8C8FF576,146.427721311,0.978546391515,4.61745657385e-05,377.807319924,1159531565,fmin_l_bfgs_b,1,-24.13979037611088,0.4557232999941334,0,0,,completed_without_convergence_warning,False,False,,False,,False,,False
phase3b_kernel_noise,Phase 3B,F7F71204D643D1027D0FF4736F24213619BF6A09C2361C3C11F169797AC98A9C,E3E41FD0A915BE42A1C8872758FFCAFC04ECE3F11ABB0977B7E0016F2D6C8E0C,length,Melt-pool length,T0,rbf_learned_nugget,RBF + learned nugget,RBF,,True,47,sim_00048,48,206.787,215.0140904124132,-8.22709041241319,8.22709041241319,67.68501665402104,11.760563190533478,138.31084655853098,20.647507234829337,426.31955501232983,20.647507234829337,total predictive variance including learned WhiteKernel nugget,3.6283747780628786,4.025916090643058,4.025916090643058,191.96338655896758,238.0647942658588,174.5449762321477,255.4832045926787,True,True,2.52**2 * RBF(length_scale=2.77) + WhiteKernel(noise_level=0.0354),6.337090983807791,2.7727181335857374,0.03538450149435119,0.18810768589919763,288.0087084537988,16.970819321818226,0.18810768589919763,0.049712997671535177,341.3759,False,1e-08,numerical jitter only; separate from WhiteKernel nugget,240,241,True,False,False,False,True,True,False,"[""P"",""VX"",""LS"",""ST""]",344.44195291247127,90.21863854575554,"[158.21647960238207,0.6187540545363291,6.474972700574456e-05,348.41226634328734]","[53.07396485903032,0.23933921140786796,1.3379287102329097e-05,32.47967165940289]",393A5E56A67372625DA2E38783F1A8D7BB4B88ED69D2EC4B40ECDBB64341342B,149.217972816,0.206404715799,4.87379527164e-05,365.118947745,2935552200,fmin_l_bfgs_b,1,-25.103949298877183,0.6073707999894395,0,0,,completed_without_convergence_warning,False,False,,False,,False,,False
phase3b_kernel_noise,Phase 3B,F7F71204D643D1027D0FF4736F24213619BF6A09C2361C3C11F169797AC98A9C,E3E41FD0A915BE42A1C8872758FFCAFC04ECE3F11ABB0977B7E0016F2D6C8E0C,length,Melt-pool length,T0,rbf_learned_nugget,RBF + learned nugget,RBF,,True,48,sim_00049,49,341.9964,314.9339787510368,27.062421248963176,27.062421248963176,732.3746438563336,8.346079287640459,69.65703947558106,18.795957260657875,353.2880093444775,18.795957260657875,total predictive variance including learned WhiteKernel nugget,8.297734225573853,4.889092512648942,4.889092512648942,298.5756633472615,331.2922941548121,278.09390252014737,351.77405498192627,False,True,2.55**2 * RBF(length_scale=2.77) + WhiteKernel(noise_level=0.0345),6.500208900991563,2.773128893956052,0.03451332226561057,0.18577761508214752,283.63096986889644,16.84134703249406,0.18577761508214755,0.049333731621048996,341.3759,False,1e-08,numerical jitter only; separate from WhiteKernel nugget,240,241,True,False,False,False,True,True,False,"[""P"",""VX"",""LS"",""ST""]",343.87858041247125,90.65326317730539,"[158.21632806737372,0.6159142524228416,6.476530180872957e-05,348.6835952922249]","[53.073990499124314,0.24017014893211627,1.3358446857885196e-05,32.34583139550507]",0B964A6E9E0406ABF9FBBFE6BC8E1D2CA4D1A8593D04F4671011D3D5F01AB086,149.254341218,0.887957223036,4.5e-05,300.0,1432988470,fmin_l_bfgs_b,1,-23.43967546159209,0.8119973000138998,0,0,,completed_without_convergence_warning,False,False,,False,,False,,False
phase3b_kernel_noise,Phase 3B,F7F71204D643D1027D0FF4736F24213619BF6A09C2361C3C11F169797AC98A9C,E3E41FD0A915BE42A1C8872758FFCAFC04ECE3F11ABB0977B7E0016F2D6C8E0C,length,Melt-pool length,T0,rbf_learned_nugget,RBF + learned nugget,RBF,,True,49,sim_00050,50,361.6657,355.08531062913875,6.580389370861269,6.580389370861269,43.30152427214397,5.371232153307865,28.850134844728245,17.80812553576924,317.1293350977165,17.80812553576924,total predictive variance including learned WhiteKernel nugget,3.3504520518036753,3.866864456893014,3.866864456893014,344.5576956086553,365.6129256496222,320.18138457903103,389.98923667924646,True,True,2.54**2 * RBF(length_scale=2.78) + WhiteKernel(noise_level=0.0351),6.464565194745866,2.779048107030682,0.03508453065090312,0.187308650763661,288.27920025298823,16.978786772116205,0.187308650763661,0.04973633690051408,341.3759,False,1e-08,numerical jitter only; separate from WhiteKernel nugget,240,241,True,False,False,False,True,True,False,"[""P"",""VX"",""LS"",""ST""]",343.79662499580456,90.64603638376211,"[158.2143049946154,0.6175112379024459,6.466228687215873e-05,348.5980280878873]","[53.07432281841771,0.2406988998602861,1.3415022716508509e-05,32.4471833301835]",043F11B38EEED14DC278AB0749D8B007780A5680E66D7BF093AA2DB06FA9671B,149.73987868,0.504680707931,6.9723584777e-05,320.536129041,2068846793,fmin_l_bfgs_b,1,-24.441581976356105,1.3087836000486277,0,0,,completed_without_convergence_warning,False,False,,False,,False,,False
phase3b_kernel_noise,Phase 3B,F7F71204D643D1027D0FF4736F24213619BF6A09C2361C3C11F169797AC98A9C,E3E41FD0A915BE42A1C8872758FFCAFC04ECE3F11ABB0977B7E0016F2D6C8E0C,length,Melt-pool length,T0,rbf_learned_nugget,RBF + learned nugget,RBF,,True,50,sim_00051,51,240.4737499999,245.4321094571589,-4.958359457258894,4.958359457258894,24.58532850738871,10.585163718610302,112.04569094978386,19.99919385831717,399.96775498255124,19.99919385831717,total predictive variance including learned WhiteKernel nugget,3.3881030783358503,3.9453646370534616,3.9453646370534616,224.68518856868272,266.1790303456351,206.23368949485723,284.6305294194606,True,True,2.53**2 * RBF(length_scale=2.78) + WhiteKernel(noise_level=0.0352),6.403869769238318,2.7766948164847367,0.03522716013553706,0.18768899844033762,287.92206403276737,16.968266382655813,0.18768899844033762,0.04970551929018953,341.3759,False,1e-08,numerical jitter only; separate from WhiteKernel nugget,240,241,True,False,False,False,True,True,False,"[""P"",""VX"",""LS"",""ST""]",344.3015914541383,90.40629191726262,"[158.21413986554455,0.6185660050931917,6.475074854578498e-05,348.34463294093314]","[53.074349122814546,0.23964519577798124,1.3378055110341086e-05,32.42787089692531]",105961F70DC6623E1F1E8698F79C75F28280EB3DE7B4CF1E11B6A6F07C12F6D4,149.779509657,0.251536582152,4.84927831067e-05,381.35096431,1790118595,fmin_l_bfgs_b,1,-24.804331790448686,0.6070921999635175,0,0,,completed_without_convergence_warning,False,False,,False,,False,,False
phase3b_kernel_noise,Phase 3B,F7F71204D643D1027D0FF4736F24213619BF6A09C2361C3C11F169797AC98A9C,E3E41FD0A915BE42A1C8872758FFCAFC04ECE3F11ABB0977B7E0016F2D6C8E0C,length,Melt-pool length,T0,rbf_learned_nugget,RBF + learned nugget,RBF,,True,51,sim_00052,52,366.6239999999,360.0862079259393,6.537792073960702,6.537792073960702,42.74272520234338,16.2859467413778,265.23206126299414,23.511294773404714,552.7809819219278,23.511294773404714,total predictive variance including learned WhiteKernel nugget,3.789817196645994,4.1150810049355595,4.1150810049355595,328.1657523128388,392.0066635390398,314.00407017006603,406.1683456818125,True,True,2.54**2 * RBF(length_scale=2.78) + WhiteKernel(noise_level=0.035),6.4484888927662585,2.775267360821975,0.03499923631684797,0.187080828298487,287.54892065893364,16.957267487980886,0.18708082829848696,0.049673299983920616,341.3759,False,1e-08,numerical jitter only; separate from WhiteKernel nugget,240,241,True,False,False,False,True,True,False,"[""P"",""VX"",""LS"",""ST""]",343.77596541247163,90.64139624679024,"[158.20937114810707,0.6160348460623458,6.459672442327373e-05,348.6717536433998]","[53.07505533719403,0.24029941514887462,1.3351526113162792e-05,32.36312720681544]",05321497B6D501B181A7C8C36B9531B1E7A7CC76130D8BC386D99A4E51B81583,150.924001842,0.859014749555,8.54585725094e-05,302.841995718,1989270125,fmin_l_bfgs_b,1,-24.27107908834185,0.6781361000030302,0,0,,completed_without_convergence_warning,False,False,,False,,False,,False
phase3b_kernel_noise,Phase 3B,F7F71204D643D1027D0FF4736F24213619BF6A09C2361C3C11F169797AC98A9C,E3E41FD0A915BE42A1C8872758FFCAFC04ECE3F11ABB0977B7E0016F2D6C8E0C,length,Melt-pool length,T0,rbf_learned_nugget,RBF + learned nugget,RBF,,True,52,sim_00053,53,375.06440000000003,374.5718549471471,0.4925450528529609,0.4925450528529609,0.24260062908992605,12.932580198903047,167.25163060105916,21.330231740260114,454.97878609320003,21.330231740260114,total predictive variance including learned WhiteKernel nugget,3.4794135138209272,3.979330536679344,3.979330536679344,349.2239977572971,399.919712136997,332.76460073623724,416.3791091580569,True,True,2.53**2 * RBF(length_scale=2.78) + WhiteKernel(noise_level=0.035),6.3850266319698665,2.7761156852918,0.03502905297865431,0.18716050058346795,287.72715549214087,16.962522085236643,0.18716050058346795,0.049688692392276794,341.3759,False,1e-08,numerical jitter only; separate from WhiteKernel nugget,240,241,True,False,False,False,True,True,False,"[""P"",""VX"",""LS"",""ST""]",343.74079707913796,90.63088649771947,"[158.20694668993622,0.6154661164366374,6.467255978872623e-05,348.6752763168831]","[53.07537478525341,0.23956100875445052,1.341795027782825e-05,32.358092116725196]",C43BF0BB00E5BD5E51CEC7853F6DBC93738E9527EC2377DBAC52EF17B12947CF,151.505871803,0.995509859725,6.72580848008e-05,301.996554082,3973849596,fmin_l_bfgs_b,1,-24.13421503624474,0.48676980001619086,0,0,,completed_without_convergence_warning,False,False,,False,,False,,False
phase3b_kernel_noise,Phase 3B,F7F71204D643D1027D0FF4736F24213619BF6A09C2361C3C11F169797AC98A9C,E3E41FD0A915BE42A1C8872758FFCAFC04ECE3F11ABB0977B7E0016F2D6C8E0C,length,Melt-pool length,T0,rbf_learned_nugget,RBF + learned nugget,RBF,,True,53,sim_00054,54,327.3556,357.110396784759,-29.754796784759037,29.754796784759037,885.3479317023067,5.455736127763467,29.765056695783514,17.69056596406684,312.95612412900005,17.69056596406684,total predictive variance including learned WhiteKernel nugget,17.487876294041573,5.206462136305081,5.206462136305081,346.4171539743426,367.8036395951754,322.436887495188,391.78390607433005,False,True,2.5**2 * RBF(length_scale=2.75) + WhiteKernel(noise_level=0.0345),6.249724896686209,2.7489091701431927,0.034464517501532226,0.18564621596340775,283.1910674332165,16.828281773051476,0.18564621596340775,0.0492954592666075,341.3759,False,1e-08,numerical jitter only; separate from WhiteKernel nugget,240,241,True,False,False,False,True,True,False,"[""P"",""VX"",""LS"",""ST""]",343.93958374580455,90.64704974309014,"[158.20642811874455,0.6171280333808874,6.472159847430624e-05,348.58740089991653]","[53.07543964730879,0.2408049935476302,1.3405797854578483e-05,32.45595363515902]",5D828BF4A57E1AF15F781C199E535D2CFD2E0327C641FDAFD78F2D544D5E57F5,151.630328889,0.596649793105,5.54888002616e-05,323.086654154,3598757608,fmin_l_bfgs_b,1,-23.143299457272747,0.43306370003847405,0,0,,completed_without_convergence_warning,False,False,,False,,False,,False
phase3b_kernel_noise,Phase 3B,F7F71204D643D1027D0FF4736F24213619BF6A09C2361C3C11F169797AC98A9C,E3E41FD0A915BE42A1C8872758FFCAFC04ECE3F11ABB0977B7E0016F2D6C8E0C,length,Melt-pool length,T0,rbf_learned_nugget,RBF + learned nugget,RBF,,True,54,sim_00055,55,381.79805,374.39722665620343,7.40082334379656,7.40082334379656,54.7721861660841,5.24926574572941,27.55479086928814,17.760198824108887,315.4246622718787,17.760198824108887,total predictive variance including learned WhiteKernel nugget,3.570904475092091,3.8827213948388817,3.8827213948388817,364.10866579457377,384.6857875178331,339.58723696095,409.20721635145685,True,True,2.54**2 * RBF(length_scale=2.77) + WhiteKernel(noise_level=0.0351),6.4452140011401795,2.773272787642425,0.035054738698086334,0.1872291075075837,287.8698714025905,16.96672836473168,0.1872291075075837,0.04970101394015125,341.3759,False,1e-08,numerical jitter only; separate from WhiteKernel nugget,240,241,True,False,False,False,True,True,False,"[""P"",""VX"",""LS"",""ST""]",343.7127402041379,90.62014229835734,"[158.1977150049029,0.6171998609594332,6.464059910372415e-05,348.335743092454]","[53.076346841455965,0.24079630342926744,1.3402609498875246e-05,32.41852745346964]",90094DD588FB98F6D76A65EB27EDE4E724109FE9F684EF502AB418E027933365,153.721476211,0.579411174254,7.49286492013e-05,383.484527945,2608909015,fmin_l_bfgs_b,1,-24.56006946371579,1.2109593999921344,0,0,,completed_without_convergence_warning,False,False,,False,,False,,False
phase3b_kernel_noise,Phase 3B,F7F71204D643D1027D0FF4736F24213619BF6A09C2361C3C11F169797AC98A9C,E3E41FD0A915BE42A1C8872758FFCAFC04ECE3F11ABB0977B7E0016F2D6C8E0C,length,Melt-pool length,T0,rbf_learned_nugget,RBF + learned nugget,RBF,,True,55,sim_00056,56,374.78355,361.73593165318897,13.04761834681102,13.04761834681102,170.24034452403956,5.611570135366298,31.489719384134933,17.847640072984618,318.53825617480635,17.847640072984618,total predictive variance including learned WhiteKernel nugget,5.346878996584748,4.068031015106827,4.068031015106827,350.73725418787103,372.7346091185069,326.7545571101391,396.71730619623884,False,True,2.54**2 * RBF(length_scale=2.78) + WhiteKernel(noise_level=0.0349),6.4539339999923175,2.777345980516216,0.034946124734687646,0.1869388261830261,287.0485367906714,16.94250680361886,0.1869388261830261,0.04963006118363616,341.3759,False,1e-08,numerical jitter only; separate from WhiteKernel nugget,240,241,True,False,False,False,True,True,False,"[""P"",""VX"",""LS"",""ST""]",343.7419672874712,90.63128912038299,"[158.19003746303207,0.6159362228636,6.469716086005082e-05,348.6204663220624]","[53.07686050809345,0.24019479160724883,1.341725556011928e-05,32.42590090990646]",341E84805911D3A98FECAE44BE20585374673721005F42BD23FFF76578104F18,155.56408626,0.882684317254,6.13538276829e-05,315.150952839,2293511877,fmin_l_bfgs_b,1,-24.1580977139609,1.2033072999911383,0,0,,completed_without_convergence_warning,False,False,,False,,False,,False
phase3b_kernel_noise,Phase 3B,F7F71204D643D1027D0FF4736F24213619BF6A09C2361C3C11F169797AC98A9C,E3E41FD0A915BE42A1C8872758FFCAFC04ECE3F11ABB0977B7E0016F2D6C8E0C,length,Melt-pool length,T0,rbf_learned_nugget,RBF + learned nugget,RBF,,True,56,sim_00057,57,388.2283,387.76237739407765,0.46592260592234425,0.46592260592234425,0.2170838747094681,7.954090490062667,63.267555524105354,18.7473361663592,351.46261333447967,18.7473361663592,total predictive variance including learned WhiteKernel nugget,2.9943404584816085,3.8502990336564302,3.8502990336564302,372.1723600335548,403.3523947546005,351.01759850801363,424.50715628014166,True,True,2.54**2 * RBF(length_scale=2.77) + WhiteKernel(noise_level=0.0351),6.430594724467375,2.773203019667547,0.03510380096846401,0.1873600837117234,288.1950578103743,16.976308721579443,0.1873600837117234,0.04972907789208155,341.3759,False,1e-08,numerical jitter only; separate from WhiteKernel nugget,240,241,True,False,False,False,True,True,False,"[""P"",""VX"",""LS"",""ST""]",343.68594749580456,90.60792664727663,"[158.17820324084872,0.6174017377762916,6.460113050914082e-05,348.362035303779]","[53.07712804788169,0.24074422246769622,1.3358233755353366e-05,32.44445410604073]",2636D2EA8DA0FA9D07C49291FD1E9B6F88E18055D5947F0DDBA61EA7CC50311F,158.404299584,0.530960738208,8.44011119013e-05,377.174397227,3143067266,fmin_l_bfgs_b,1,-24.666969420268714,0.4584912999998778,0,0,,completed_without_convergence_warning,False,False,,False,,False,,False
phase3b_kernel_noise,Phase 3B,F7F71204D643D1027D0FF4736F24213619BF6A09C2361C3C11F169797AC98A9C,E3E41FD0A915BE42A1C8872758FFCAFC04ECE3F11ABB0977B7E0016F2D6C8E0C,length,Melt-pool length,T0,rbf_learned_nugget,RBF + learned nugget,RBF,,True,57,sim_00058,58,374.7926,361.5057794541478,13.286820545852208,13.286820545852208,176.53960021768037,5.421390133450391,29.391470979073247,17.776848451976793,316.0163408845497,17.776848451976793,total predictive variance including learned WhiteKernel nugget,5.612536201076836,4.076155861510818,4.076155861510818,350.87985479258504,372.13170411571053,326.6631564882733,396.3484024200223,False,True,2.54**2 * RBF(length_scale=2.77) + WhiteKernel(noise_level=0.0349),6.475519096544532,2.7719028071581717,0.03489455624102854,0.1868008464676446,286.62486990547643,16.929999111207195,0.1868008464676446,0.049593422122672384,341.3759,False,1e-08,numerical jitter only; separate from WhiteKernel nugget,240,241,True,False,False,False,True,True,False,"[""P"",""VX"",""LS"",""ST""]",343.7419295791379,90.631276203235,"[158.17666720099038,0.6164648133479417,6.470334910313999e-05,348.61946099597486]","[53.077116148161195,0.24064123009189184,1.3415369510741596e-05,32.426934819608576]",9797B797A182415F1B6A916A219C4C210EA5393B833B5E8832CE52C4A8064AD0,158.77294915,0.755822601012,5.98686493415e-05,315.3922311,2668606097,fmin_l_bfgs_b,1,-24.268721483493493,0.7774237000267021,0,0,,completed_without_convergence_warning,False,False,,False,,False,,False
phase3b_kernel_noise,Phase 3B,F7F71204D643D1027D0FF4736F24213619BF6A09C2361C3C11F169797AC98A9C,E3E41FD0A915BE42A1C8872758FFCAFC04ECE3F11ABB0977B7E0016F2D6C8E0C,length,Melt-pool length,T0,rbf_learned_nugget,RBF + learned nugget,RBF,,True,58,sim_00059,59,358.57309999999995,355.0851496435527,3.487950356447243,3.487950356447243,12.16579768904045,5.734155500577822,32.880539304806895,17.92150144364865,321.1802139947007,17.92150144364865,total predictive variance including learned WhiteKernel nugget,2.85037899114958,3.8238789310542387,3.8238789310542387,343.84620486242017,366.32409442468526,319.9590068140013,390.2112924731041,True,True,2.54**2 * RBF(length_scale=2.78) + WhiteKernel(noise_level=0.0351),6.4306009887419835,2.7757119005433735,0.03508522693150529,0.18731050939951363,288.29967468989383,16.97938970310458,0.18731050939951363,0.049738103079639134,341.3759,False,1e-08,numerical jitter only; separate from WhiteKernel nugget,240,241,True,False,False,False,True,True,False,"[""P"",""VX"",""LS"",""ST""]",343.80951082913793,90.6483558105612,"[158.1742001348279,0.6176737159749833,6.471454541773499e-05,348.5366336435748]","[53.0770746146133,0.24060950361735162,1.3410207542120482e-05,32.48625862593653]",79B95B582952D97941394C26257CC8A6192FE67D83DEA2E9AC3EEBDB7EA3A6BC,159.365045029,0.465685970522,5.71815338387e-05,335.270795676,3231074492,fmin_l_bfgs_b,1,-24.433288491699017,1.2657402000040747,0,0,,completed_without_convergence_warning,False,False,,False,,False,,False
phase3b_kernel_noise,Phase 3B,F7F71204D643D1027D0FF4736F24213619BF6A09C2361C3C11F169797AC98A9C,E3E41FD0A915BE42A1C8872758FFCAFC04ECE3F11ABB0977B7E0016F2D6C8E0C,length,Melt-pool length,T0,rbf_learned_nugget,RBF + learned nugget,RBF,,True,59,sim_00060,60,382.4964,386.72191430072417,-4.225514300724171,4.225514300724171,17.854971105624482,6.981891690418395,48.74681157673344,18.340854024696394,336.38692635522193,18.340854024696394,total predictive variance including learned WhiteKernel nugget,3.0453983158551994,3.854608900848735,3.854608900848735,373.0374065875041,400.4064220139442,350.77384041231926,422.66998818912907,True,True,2.53**2 * RBF(length_scale=2.77) + WhiteKernel(noise_level=0.035),6.391720626748201,2.7741343542854353,0.035027714671164556,0.18715692525569166,287.6401147784885,16.95995621393194,0.18715692525569166,0.04968117612851973,341.3759,False,1e-08,numerical jitter only; separate from WhiteKernel nugget,240,241,True,False,False,False,True,True,False,"[""P"",""VX"",""LS"",""ST""]",343.70983041247126,90.61890812088005,"[158.16923664466955,0.6156257805217874,6.47220900382679e-05,348.41779574671233]","[53.07690732153559,0.23980135918544612,1.340545712991622e-05,32.482402291987356]",4ADDB26F110E096DB21E7CD5FF57C9779CA99AA2F8F51991903499E2700B2BAF,160.556282667,0.957190479289,5.53708249108e-05,363.791890923,901869999,fmin_l_bfgs_b,1,-24.280258595146307,0.45279059995664284,0,0,,completed_without_convergence_warning,False,False,,False,,False,,False
phase3b_kernel_noise,Phase 3B,F7F71204D643D1027D0FF4736F24213619BF6A09C2361C3C11F169797AC98A9C,E3E41FD0A915BE42A1C8872758FFCAFC04ECE3F11ABB0977B7E0016F2D6C8E0C,length,Melt-pool length,T0,rbf_learned_nugget,RBF + learned nugget,RBF,,True,60,sim_00061,61,336.6283,392.17213924177037,-55.54383924177034,55.54383924177034,3085.118077715627,4.863755691511919,23.656119426714586,17.149117123920373,294.09221812993894,17.149117123920373,total predictive variance including learned WhiteKernel nugget,67.70836068167644,9.006039445375643,9.006039445375643,382.639178086407,401.7051003971337,358.55986967888646,425.7844088046543,False,False,2.48**2 * RBF(length_scale=2.72) + WhiteKernel(noise_level=0.0329),6.1274455393371685,2.7199045017440886,0.03290853887276044,0.18140710810979938,270.4360987032244,16.444941432039954,0.18140710810979938,0.048172531898238724,341.3759,False,1e-08,numerical jitter only; separate from WhiteKernel nugget,240,241,True,False,False,False,True,True,False,"[""P"",""VX"",""LS"",""ST""]",343.9009474958046,90.65213377463913,"[158.1644664047779,0.6172824373028624,6.464312812634415e-05,348.35496056258313]","[53.07664112633825,0.24077993167746867,1.3404493178666309e-05,32.43798482810248]",333AD5CC055AF3189C42EB055B5AF19981757DDF82639F9D18C09EEFD6A0C95F,161.701140241,0.559592851831,7.43216837725e-05,378.872335114,2633779247,fmin_l_bfgs_b,1,-19.487492616953347,0.52690930000972,0,0,,completed_without_convergence_warning,False,False,,False,,False,,False
phase3b_kernel_noise,Phase 3B,F7F71204D643D1027D0FF4736F24213619BF6A09C2361C3C11F169797AC98A9C,E3E41FD0A915BE42A1C8872758FFCAFC04ECE3F11ABB0977B7E0016F2D6C8E0C,length,Melt-pool length,T0,rbf_learned_nugget,RBF + learned nugget,RBF,,True,61,sim_00062,62,390.0072999999,362.9195445623182,27.08775543758179,27.08775543758179,733.7464946462419,8.446052032090504,71.33579492878013,18.884617533997318,356.62877940535896,18.884617533997318,total predictive variance including learned WhiteKernel nugget,8.19554308348917,4.88601209547242,4.88601209547242,346.3652825794208,379.4738065452156,325.90569419568345,399.93339492895296,False,True,2.51**2 * RBF(length_scale=2.76) + WhiteKernel(noise_level=0.0348),6.286613518842564,2.76225622968256,0.034753163255556496,0.18642200314221627,285.2929844765788,16.89061823843576,0.18642200314221627,0.04947806285808623,341.3759,False,1e-08,numerical jitter only; separate from WhiteKernel nugget,240,241,True,False,False,False,True,True,False,"[""P"",""VX"",""LS"",""ST""]",343.678534995805,90.60420955540515,"[158.15856501914874,0.6177050277203625,6.462933319089998e-05,348.64548668367905]","[53.07616882887162,0.24058923281247338,1.339281691495357e-05,32.39773666015443]",AA71CBE924725BBF95AC18277AD00C80B1F2F27479348E01F8D5382ADEC6DADF,163.117472792,0.458171151631,7.76324682791e-05,309.146066051,2223115102,fmin_l_bfgs_b,1,-23.57821087867771,0.49480439996114,0,0,,completed_without_convergence_warning,False,False,,False,,False,,False
phase3b_kernel_noise,Phase 3B,F7F71204D643D1027D0FF4736F24213619BF6A09C2361C3C11F169797AC98A9C,E3E41FD0A915BE42A1C8872758FFCAFC04ECE3F11ABB0977B7E0016F2D6C8E0C,length,Melt-pool length,T0,rbf_learned_nugget,RBF + learned nugget,RBF,,True,62,sim_00063,63,373.13910000000004,368.64520065144535,4.493899348554692,4.493899348554692,20.195131354940283,6.735189781230281,45.3627813891888,18.258445354242607,333.3708267538634,18.258445354242607,total predictive variance including learned WhiteKernel nugget,3.0488803444799433,3.8538555554149045,3.8538555554149045,355.444228680234,381.8461726226567,332.85864775712986,404.43175354576084,True,True,2.53**2 * RBF(length_scale=2.78) + WhiteKernel(noise_level=0.0351),6.411805309067574,2.7786643838648404,0.03506117065910506,0.18724628343202185,288.0080453646747,16.970799785651668,0.18724628343202185,0.04971294044380892,341.3759,False,1e-08,numerical jitter only; separate from WhiteKernel nugget,240,241,True,False,False,False,True,True,False,"[""P"",""VX"",""LS"",""ST""]",343.74881916247125,90.63357346589349,"[158.15763091098205,0.6156895985064458,6.472539936455915e-05,348.640753986079]","[53.076079574059456,0.23989019629702218,1.3403049979074729e-05,32.403422972062216]",2534FD693271C3F6497F70E3814EAA2A5F7959826E4A94CB4E4AE11647F58531,163.341658752,0.941874162971,5.45765866009e-05,310.281913475,1140114997,fmin_l_bfgs_b,1,-24.329101729684368,0.5150299999513663,0,0,,completed_without_convergence_warning,False,False,,False,,False,,False
phase3b_kernel_noise,Phase 3B,F7F71204D643D1027D0FF4736F24213619BF6A09C2361C3C11F169797AC98A9C,E3E41FD0A915BE42A1C8872758FFCAFC04ECE3F11ABB0977B7E0016F2D6C8E0C,length,Melt-pool length,T0,rbf_learned_nugget,RBF + learned nugget,RBF,,True,63,sim_00064,64,322.9517,379.34604728688186,-56.39434728688184,56.39434728688184,3180.3224059134373,8.063924503156528,65.02687839260825,18.362944284167966,337.197722783457,18.362944284167966,total predictive variance including learned WhiteKernel nugget,27.460245363167008,8.545085671388978,8.545085671388978,363.54075526069505,395.15133931306866,343.35467648991266,415.33741808385105,False,False,2.59**2 * RBF(length_scale=2.78) + WhiteKernel(noise_level=0.0331),6.708901263998607,2.7759153866513264,0.03312613071789822,0.18200585352646825,272.1708443908487,16.497601170802035,0.18200585352646825,0.04832678923966816,341.3759,False,1e-08,numerical jitter only; separate from WhiteKernel nugget,240,241,True,False,False,False,True,True,False,"[""P"",""VX"",""LS"",""ST""]",343.9579333291379,90.64324498993581,"[158.14587022627376,0.6174698905356125,6.467348427364291e-05,348.6712723905706]","[53.074616851326596,0.24071742535561108,1.3418120741742592e-05,32.3638078443994]",C753880186047F4D92EBC52B31AF97AF6A7A477B29FAA21363F0730E80B1E7A6,166.164223082,0.514604075971,6.70362084208e-05,302.957496397,1323120576,fmin_l_bfgs_b,1,-19.949679529986383,0.42610969999805093,0,0,,completed_without_convergence_warning,False,False,,False,,False,,False
phase3b_kernel_noise,Phase 3B,F7F71204D643D1027D0FF4736F24213619BF6A09C2361C3C11F169797AC98A9C,E3E41FD0A915BE42A1C8872758FFCAFC04ECE3F11ABB0977B7E0016F2D6C8E0C,length,Melt-pool length,T0,rbf_learned_nugget,RBF + learned nugget,RBF,,True,64,sim_00065,65,392.21,393.57540163953814,-1.3654016395381632,1.3654016395381632,1.864321637253504,6.172411743253231,38.098666728250386,18.056801505234173,326.04808059942707,18.056801505234173,total predictive variance including learned WhiteKernel nugget,2.763495196377912,3.815319929056249,3.815319929056249,381.4774746227618,405.6733286563145,358.18407068927917,428.9667325897971,True,True,2.53**2 * RBF(length_scale=2.78) + WhiteKernel(noise_level=0.0351),6.4007544781334476,2.775316768823802,0.03508047887259057,0.18729783467138794,287.9494138711767,16.969072274911696,0.18729783467138797,0.0497078800082598,341.3759,False,1e-08,numerical jitter only; separate from WhiteKernel nugget,240,241,True,False,False,False,True,True,False,"[""P"",""VX"",""LS"",""ST""]",343.66935707913785,90.59940444417711,"[158.14399313247375,0.615731719872275,6.471631190085166e-05,348.41665905261647]","[53.074325265191085,0.23994657191483162,1.3409187164616423e-05,32.48185949083532]",803547B1FBFF5762B46954AE5969B75BBC5ECA65B9B8604983C5829472D7135B,166.614725594,0.931765035172,5.67575778907e-05,364.064697506,3846979195,fmin_l_bfgs_b,1,-24.40382031163429,0.5355669999844395,1,1,"ConvergenceWarning: lbfgs failed to converge after 22 iteration(s) (status=2):
ABNORMAL: 

You might also want to scale the data as shown in:
    https://scikit-learn.org/stable/modules/preprocessing.html",completed_with_convergence_warning,False,False,,False,,False,,False
phase3b_kernel_noise,Phase 3B,F7F71204D643D1027D0FF4736F24213619BF6A09C2361C3C11F169797AC98A9C,E3E41FD0A915BE42A1C8872758FFCAFC04ECE3F11ABB0977B7E0016F2D6C8E0C,length,Melt-pool length,T0,rbf_learned_nugget,RBF + learned nugget,RBF,,True,65,sim_00066,66,398.4615,384.9345531031448,13.52694689685518,13.52694689685518,182.97829235033996,6.017267788603025,36.20751163975954,18.008157674361403,324.2937428246615,18.008157674361403,total predictive variance including learned WhiteKernel nugget,5.240371992976611,4.091881528359489,4.091881528359489,373.1407082374829,396.72839796880675,349.6385640613965,420.23054214489315,False,True,2.55**2 * RBF(length_scale=2.79) + WhiteKernel(noise_level=0.0351),6.511656453994116,2.786873942313273,0.03510866267372156,0.18737305749152294,288.08623118490203,16.973103168981858,0.18737305749152294,0.04971968779571686,341.3759,False,1e-08,numerical jitter only; separate from WhiteKernel nugget,240,241,True,False,False,False,True,True,False,"[""P"",""VX"",""LS"",""ST""]",343.64330916247127,90.58454505792407,"[158.1408523857404,0.6175936040676457,6.462670879033248e-05,348.5745400837873]","[53.07380159938412,0.24065688971891847,1.3390206651317124e-05,32.46544294561761]",5A79EA16A00331B86750CB55D8021475D86BF99EE25A9FB63472355BC135AE11,167.36850481,0.484912828283,7.82623244153e-05,326.173250025,3280440136,fmin_l_bfgs_b,1,-24.396588392760037,0.584091900032945,0,0,,completed_without_convergence_warning,False,False,,False,,False,,False
phase3b_kernel_noise,Phase 3B,F7F71204D643D1027D0FF4736F24213619BF6A09C2361C3C11F169797AC98A9C,E3E41FD0A915BE42A1C8872758FFCAFC04ECE3F11ABB0977B7E0016F2D6C8E0C,length,Melt-pool length,T0,rbf_learned_nugget,RBF + learned nugget,RBF,,True,66,sim_00067,67,358.5394,341.3116192221901,17.227780777809926,17.227780777809926,296.7964305282772,5.774275465541379,33.34225715195311,17.909843844456443,320.7625065328143,17.909843844456443,total predictive variance including learned WhiteKernel nugget,7.123106247263114,4.266931054394421,4.266931054394421,329.994039309729,352.6291991346512,306.20832528705546,376.4149131573247,False,True,2.51**2 * RBF(length_scale=2.77) + WhiteKernel(noise_level=0.035),6.313239050970867,2.7710114701454365,0.03497818581564181,0.18702455939165266,287.4202493808612,16.95347307724471,0.18702455939165266,0.049662184932342056,341.3759,False,1e-08,numerical jitter only; separate from WhiteKernel nugget,240,241,True,False,False,False,True,True,False,"[""P"",""VX"",""LS"",""ST""]",343.80965124580456,90.64837865353304,"[158.1391387767779,0.617986656700275,6.468370471488706e-05,348.28837500021234]","[53.07349699566796,0.24036265378191513,1.3418982307484932e-05,32.35877500879813]",0B420939EB884A56BE4001F0FC13E8D9E5CF37B54E8C333B27910AB58173F0AD,167.779770961,0.390580196452,6.45833025222e-05,394.852870083,1188794908,fmin_l_bfgs_b,1,-24.00763102282005,0.44416489999275655,0,0,,completed_without_convergence_warning,False,False,,False,,False,,False
phase3b_kernel_noise,Phase 3B,F7F71204D643D1027D0FF4736F24213619BF6A09C2361C3C11F169797AC98A9C,E3E41FD0A915BE42A1C8872758FFCAFC04ECE3F11ABB0977B7E0016F2D6C8E0C,length,Melt-pool length,T0,rbf_learned_nugget,RBF + learned nugget,RBF,,True,67,sim_00068,68,431.28729999990003,427.2728508253302,4.014449174569847,4.014449174569847,16.11580217520453,7.346765540168524,53.9749639022077,18.494900641730208,342.06134974747243,18.494900641730208,total predictive variance including learned WhiteKernel nugget,3.062488292877554,3.859990474838885,3.859990474838885,412.8731903665999,441.6725112840605,391.022845567539,463.5228560831214,True,True,2.54**2 * RBF(length_scale=2.78) + WhiteKernel(noise_level=0.0352),6.432284830076012,2.780567147489387,0.03519233042199309,0.18759618978538206,288.08638584526483,16.973107725023866,0.18759618978538206,0.04971970114183182,341.3759,False,1e-08,numerical jitter only; separate from WhiteKernel nugget,240,241,True,False,False,False,True,True,False,"[""P"",""VX"",""LS"",""ST""]",343.506534995805,90.47682548585776,"[158.12472345862372,0.6155741418875916,6.464416613488998e-05,348.32979346531226]","[53.070406609070716,0.2397264552775122,1.3405232954170398e-05,32.41194451108173]",B01CF3F5F11F735A3D5360142153FDCC16DDDB8B4A693F81403E6BE76D7D18C3,171.239447318,0.969583751496,7.40725617215e-05,384.912438459,4194133917,fmin_l_bfgs_b,1,-24.686106142563375,0.7725564999855123,0,0,,completed_without_convergence_warning,False,False,,False,,False,,False
phase3b_kernel_noise,Phase 3B,F7F71204D643D1027D0FF4736F24213619BF6A09C2361C3C11F169797AC98A9C,E3E41FD0A915BE42A1C8872758FFCAFC04ECE3F11ABB0977B7E0016F2D6C8E0C,length,Melt-pool length,T0,rbf_learned_nugget,RBF + learned nugget,RBF,,True,68,sim_00069,69,250.33599999999998,239.68558988229586,10.650410117704126,10.650410117704126,113.43123567529442,7.052543326988821,49.738367379054544,18.339813836677475,336.3487715639866,18.339813836677475,total predictive variance including learned WhiteKernel nugget,4.012605881206589,3.996634300114723,3.996634300114723,225.86260496139778,253.50857480319394,203.739554762408,275.6316250021837,True,True,2.52**2 * RBF(length_scale=2.76) + WhiteKernel(noise_level=0.035),6.3257597981113225,2.76314344221077,0.03503184913531204,0.1871679703777119,286.61040418493195,16.929571884277877,0.18716797037771193,0.049592170637346916,341.3759,False,1e-08,numerical jitter only; separate from WhiteKernel nugget,240,241,True,False,False,False,True,True,False,"[""P"",""VX"",""LS"",""ST""]",344.26049874580457,90.45122330553338,"[158.12412723818207,0.6186407161046501,6.469503971972915e-05,348.4536446536874]","[53.07025846412278,0.2395279365385799,1.3417743692858114e-05,32.49459998120398]",B60BF786DA9DC7A389E3AAB4F3FF9C9E24937FC8BD417A47F3703102521BCCD1,171.382540224,0.233605939402,6.18629013601e-05,355.188153249,450384964,fmin_l_bfgs_b,1,-24.488376313958895,0.41481250000651926,0,0,,completed_without_convergence_warning,False,False,,False,,False,,False
phase3b_kernel_noise,Phase 3B,F7F71204D643D1027D0FF4736F24213619BF6A09C2361C3C11F169797AC98A9C,E3E41FD0A915BE42A1C8872758FFCAFC04ECE3F11ABB0977B7E0016F2D6C8E0C,length,Melt-pool length,T0,rbf_learned_nugget,RBF + learned nugget,RBF,,True,69,sim_00070,70,413.70025,406.80310910516266,6.897140894837321,6.897140894837321,47.57055252323736,5.621489141515202,31.60114016817332,17.874701153444988,319.5049413249676,17.874701153444988,total predictive variance including learned WhiteKernel nugget,3.3982065923422113,3.87676906073075,3.87676906073075,395.78499038779285,417.8212278225325,371.7686948444105,441.8375233659148,True,True,2.54**2 * RBF(length_scale=2.78) + WhiteKernel(noise_level=0.0351),6.428714309186221,2.7777111347554917,0.03512038378660805,0.18740433235816095,287.90380115679426,16.967728226159043,0.18740433235816095,0.049703942856420276,341.3759,False,1e-08,numerical jitter only; separate from WhiteKernel nugget,240,241,True,False,False,False,True,True,False,"[""P"",""VX"",""LS"",""ST""]",343.57981437080457,90.54074691150086,"[158.12207292499457,0.6157936681913416,6.46751396919154e-05,348.52385701007074]","[53.06973565521754,0.2400262235231237,1.341838762276257e-05,32.4908701576498]",2C5AB838B69EF6991AB9DC4D3FC58CA9BAC9608A6FBD41636B23B0B9B21E2916,171.875575389,0.916897438596,6.66389080354e-05,338.337187717,1943700083,fmin_l_bfgs_b,1,-24.496993792001035,0.543790000025183,0,0,,completed_without_convergence_warning,False,False,,False,,False,,False
phase3b_kernel_noise,Phase 3B,F7F71204D643D1027D0FF4736F24213619BF6A09C2361C3C11F169797AC98A9C,E3E41FD0A915BE42A1C8872758FFCAFC04ECE3F11ABB0977B7E0016F2D6C8E0C,length,Melt-pool length,T0,rbf_learned_nugget,RBF + learned nugget,RBF,,True,70,sim_00071,71,247.96189999999999,232.84222119857793,15.119678801422054,15.119678801422054,228.60468705817146,7.0434286535337245,49.609887197419894,18.29924928415521,334.8625243636549,18.29924928415521,total predictive variance including learned WhiteKernel nugget,5.1750570609654964,4.1671396728136285,4.1671396728136285,219.03710103765184,246.64734135950403,196.97569260163374,268.7087497955221,False,True,2.52**2 * RBF(length_scale=2.76) + WhiteKernel(noise_level=0.0349),6.375092269773155,2.760828874970839,0.03487391314513423,0.18674558400437272,285.25263716623505,16.88942382576253,0.18674558400437274,0.04947456403853503,341.3759,False,1e-08,numerical jitter only; separate from WhiteKernel nugget,240,241,True,False,False,False,True,True,False,"[""P"",""VX"",""LS"",""ST""]",344.2703908291379,90.44082041247657,"[158.1143838722904,0.6186531674855792,6.469291426369124e-05,348.3356806183248]","[53.06760868378144,0.23950784243775555,1.3418151744767807e-05,32.41845970325067]",87A250E2DE9DC47DF9FCE576C64D8D89209760EE7EF1AD95E7A9F6B0842F1F68,173.720948038,0.230617607979,6.23730108092e-05,383.499521736,3584807109,fmin_l_bfgs_b,1,-24.400625081197262,0.6046286000055261,0,0,,completed_without_convergence_warning,False,False,,False,,False,,False
phase3b_kernel_noise,Phase 3B,F7F71204D643D1027D0FF4736F24213619BF6A09C2361C3C11F169797AC98A9C,E3E41FD0A915BE42A1C8872758FFCAFC04ECE3F11ABB0977B7E0016F2D6C8E0C,length,Melt-pool length,T0,rbf_learned_nugget,RBF + learned nugget,RBF,,True,71,sim_00072,72,438.3516,436.4413661472586,1.9102338527414418,1.9102338527414418,3.648993372159412,8.344752432825508,69.63489316514725,18.91145031292447,357.642952938211,18.91145031292447,total predictive variance including learned WhiteKernel nugget,3.066772320675932,3.863807555814417,3.863807555814417,420.0856513789206,452.79708091559655,399.3749235339266,473.50780876059054,True,True,2.53**2 * RBF(length_scale=2.78) + WhiteKernel(noise_level=0.0352),6.406919419582313,2.778133994670284,0.03520588447026734,0.18763231190354004,288.00805977306374,16.970800210156966,0.18763231190354004,0.0497129416873217,341.3759,False,1e-08,numerical jitter only; separate from WhiteKernel nugget,240,241,True,False,False,False,True,True,False,"[""P"",""VX"",""LS"",""ST""]",343.47710041247126,90.44710923181232,"[158.11268739494042,0.6154706457892917,6.464429587683956e-05,348.40210663733313]","[53.067103232070096,0.23956818377155417,1.3405324054855183e-05,32.47406234569295]",B8518609567E926EB261E0BABA8CA596CAB8733E8F20A58C8C455A7F6B10DC8C,174.128102602,0.994422815088,7.40414236536e-05,367.557277174,3401583292,fmin_l_bfgs_b,1,-24.674184393285515,0.5683659000205807,0,0,,completed_without_convergence_warning,False,False,,False,,False,,False
phase3b_kernel_noise,Phase 3B,F7F71204D643D1027D0FF4736F24213619BF6A09C2361C3C11F169797AC98A9C,E3E41FD0A915BE42A1C8872758FFCAFC04ECE3F11ABB0977B7E0016F2D6C8E0C,length,Melt-pool length,T0,rbf_learned_nugget,RBF + learned nugget,RBF,,True,72,sim_00073,73,394.40055,400.81235683573396,-6.411806835733955,6.411806835733955,41.111266898764676,6.386069897041487,40.78188872989947,18.12566914699106,328.53988202618365,18.12566914699106,total predictive variance including learned WhiteKernel nugget,3.2770958625722164,3.8788342823590503,3.8788342823590503,388.29565983753264,413.3290538339353,365.28604530763147,436.33866836383646,True,True,2.53**2 * RBF(length_scale=2.77) + WhiteKernel(noise_level=0.0351),6.401023688447536,2.7674377357516535,0.035061029000676154,0.18724590516397455,287.75799329628427,16.96343105908366,0.18724590516397455,0.04969135506953965,341.3759,False,1e-08,numerical jitter only; separate from WhiteKernel nugget,240,241,True,False,False,False,True,True,False,"[""P"",""VX"",""LS"",""ST""]",343.6602297874712,90.59440335546182,"[158.1035614869904,0.6172049532872916,6.471079110920374e-05,348.2962736975498]","[53.06415988239191,0.24079549130096103,1.341218967832528e-05,32.36990704229088]",E172EF945B92249EFA67E6271A4F1CD5B6FD60535235A229DB222FE437BA1AD5,176.31832051,0.578189015568,5.80825678862e-05,392.957182722,1060329887,fmin_l_bfgs_b,1,-24.655790334257432,0.37459449999732897,0,0,,completed_without_convergence_warning,False,False,,False,,False,,False
phase3b_kernel_noise,Phase 3B,F7F71204D643D1027D0FF4736F24213619BF6A09C2361C3C11F169797AC98A9C,E3E41FD0A915BE42A1C8872758FFCAFC04ECE3F11ABB0977B7E0016F2D6C8E0C,length,Melt-pool length,T0,rbf_learned_nugget,RBF + learned nugget,RBF,,True,73,sim_00074,74,412.83230000000003,408.46499905027264,4.367300949727394,4.367300949727394,19.073317585489796,4.591842259321023,21.085015334486396,17.576460900873425,308.9319777999322,17.576460900873425,total predictive variance including learned WhiteKernel nugget,2.8955153992258085,3.8163688602562034,3.8163688602562034,399.46498822200346,417.4650098785418,374.01513568456073,442.91486241598454,True,True,2.54**2 * RBF(length_scale=2.77) + WhiteKernel(noise_level=0.0351),6.446124686367221,2.7725136864703055,0.03511129144792113,0.18738007217396713,287.84696246544587,16.96605323772874,0.18738007217396713,0.0496990362756385,341.3759,False,1e-08,numerical jitter only; separate from WhiteKernel nugget,240,241,True,False,False,False,True,True,False,"[""P"",""VX"",""LS"",""ST""]",343.5834308291379,90.54353027453817,"[158.10217977590708,0.6163840172257208,6.467875097034456e-05,348.4335033005873]","[53.063681259934796,0.240591166153765,1.3418799009681861e-05,32.48892082307571]",4929B1E71942D1548254592E083BA60C9E175F6761E0E4EE5C53EEBA044090AC,176.64993117,0.775213670345,6.57722012124e-05,360.022077993,2330856428,fmin_l_bfgs_b,1,-24.699147231246826,1.0518746000016108,0,0,,completed_without_convergence_warning,False,False,,False,,False,,False
phase3b_kernel_noise,Phase 3B,F7F71204D643D1027D0FF4736F24213619BF6A09C2361C3C11F169797AC98A9C,E3E41FD0A915BE42A1C8872758FFCAFC04ECE3F11ABB0977B7E0016F2D6C8E0C,length,Melt-pool length,T0,rbf_learned_nugget,RBF + learned nugget,RBF,,True,74,sim_00075,75,396.6682,398.414440318538,-1.746240318538014,1.746240318538014,3.0493552500877446,5.695213373176865,32.43545536601261,17.907292935256127,320.671140269074,17.907292935256127,total predictive variance including learned WhiteKernel nugget,2.7055711082555094,3.8089012352229648,3.8089012352229648,387.25182210711137,409.5770585299647,363.316146165436,433.51273447164004,True,True,2.53**2 * RBF(length_scale=2.77) + WhiteKernel(noise_level=0.0351),6.424933630575251,2.7742695719694512,0.0351234273924584,0.1874124526077667,288.2356849030614,16.977505261464696,0.18741245260776673,0.04973258294292215,341.3759,False,1e-08,numerical jitter only; separate from WhiteKernel nugget,240,241,True,False,False,False,True,True,False,"[""P"",""VX"",""LS"",""ST""]",343.6507812458046,90.58899248811771,"[158.09710134359457,0.6163439663060541,6.472907611731706e-05,348.35536217482894]","[53.061847558783064,0.24056392103039265,1.3400144082427815e-05,32.43836206005785]",B0CD456EE617916651EC581422CA6C17A3BF21C954F44C52F6C9D94DD77EF556,177.868754925,0.784825891065,5.3694165939e-05,378.775948175,1356652223,fmin_l_bfgs_b,1,-24.649745727570433,0.45771479996619746,0,0,,completed_without_convergence_warning,False,False,,False,,False,,False
phase3b_kernel_noise,Phase 3B,F7F71204D643D1027D0FF4736F24213619BF6A09C2361C3C11F169797AC98A9C,E3E41FD0A915BE42A1C8872758FFCAFC04ECE3F11ABB0977B7E0016F2D6C8E0C,length,Melt-pool length,T0,rbf_learned_nugget,RBF + learned nugget,RBF,,True,75,sim_00076,76,411.51464999999996,405.44045488237003,6.074195117629927,6.074195117629927,36.89584632703924,4.984501299903552,24.845253208740196,17.68231828710569,312.6643800065123,17.68231828710569,total predictive variance including learned WhiteKernel nugget,3.2677848781011707,3.850506024613105,3.850506024613105,395.67083233455907,415.210077430181,370.7831110396429,440.09779872509716,True,True,2.54**2 * RBF(length_scale=2.77) + WhiteKernel(noise_level=0.0351),6.4599695219715025,2.7725131719050466,0.03510467120759496,0.1873624060680129,287.81912679777207,16.9652328836881,0.18736240606801288,0.04969663319434119,341.3759,False,1e-08,numerical jitter only; separate from WhiteKernel nugget,240,241,True,False,False,False,True,True,False,"[""P"",""VX"",""LS"",""ST""]",343.58892103747127,90.5476890467007,"[158.0896746409154,0.6168478499347833,6.467570348435123e-05,348.5746778223498]","[53.05895492177852,0.24078953689755506,1.3418467278547977e-05,32.46534783488296]",B543FE9FF20212E4870C44D2D9CA5CC307AFA35715DC9E976F75BBBB8AA1C247,179.651163568,0.66389382017,6.65035978508e-05,326.14019277,2480346402,fmin_l_bfgs_b,1,-24.72503632708589,0.6763914999901317,0,0,,completed_without_convergence_warning,False,False,,False,,False,,False
phase3b_kernel_noise,Phase 3B,F7F71204D643D1027D0FF4736F24213619BF6A09C2361C3C11F169797AC98A9C,E3E41FD0A915BE42A1C8872758FFCAFC04ECE3F11ABB0977B7E0016F2D6C8E0C,length,Melt-pool length,T0,rbf_learned_nugget,RBF + learned nugget,RBF,,True,76,sim_00077,77,393.0847,392.24213692159935,0.8425630784006444,0.8425630784006444,0.7099125410839704,5.7881615889526,33.502814579826286,17.935567140224606,321.68456864150465,17.935567140224606,total predictive variance including learned WhiteKernel nugget,2.685348078929887,3.8068276952561417,3.8068276952561417,380.8973402072523,403.5869336359464,357.08842532675914,427.39584851643957,True,True,2.54**2 * RBF(length_scale=2.77) + WhiteKernel(noise_level=0.0351),6.434170994084343,2.7724249425611105,0.035110311697280544,0.1873774578151826,288.18175406167836,16.975916884271033,0.1873774578151826,0.04972793007435801,341.3759,False,1e-08,numerical jitter only; separate from WhiteKernel nugget,240,241,True,False,False,False,True,True,False,"[""P"",""VX"",""LS"",""ST""]",343.6657124958046,90.59743408951046,"[158.0832307891529,0.6169330595198708,6.472385270601124e-05,348.5976362485249]","[53.05624197224228,0.24080255146542665,1.3404199555691769e-05,32.44752163992074]",B22F0DDDA7F885E4B2619D98AE26D1009B161DBE2EEDA2BFC37E6D9729CBD1AE,181.197687991,0.643443519749,5.49477846524e-05,320.630170488,2102537371,fmin_l_bfgs_b,1,-24.679407388706693,0.4362888000323437,0,0,,completed_without_convergence_warning,False,False,,False,,False,,False
phase3b_kernel_noise,Phase 3B,F7F71204D643D1027D0FF4736F24213619BF6A09C2361C3C11F169797AC98A9C,E3E41FD0A915BE42A1C8872758FFCAFC04ECE3F11ABB0977B7E0016F2D6C8E0C,length,Melt-pool length,T0,rbf_learned_nugget,RBF + learned nugget,RBF,,True,77,sim_00078,78,307.38899999999995,291.1647280796751,16.22427192032484,16.22427192032484,263.226999344641,6.202493371969324,38.4709240293234,18.021335386040466,324.7685290961543,18.021335386040466,total predictive variance including learned WhiteKernel nugget,6.165006055605183,4.215748131510583,4.215748131510583,279.00784107061526,303.321615088735,255.8429107230358,326.48654543631443,False,True,2.5**2 * RBF(length_scale=2.76) + WhiteKernel(noise_level=0.0349),6.27423893220625,2.7606948614729827,0.03486136887175558,0.18671199445069292,286.29760506683084,16.9203311157563,0.18671199445069292,0.049565101449036975,341.3759,False,1e-08,numerical jitter only; separate from WhiteKernel nugget,240,241,True,False,False,False,True,True,False,"[""P"",""VX"",""LS"",""ST""]",344.02277791247127,90.62262531947104,"[158.08316066636124,0.6183925831522082,6.468625825490831e-05,348.30086489910394]","[53.0562114114035,0.23989554738143604,1.3418904647921118e-05,32.37616247064586]",D2E84CB7B06E6A4CB9E60A73890FB0CA17B76CC9D0469A13B68A850714BFE4FC,181.214517461,0.293157847988,6.39704529171e-05,391.855294349,2249380350,fmin_l_bfgs_b,1,-23.99938292542049,0.35864450002554804,0,0,,completed_without_convergence_warning,False,False,,False,,False,,False
phase3b_kernel_noise,Phase 3B,F7F71204D643D1027D0FF4736F24213619BF6A09C2361C3C11F169797AC98A9C,E3E41FD0A915BE42A1C8872758FFCAFC04ECE3F11ABB0977B7E0016F2D6C8E0C,length,Melt-pool length,T0,rbf_learned_nugget,RBF + learned nugget,RBF,,True,78,sim_00079,79,399.46635000000003,400.2202107128483,-0.7538607128482795,0.7538607128482795,0.5683059743761161,6.383645414894631,40.750928783105245,18.138759806978566,329.01460733526113,18.138759806978566,total predictive variance including learned WhiteKernel nugget,2.7796507695417954,3.817853256238061,3.817853256238061,387.7082656996548,412.7321557260418,364.6682414911703,435.7721799345263,True,True,2.54**2 * RBF(length_scale=2.78) + WhiteKernel(noise_level=0.0351),6.440089959878691,2.7760307361548646,0.03513227138495302,0.1874360461196112,288.2636785521558,16.978329674975562,0.1874360461196112,0.04973499791571567,341.3759,False,1e-08,numerical jitter only; separate from WhiteKernel nugget,240,241,True,False,False,False,True,True,False,"[""P"",""VX"",""LS"",""ST""]",343.63912228747125,90.58198797119815,"[158.0769660072654,0.6163333559161708,6.474154358660289e-05,348.3121180250082]","[53.053423447557975,0.2405564334035301,1.338847437592873e-05,32.39082624397154]",38C728592D2FEFAB19BBD54E937ED498DA8FB6EC28BD14069CD9332EC5132341,182.701235644,0.787372384637,5.07019733104e-05,389.154544132,1208994805,fmin_l_bfgs_b,1,-24.715155253255233,1.0967958000255749,0,0,,completed_without_convergence_warning,False,False,,False,,False,,False
phase3b_kernel_noise,Phase 3B,F7F71204D643D1027D0FF4736F24213619BF6A09C2361C3C11F169797AC98A9C,E3E41FD0A915BE42A1C8872758FFCAFC04ECE3F11ABB0977B7E0016F2D6C8E0C,length,Melt-pool length,T0,rbf_learned_nugget,RBF + learned nugget,RBF,,True,79,sim_00080,80,392.5472,393.9841002285698,-1.4369002285698116,1.4369002285698116,2.0646822668639766,10.422272882918216,108.62377204601239,19.917199249237253,396.694825933817,19.917199249237253,total predictive variance including learned WhiteKernel nugget,3.2723874959822656,3.913124531470061,3.913124531470061,373.55644537805006,414.4117550790895,354.94638970006474,433.02181075707483,True,True,2.53**2 * RBF(length_scale=2.78) + WhiteKernel(noise_level=0.0351),6.425202053897957,2.7790630830440737,0.03509588334146751,0.187338953080953,288.0710538878046,16.97265606461772,0.18733895308095302,0.049718378082980436,341.3759,False,1e-08,numerical jitter only; separate from WhiteKernel nugget,240,241,True,False,False,False,True,True,False,"[""P"",""VX"",""LS"",""ST""]",343.6679520791379,90.59864905556233,"[158.0721081151154,0.615748509088325,6.475386533110998e-05,348.2924432385415]","[53.05111504979482,0.23996854240577986,1.337417930942306e-05,32.364567080553684]",38896D78AF14E798D69DA7C271146269516D7AD3F094CBEE1C468F63860E66D7,183.86712976,0.92773562332,4.77447546287e-05,393.876492884,2719328663,fmin_l_bfgs_b,1,-24.46731117106276,1.1777073999983259,0,0,,completed_without_convergence_warning,False,False,,False,,False,,False
phase3b_kernel_noise,Phase 3B,F7F71204D643D1027D0FF4736F24213619BF6A09C2361C3C11F169797AC98A9C,E3E41FD0A915BE42A1C8872758FFCAFC04ECE3F11ABB0977B7E0016F2D6C8E0C,length,Melt-pool length,T0,rbf_learned_nugget,RBF + learned nugget,RBF,,True,80,sim_00081,81,414.91020000000003,404.7206893341878,10.189510665812236,10.189510665812236,103.82612760870131,5.197385955411939,27.01282076951327,17.725288601649048,314.18585601174965,17.725288601649048,total predictive variance including learned WhiteKernel nugget,4.4888878475366045,3.959161316765632,3.959161316765632,394.5338128615804,414.9075658067952,369.97912367495564,439.46225499341995,False,True,2.54**2 * RBF(length_scale=2.77) + WhiteKernel(noise_level=0.035),6.46773719390442,2.77494951195413,0.03503428796390416,0.18717448534430156,287.1730352422364,16.946180550266668,0.18717448534430153,0.049640822771222774,341.3759,False,1e-08,numerical jitter only; separate from WhiteKernel nugget,240,241,True,False,False,False,True,True,False,"[""P"",""VX"",""LS"",""ST""]",343.57477291247125,90.53680857780752,"[158.0692436505154,0.6160483723272666,6.469786224045707e-05,348.6128565142832]","[53.04970360643785,0.24031300016574073,1.3417076369782633e-05,32.433539536044634]",181A5C0C53A4B336130E6DD18A6836DDCFADB1FF8ED832E9BDC8D09C2ACC4DCE,184.554601264,0.855768445974,6.11854963854e-05,316.977306706,539708096,fmin_l_bfgs_b,1,-24.54978287033623,0.39903730002697557,0,0,,completed_without_convergence_warning,False,False,,False,,False,,False
phase3b_kernel_noise,Phase 3B,F7F71204D643D1027D0FF4736F24213619BF6A09C2361C3C11F169797AC98A9C,E3E41FD0A915BE42A1C8872758FFCAFC04ECE3F11ABB0977B7E0016F2D6C8E0C,length,Melt-pool length,T0,rbf_learned_nugget,RBF + learned nugget,RBF,,True,81,sim_00082,82,410.71819999999997,399.3862423791029,11.331957620897072,11.331957620897072,128.4132635218072,5.329497575725052,28.4035444096592,17.798755442025183,316.79569528502105,17.798755442025183,total predictive variance including learned WhiteKernel nugget,4.852710277082467,4.000742271785199,4.000742271785199,388.94042713068177,409.832057627524,364.5006817127335,434.27180304547227,False,True,2.55**2 * RBF(length_scale=2.78) + WhiteKernel(noise_level=0.0352),6.4873097894663045,2.784818306655145,0.03517263906671533,0.187543699085614,288.3921508753619,16.98211267408628,0.187543699085614,0.04974607953896652,341.3759,False,1e-08,numerical jitter only; separate from WhiteKernel nugget,240,241,True,False,False,False,True,True,False,"[""P"",""VX"",""LS"",""ST""]",343.5922395791379,90.55016381186935,"[158.0631311062904,0.6175979177006833,6.468068965119415e-05,348.31344140512067]","[53.04656692342115,0.24065450216531858,1.3418923234366423e-05,32.39248837005812]",890B4D85BC06CC98A22E3A773E44C2D657E74EB2F346A051CC47E6A918843C82,186.021611878,0.483877556354,6.53069178085e-05,388.836932905,2742235379,fmin_l_bfgs_b,1,-24.592632495345924,0.40076910000061616,0,0,,completed_without_convergence_warning,False,False,,False,,False,,False
phase3b_kernel_noise,Phase 3B,F7F71204D643D1027D0FF4736F24213619BF6A09C2361C3C11F169797AC98A9C,E3E41FD0A915BE42A1C8872758FFCAFC04ECE3F11ABB0977B7E0016F2D6C8E0C,length,Melt-pool length,T0,rbf_learned_nugget,RBF + learned nugget,RBF,,True,82,sim_00083,83,437.5597999999,436.65007037862625,0.9097296212737547,0.9097296212737547,0.8276079838228891,6.338008055550731,40.170346112225964,18.11865868037747,328.2857923760179,18.11865868037747,total predictive variance including learned WhiteKernel nugget,2.775804295899033,3.8171413060582076,3.8171413060582076,424.22757458974684,449.07256616750567,401.1374993650864,472.1626413921661,True,True,2.54**2 * RBF(length_scale=2.78) + WhiteKernel(noise_level=0.0352),6.448677148830857,2.775944323285091,0.035216327731011514,0.18766013889745342,288.11544626379197,16.97396377584776,0.18766013889745345,0.04972220879050853,341.3759,False,1e-08,numerical jitter only; separate from WhiteKernel nugget,240,241,True,False,False,False,True,True,False,"[""P"",""VX"",""LS"",""ST""]",343.4803995791383,90.4505553261002,"[158.05967548652788,0.6160908142270125,6.460296761015831e-05,348.45738776537905]","[53.04471846233532,0.24035443054465422,1.3360926047022726e-05,32.495323776673864]",A9169F2BAA7133F9DA962B98EE6FFB50AF88786DA8B5E2B1AA8A541A7AAD0237,186.850960621,0.845582390035,8.39602076571e-05,354.289806443,3720221562,fmin_l_bfgs_b,1,-24.981518743100906,0.6940705999732018,0,0,,completed_without_convergence_warning,False,False,,False,,False,,False
phase3b_kernel_noise,Phase 3B,F7F71204D643D1027D0FF4736F24213619BF6A09C2361C3C11F169797AC98A9C,E3E41FD0A915BE42A1C8872758FFCAFC04ECE3F11ABB0977B7E0016F2D6C8E0C,length,Melt-pool length,T0,rbf_learned_nugget,RBF + learned nugget,RBF,,True,83,sim_00084,84,441.89229999990005,440.23283962838326,1.6594603715167864,1.6594603715167864,2.7538087246346308,5.29958155440434,28.08556465178272,17.77970713870804,316.1179859382257,17.77970713870804,total predictive variance including learned WhiteKernel nugget,2.6355917388664407,3.8013519577627934,3.8013519577627934,429.8456597817508,450.62001947501574,405.3846136365155,475.081065620251,True,True,2.54**2 * RBF(length_scale=2.78) + WhiteKernel(noise_level=0.0352),6.441690441106975,2.7762095099634574,0.03522114057687491,0.18767296176294257,288.0324212864429,16.971517942907845,0.1876729617629426,0.04971504415779744,341.3759,False,1e-08,numerical jitter only; separate from WhiteKernel nugget,240,241,True,False,False,False,True,True,False,"[""P"",""VX"",""LS"",""ST""]",343.462347495805,90.43134281828655,"[158.05196025831123,0.6158738463441291,6.46455440477779e-05,348.42784972288314]","[53.04039544171588,0.24012355692386556,1.3406184990442728e-05,32.48678561145017]",EAE11CCACD8E0DB4B9159B8BD5EFFCEE4E4B6A01DCFF7C4B05ADCF3202B1B6FF,188.702615393,0.897654681927,7.37418626284e-05,361.378936642,2005955721,fmin_l_bfgs_b,1,-24.91943189255224,0.980459599988535,0,0,,completed_without_convergence_warning,False,False,,False,,False,,False
phase3b_kernel_noise,Phase 3B,F7F71204D643D1027D0FF4736F24213619BF6A09C2361C3C11F169797AC98A9C,E3E41FD0A915BE42A1C8872758FFCAFC04ECE3F11ABB0977B7E0016F2D6C8E0C,length,Melt-pool length,T0,rbf_learned_nugget,RBF + learned nugget,RBF,,True,84,sim_00085,85,413.7765,417.0285452473211,-3.2520452473211208,3.2520452473211208,10.57579829062389,4.762334122925606,22.6798262983816,17.627096720698106,310.7145388008459,17.627096720698106,total predictive variance including learned WhiteKernel nugget,2.7128307485361383,3.80539434982677,3.80539434982677,407.6943703663869,426.3627201282553,382.47943567475284,451.5776548198894,True,True,2.53**2 * RBF(length_scale=2.77) + WhiteKernel(noise_level=0.0351),6.405977469732515,2.76829224093674,0.035136544284750826,0.18744744406033076,288.0347125024643,16.971585444573655,0.18744744406033076,0.049715241891925166,341.3759,False,1e-08,numerical jitter only; separate from WhiteKernel nugget,240,241,True,False,False,False,True,True,False,"[""P"",""VX"",""LS"",""ST""]",343.5794966624713,90.54050072355896,"[158.04424887185706,0.6172315800559416,6.46940269830154e-05,348.4748823003582]","[53.035803937896816,0.24079082214411265,1.3417948242933122e-05,32.49732878401321]",D1D82DC6CFBD83DB06C96D6ECD9E9AE77D4A83FE5E6B79A482A39EC1887C1FAD,190.553348142,0.571798591092,6.21059581714e-05,350.091118048,4116628238,fmin_l_bfgs_b,1,-24.77362949732759,0.4921557999914512,0,0,,completed_without_convergence_warning,False,False,,False,,False,,False
phase3b_kernel_noise,Phase 3B,F7F71204D643D1027D0FF4736F24213619BF6A09C2361C3C11F169797AC98A9C,E3E41FD0A915BE42A1C8872758FFCAFC04ECE3F11ABB0977B7E0016F2D6C8E0C,length,Melt-pool length,T0,rbf_learned_nugget,RBF + learned nugget,RBF,,True,85,sim_00086,86,453.4492999999,457.8721334613878,-4.422833461487812,4.422833461487812,19.561455828056264,9.153187237944621,83.78083661287229,19.27919317913462,371.68728963839084,19.27919317913462,total predictive variance including learned WhiteKernel nugget,3.2497825106186973,3.904279373685974,3.904279373685974,439.93188647501637,475.81238044775927,420.084914830284,495.65935209249164,True,True,2.54**2 * RBF(length_scale=2.78) + WhiteKernel(noise_level=0.0352),6.43693721793953,2.777045452969946,0.035249005863780686,0.18774718603425375,287.9064530255186,16.967806370462817,0.18774718603425375,0.04970417176626357,341.3759,False,1e-08,numerical jitter only; separate from WhiteKernel nugget,240,241,True,False,False,False,True,True,False,"[""P"",""VX"",""LS"",""ST""]",343.4141933291383,90.37582255622786,"[158.03393698819457,0.6157204629481582,6.459325941178331e-05,348.40884049287484]","[53.02924110826093,0.2399316813354627,1.3346002508031872e-05,32.47786590025847]",E497D21510DE7B7A4934B6ED62430388E103C90225308EA881460452DEA7F41A,193.028200221,0.93446669696,8.62901752671e-05,365.941151844,3595418225,fmin_l_bfgs_b,1,-25.025020551080274,0.38522789999842644,0,0,,completed_without_convergence_warning,False,False,,False,,False,,False
phase3b_kernel_noise,Phase 3B,F7F71204D643D1027D0FF4736F24213619BF6A09C2361C3C11F169797AC98A9C,E3E41FD0A915BE42A1C8872758FFCAFC04ECE3F11ABB0977B7E0016F2D6C8E0C,length,Melt-pool length,T0,rbf_learned_nugget,RBF + learned nugget,RBF,,True,86,sim_00087,87,331.5219,319.430290151767,12.09160984823302,12.09160984823302,146.20702872188576,5.69824594784099,32.47000688208626,17.882449861222266,319.78201303912823,17.882449861222266,total predictive variance including learned WhiteKernel nugget,4.910513589660326,4.031362520091766,4.031362520091766,308.26172809399867,330.5988522095353,284.38068842377135,354.47989187976265,False,True,2.52**2 * RBF(length_scale=2.77) + WhiteKernel(noise_level=0.035),6.334698000236438,2.770255304097731,0.034963897148982966,0.18698635551553747,287.312006157042,16.95028041529231,0.18698635551553744,0.04965283259683038,341.3759,False,1e-08,numerical jitter only; separate from WhiteKernel nugget,240,241,True,False,False,False,True,True,False,"[""P"",""VX"",""LS"",""ST""]",343.9222241624712,90.64982505573163,"[158.03221854587372,0.6183486688439833,6.465816157485582e-05,348.4583154610873]","[53.02810037695689,0.23995410771610318,1.3413313327082474e-05,32.49548709222804]",34672B73AEC3F46F8CA0B368F1EB5D2293A26D00AA30F5A76F6BB7318B27CD21,193.440626378,0.303697281962,7.07136561297e-05,354.067159473,679240040,fmin_l_bfgs_b,1,-24.053683088717662,0.5845085000037216,0,0,,completed_without_convergence_warning,False,False,,False,,False,,False
phase3b_kernel_noise,Phase 3B,F7F71204D643D1027D0FF4736F24213619BF6A09C2361C3C11F169797AC98A9C,E3E41FD0A915BE42A1C8872758FFCAFC04ECE3F11ABB0977B7E0016F2D6C8E0C,length,Melt-pool length,T0,rbf_learned_nugget,RBF + learned nugget,RBF,,True,87,sim_00088,88,408.1570499999,414.7275882949166,-6.570538295016604,6.570538295016604,43.171973486279704,5.681915087690435,32.28415906372421,17.906270707808705,320.6345306613281,17.906270707808705,total predictive variance including learned WhiteKernel nugget,3.324851590228894,3.87141221737926,3.87141221737926,403.5910347230433,425.86414186678985,379.6312977076115,449.82387888222166,True,True,2.53**2 * RBF(length_scale=2.77) + WhiteKernel(noise_level=0.0352),6.419471731326153,2.7744599754024692,0.03516151756343973,0.1875140463097091,288.35037159760384,16.980882532942857,0.1875140463097091,0.049742476059214655,341.3759,False,1e-08,numerical jitter only; separate from WhiteKernel nugget,240,241,True,False,False,False,True,True,False,"[""P"",""VX"",""LS"",""ST""]",343.60291103747164,90.55792281766585,"[158.03066292915707,0.6166249891336,6.472367540928831e-05,348.5151241837623]","[53.02705613703249,0.24072112899028045,1.3404328580083385e-05,32.49332517956446]",4E70075A13E6872D65C76CE722A1B655DA3ADF8F4A1C1D728D4353A6FC0B1452,193.81397439,0.717380412454,5.49903358659e-05,340.433066031,3628376943,fmin_l_bfgs_b,1,-24.672509308247015,0.6115233000018634,0,0,,completed_without_convergence_warning,False,False,,False,,False,,False
phase3b_kernel_noise,Phase 3B,F7F71204D643D1027D0FF4736F24213619BF6A09C2361C3C11F169797AC98A9C,E3E41FD0A915BE42A1C8872758FFCAFC04ECE3F11ABB0977B7E0016F2D6C8E0C,length,Melt-pool length,T0,rbf_learned_nugget,RBF + learned nugget,RBF,,True,88,sim_00089,89,326.83205,317.881978956294,8.950071043705975,8.950071043705975,80.10377168738417,6.169249532619553,38.05963979572657,18.045471794257608,325.6390522773469,18.045471794257608,total predictive variance including learned WhiteKernel nugget,3.790861105231781,3.934828041876206,3.934828041876206,305.7902498723597,329.9737080402283,282.5128542395491,353.2511036730389,True,True,2.52**2 * RBF(length_scale=2.77) + WhiteKernel(noise_level=0.035),6.362904607587247,2.772726333529415,0.03499889471531821,0.187079915317808,287.57941248162035,16.958166542454414,0.187079915317808,0.049675933604142575,341.3759,False,1e-08,numerical jitter only; separate from WhiteKernel nugget,240,241,True,False,False,False,True,True,False,"[""P"",""VX"",""LS"",""ST""]",343.9417652041378,90.64664431585928,"[158.02973568823623,0.6183707490847041,6.465735650565749e-05,348.50139598969986]","[53.026428465932966,0.2399249073286805,1.341294404764737e-05,32.49604076948702]",C5EC3EF4AA629CF5A6AE00AF36F93B56FC870A42559F1A19056E2E60538E94B2,194.036512211,0.298398024189,7.09068727373e-05,343.727832606,1834950785,fmin_l_bfgs_b,1,-24.1520535398831,0.38228919997345656,0,0,,completed_without_convergence_warning,False,False,,False,,False,,False
phase3b_kernel_noise,Phase 3B,F7F71204D643D1027D0FF4736F24213619BF6A09C2361C3C11F169797AC98A9C,E3E41FD0A915BE42A1C8872758FFCAFC04ECE3F11ABB0977B7E0016F2D6C8E0C,length,Melt-pool length,T0,rbf_learned_nugget,RBF + learned nugget,RBF,,True,89,sim_00090,90,409.1049,386.00795691010984,23.096943089890146,23.096943089890146,533.4687800976242,6.265368328440952,39.25484029103097,18.062754775292657,326.2631100723577,18.062754775292657,total predictive variance including learned WhiteKernel nugget,9.548918600413405,4.6303344263763835,4.6303344263763835,373.72783498636556,398.2880788338541,350.60495755053626,421.4109562696834,False,True,2.53**2 * RBF(length_scale=2.79) + WhiteKernel(noise_level=0.035),6.420047725696816,2.7856457043815266,0.03500005356746403,0.18708301250371193,287.0082697813266,16.94131841921775,0.18708301250371193,0.049626580022836264,341.3759,False,1e-08,numerical jitter only; separate from WhiteKernel nugget,240,241,True,False,False,False,True,True,False,"[""P"",""VX"",""LS"",""ST""]",343.59896166247125,90.55508670987227,"[158.02951505385707,0.6179950447892917,6.46360444637504e-05,348.2871749231248]","[53.026278536734694,0.24035468242797506,1.3398926269193113e-05,32.357042680352464]",7F7E6B006B388E937D7049555A886B4154B9D000D4375F5DA1149D9B0F7380FE,194.089464462,0.388567055088,7.6021762795e-05,395.140888584,4029509532,fmin_l_bfgs_b,1,-23.938629648548414,0.5309713999740779,0,0,,completed_without_convergence_warning,False,False,,False,,False,,False
phase3b_kernel_noise,Phase 3B,F7F71204D643D1027D0FF4736F24213619BF6A09C2361C3C11F169797AC98A9C,E3E41FD0A915BE42A1C8872758FFCAFC04ECE3F11ABB0977B7E0016F2D6C8E0C,length,Melt-pool length,T0,rbf_learned_nugget,RBF + learned nugget,RBF,,True,90,sim_00091,91,430.1089499999,425.88693948140315,4.222010518496859,4.222010518496859,17.825372818298113,4.794660904749558,22.988773191533852,17.630263451133633,310.8261893563784,17.630263451133633,total predictive variance including learned WhiteKernel nugget,2.8741388689227203,3.817229653832749,3.817229653832749,416.489404108094,435.2844748547123,391.3316231171812,460.4422558456251,True,True,2.54**2 * RBF(length_scale=2.77) + WhiteKernel(noise_level=0.0352),6.441645450242171,2.7736127830517114,0.03515823942691854,0.18750530506339957,287.83741616484457,16.96577190005938,0.18750530506339957,0.049698212146959936,341.3759,False,1e-08,numerical jitter only; separate from WhiteKernel nugget,240,241,True,False,False,False,True,True,False,"[""P"",""VX"",""LS"",""ST""]",343.5114447874717,90.48155674487657,"[158.0253844217529,0.6160968201624457,6.469378762950582e-05,348.5518203719874]","[53.02343069544511,0.2403601468888818,1.3417993895132896e-05,32.479200832301714]",605A1275949FF13F79E588B6A6B86A22CBB35FAB6E141695A49DDB8C19129132,195.080816167,0.844140965531,6.21634030137e-05,331.625980857,1354212650,fmin_l_bfgs_b,1,-24.82264800886756,0.4169452000060119,0,0,,completed_without_convergence_warning,False,False,,False,,False,,False
phase3b_kernel_noise,Phase 3B,F7F71204D643D1027D0FF4736F24213619BF6A09C2361C3C11F169797AC98A9C,E3E41FD0A915BE42A1C8872758FFCAFC04ECE3F11ABB0977B7E0016F2D6C8E0C,length,Melt-pool length,T0,rbf_learned_nugget,RBF + learned nugget,RBF,,True,91,sim_00092,92,430.33209999999997,429.04434998860285,1.2877500113971223,1.2877500113971223,1.6583000918532886,8.834399162245253,78.04660855787964,19.13256266214724,366.0549540209907,19.13256266214724,total predictive variance including learned WhiteKernel nugget,3.1082154107271744,3.8725953652540626,3.8725953652540626,411.72892763060213,446.35977234660356,391.54452717079425,466.54417280641144,True,True,2.53**2 * RBF(length_scale=2.78) + WhiteKernel(noise_level=0.0352),6.421558324156259,2.778875662892868,0.03517981066355463,0.18756281791323842,288.0083454631111,16.970808627260844,0.1875628179132384,0.049712966343730895,341.3759,False,1e-08,numerical jitter only; separate from WhiteKernel nugget,240,241,True,False,False,False,True,True,False,"[""P"",""VX"",""LS"",""ST""]",343.5105149958045,90.48066571014672,"[158.01757895059458,0.6155621638308583,6.470890996576666e-05,348.64031232013315]","[53.01783708800837,0.23970869422769972,1.3413087505036056e-05,32.403945082072]",6D57A2840B933D3435BE4DE78AE298E48A299965B5D15303D56C5ABACF8BE141,196.954129245,0.972458485112,5.85340423111e-05,310.387913302,2334916648,fmin_l_bfgs_b,1,-24.666806133082048,0.43333039997378364,0,0,,completed_without_convergence_warning,False,False,,False,,False,,False
phase3b_kernel_noise,Phase 3B,F7F71204D643D1027D0FF4736F24213619BF6A09C2361C3C11F169797AC98A9C,E3E41FD0A915BE42A1C8872758FFCAFC04ECE3F11ABB0977B7E0016F2D6C8E0C,length,Melt-pool length,T0,rbf_learned_nugget,RBF + learned nugget,RBF,,True,92,sim_00093,93,451.3157,452.66573158692586,-1.3500315869258657,1.3500315869258657,1.8225852856975713,5.446355058007627,29.662783417885258,17.827619716344735,317.82402475060354,17.827619716344735,total predictive variance including learned WhiteKernel nugget,2.644606872329044,3.8025547442027143,3.8025547442027143,441.9908756732309,463.3405875006208,417.7235969428902,487.6078662309615,True,True,2.54**2 * RBF(length_scale=2.78) + WhiteKernel(noise_level=0.0353),6.44061132320775,2.775798641670198,0.0352718337606049,0.18780797043950212,288.1612413327183,16.975312702059963,0.18780797043950212,0.04972616022999855,341.3759,False,1e-08,numerical jitter only; separate from WhiteKernel nugget,240,241,True,False,False,False,True,True,False,"[""P"",""VX"",""LS"",""ST""]",343.4230833291379,90.38654037065034,"[158.01429567713623,0.6159698356256709,6.463071057132541e-05,348.4715597365206]","[53.0154012797614,0.2402315506123734,1.3394137084012838e-05,32.49712260340322]",35B6CD8ABE898B809822B57E44AE23B01D9D5E73760D3F086D469D88C800322B,197.742114875,0.874617254357,7.7301896977e-05,350.888533369,1432628219,fmin_l_bfgs_b,1,-25.085057917671776,0.506246300006751,0,0,,completed_without_convergence_warning,False,False,,False,,False,,False
phase3b_kernel_noise,Phase 3B,F7F71204D643D1027D0FF4736F24213619BF6A09C2361C3C11F169797AC98A9C,E3E41FD0A915BE42A1C8872758FFCAFC04ECE3F11ABB0977B7E0016F2D6C8E0C,length,Melt-pool length,T0,rbf_learned_nugget,RBF + learned nugget,RBF,,True,93,sim_00094,94,415.0811999999,418.65023341592547,-3.5690334160254906,3.5690334160254906,12.737999524706582,5.578685851915224,31.121735834359086,17.86922719568186,319.30928057089614,17.86922719568186,total predictive variance including learned WhiteKernel nugget,2.8425397318432806,3.8219647935831977,3.8219647935831977,407.71600914617164,429.5844576856793,383.62654811238906,453.6739187194619,True,True,2.53**2 * RBF(length_scale=2.78) + WhiteKernel(noise_level=0.0352),6.417925254736217,2.776037383263451,0.035158491755439725,0.18750597791921123,288.1875447365371,16.976087438998928,0.18750597791921123,0.04972842968410754,341.3759,False,1e-08,numerical jitter only; separate from WhiteKernel nugget,240,241,True,False,False,False,True,True,False,"[""P"",""VX"",""LS"",""ST""]",343.57406041247157,90.53624651003521,"[158.01070566526124,0.6159899078003582,6.472100714875416e-05,348.5717775929623]","[53.01268169142268,0.24025295845202072,1.3406201961306487e-05,32.46732069658619]",41A544A110E60613F40562AE8BE103E454CFDFAA832BA39A025006B00F8DA8F6,198.603717725,0.869799932432,5.56307183941e-05,326.836247823,2533186922,fmin_l_bfgs_b,1,-24.677786261905425,0.5012345999712124,0,0,,completed_without_convergence_warning,False,False,,False,,False,,False
phase3b_kernel_noise,Phase 3B,F7F71204D643D1027D0FF4736F24213619BF6A09C2361C3C11F169797AC98A9C,E3E41FD0A915BE42A1C8872758FFCAFC04ECE3F11ABB0977B7E0016F2D6C8E0C,length,Melt-pool length,T0,rbf_learned_nugget,RBF + learned nugget,RBF,,True,94,sim_00095,95,419.96755,406.1122381154985,13.855311884501532,13.855311884501532,191.9696674168094,14.313371739587065,204.87261055560967,22.197558794442024,492.73161643271044,22.197558794442024,total predictive variance including learned WhiteKernel nugget,4.048642558850511,4.2137223025658255,4.2137223025658255,378.0580295059078,434.16644672508914,362.6050228783921,449.61945335260486,True,True,2.52**2 * RBF(length_scale=2.77) + WhiteKernel(noise_level=0.0351),6.362027034122217,2.76812229710179,0.03513131826900232,0.18743350359261368,287.8590058771007,16.966408160748127,0.18743350359261368,0.04970007595951597,341.3759,False,1e-08,numerical jitter only; separate from WhiteKernel nugget,240,241,True,False,False,False,True,True,False,"[""P"",""VX"",""LS"",""ST""]",343.55370062080453,90.51961274556645,"[157.9948986662154,0.6173006150682749,6.476438647942665e-05,348.2779758979915]","[53.00000845430659,0.24077541097295446,1.3359793563461686e-05,32.34340427539679]",08D16973DD3EA82C51CBFA0068E7E5BA0884109B379BB1D78B765C1F9DB2E366,202.397397496,0.555230188132,4.52196790327e-05,397.348654616,3726325,fmin_l_bfgs_b,1,-24.640842269580247,0.6144742000033148,0,0,,completed_without_convergence_warning,False,False,,False,,False,,False
phase3b_kernel_noise,Phase 3B,F7F71204D643D1027D0FF4736F24213619BF6A09C2361C3C11F169797AC98A9C,E3E41FD0A915BE42A1C8872758FFCAFC04ECE3F11ABB0977B7E0016F2D6C8E0C,length,Melt-pool length,T0,rbf_learned_nugget,RBF + learned nugget,RBF,,True,95,sim_00096,96,459.1949,453.9566744347529,5.238225565247092,5.238225565247092,27.439007072408213,5.0382827694453844,25.384293264890253,17.69645548434169,313.1645367092871,17.69645548434169,total predictive variance including learned WhiteKernel nugget,3.0764759860580373,3.8361121477887936,3.8361121477887936,444.08164020664,463.8317086628659,419.2716216854432,488.64172718406263,True,True,2.55**2 * RBF(length_scale=2.77) + WhiteKernel(noise_level=0.0353),6.492854372210848,2.772959789773529,0.035256891774868564,0.18776818626931605,287.78024344439683,16.964086873286075,0.18776818626931605,0.04969327616063722,341.3759,False,1e-08,numerical jitter only; separate from WhiteKernel nugget,240,241,True,False,False,False,True,True,False,"[""P"",""VX"",""LS"",""ST""]",343.39025332913786,90.3459058232286,"[157.9928255621029,0.6167232466519791,6.464307933455207e-05,348.460918203354]","[52.998261843105695,0.24075741972772594,1.3404457927683163e-05,32.49591121223549]",AC205B8B212B3FF90DF85C6752A44071EBD1B7DDEE391672FBABAB0C71734580,202.894942483,0.693798608043,7.43333938026e-05,353.442501329,1519614238,fmin_l_bfgs_b,1,-25.283955860795857,0.8398570999852382,0,0,,completed_without_convergence_warning,False,False,,False,,False,,False
phase3b_kernel_noise,Phase 3B,F7F71204D643D1027D0FF4736F24213619BF6A09C2361C3C11F169797AC98A9C,E3E41FD0A915BE42A1C8872758FFCAFC04ECE3F11ABB0977B7E0016F2D6C8E0C,length,Melt-pool length,T0,rbf_learned_nugget,RBF + learned nugget,RBF,,True,96,sim_00097,97,275.4801,281.28453603008404,-5.804436030084048,5.804436030084048,33.69147762733786,9.976074697782261,99.52206637573143,19.69743536418625,387.98895992629514,19.69743536418625,total predictive variance including learned WhiteKernel nugget,3.388394598332055,3.9428450639368604,3.9428450639368604,261.7314296224308,300.83764243773726,242.677562716279,319.8915093438891,True,True,2.52**2 * RBF(length_scale=2.78) + WhiteKernel(noise_level=0.0352),6.346005005025054,2.779530118988528,0.035185502019477455,0.18757798916577995,288.4668935505637,16.984313160989576,0.18757798916577992,0.04975252547408758,341.3759,False,1e-08,numerical jitter only; separate from WhiteKernel nugget,240,241,True,False,False,False,True,True,False,"[""P"",""VX"",""LS"",""ST""]",344.1557316624712,90.54534189498628,"[157.99230059427373,0.6186439288959418,6.463797843415623e-05,348.2869539887832]","[52.99781644218202,0.23952276681364984,1.3400535924121393e-05,32.356722579175056]",6E6541FFD550C3418E34BDC7D52DCB37BAB8D11C3F955EF7405C08DB1234404A,203.020934762,0.232834869492,7.55576098976e-05,395.193912826,3872087224,fmin_l_bfgs_b,1,-24.444443380729012,0.40450260002398863,0,0,,completed_without_convergence_warning,False,False,,False,,False,,False
phase3b_kernel_noise,Phase 3B,F7F71204D643D1027D0FF4736F24213619BF6A09C2361C3C11F169797AC98A9C,E3E41FD0A915BE42A1C8872758FFCAFC04ECE3F11ABB0977B7E0016F2D6C8E0C,length,Melt-pool length,T0,rbf_learned_nugget,RBF + learned nugget,RBF,,True,97,sim_00098,98,286.58029999999997,291.84877345187306,-5.268473451873092,5.268473451873092,27.756812513091575,8.678165611050362,75.31055837281711,19.0707454110745,363.69333053401914,19.0707454110745,total predictive variance including learned WhiteKernel nugget,3.2640310488303848,3.9052536793617003,3.9052536793617003,274.83956885421435,308.85797804953177,254.47011244616704,329.2274344575791,True,True,2.52**2 * RBF(length_scale=2.78) + WhiteKernel(noise_level=0.0352),6.3747416373446715,2.7810353534610344,0.03515021539650827,0.18748390703339918,288.3827721612021,16.981836536758976,0.18748390703339918,0.049745270643765355,341.3759,False,1e-08,numerical jitter only; separate from WhiteKernel nugget,240,241,True,False,False,False,True,True,False,"[""P"",""VX"",""LS"",""ST""]",344.1094808291379,90.57756905894733,"[157.9906319017904,0.61859306651955,6.46378350464929e-05,348.29557973042483]","[52.99639231758744,0.23960337787843156,1.3400418897102529e-05,32.368947765690535]",A3F4AAEF019FF29801A9F990EAFFD6F4D2AC6DE037C8EDEF1B15BD976541AFDE,203.421420958,0.245041839826,7.55920229368e-05,393.123734832,551011851,fmin_l_bfgs_b,1,-24.40834571117432,0.4523079000064172,0,0,,completed_without_convergence_warning,False,False,,False,,False,,False
phase3b_kernel_noise,Phase 3B,F7F71204D643D1027D0FF4736F24213619BF6A09C2361C3C11F169797AC98A9C,E3E41FD0A915BE42A1C8872758FFCAFC04ECE3F11ABB0977B7E0016F2D6C8E0C,length,Melt-pool length,T0,rbf_learned_nugget,RBF + learned nugget,RBF,,True,98,sim_00099,99,415.71909999999997,430.52295120952755,-14.80385120952758,14.80385120952758,219.15401063383118,9.969108414481294,99.38312257968174,19.68259177012016,387.40441878920177,19.68259177012016,total predictive variance including learned WhiteKernel nugget,4.321001254563566,4.181522248257992,4.181522248257992,410.9834987171442,450.0624037019109,391.94507134009206,469.10083107896304,True,True,2.56**2 * RBF(length_scale=2.79) + WhiteKernel(noise_level=0.0351),6.540543665768383,2.789945118093312,0.035139846538102495,0.18745625233131727,288.0212962095201,16.971190182468643,0.18745625233131727,0.04971408404186893,341.3759,False,1e-08,numerical jitter only; separate from WhiteKernel nugget,240,241,True,False,False,False,True,True,False,"[""P"",""VX"",""LS"",""ST""]",343.57140249580453,90.5341378129822,"[157.9787535734654,0.6163580556181291,6.474500457181206e-05,348.2703348456999]","[52.98588784953873,0.24057368902220086,1.3384736748471193e-05,32.33159176299092]",AA9B7ACCC2F41FEFF258409369B58DBB7E43FFE768D36AAAFC210A464F7E5791,206.272219756,0.781444456167,4.98713368602e-05,399.182507166,2140861573,fmin_l_bfgs_b,1,-24.553710101312276,0.6461050999932922,0,0,,completed_without_convergence_warning,False,False,,False,,False,,False
phase3b_kernel_noise,Phase 3B,F7F71204D643D1027D0FF4736F24213619BF6A09C2361C3C11F169797AC98A9C,E3E41FD0A915BE42A1C8872758FFCAFC04ECE3F11ABB0977B7E0016F2D6C8E0C,length,Melt-pool length,T0,rbf_learned_nugget,RBF + learned nugget,RBF,,True,99,sim_00100,100,413.5561,401.99783390610327,11.558266093896748,11.558266093896748,133.59351509732318,6.818463050740711,46.49143837431632,18.304638283114627,335.05978267566564,18.304638283114627,total predictive variance including learned WhiteKernel nugget,4.275326566730673,4.025450748613272,4.025450748613272,388.6336463266515,415.36202148555503,366.1207428711986,437.8749249410079,True,True,2.53**2 * RBF(length_scale=2.78) + WhiteKernel(noise_level=0.0352),6.414504496004549,2.7820189009962553,0.03520108776994898,0.18761952928719594,288.5683443013492,16.987299499960233,0.18761952928719594,0.04976127342310993,341.3759,False,1e-08,numerical jitter only; separate from WhiteKernel nugget,240,241,True,False,False,False,True,True,False,"[""P"",""VX"",""LS"",""ST""]",343.5804149958046,90.54121159187626,"[157.9728553641404,0.6179098535530334,6.465712359252374e-05,348.2877132963915]","[52.98043258732696,0.24043234974611757,1.3412835038223795e-05,32.35782116798158]",33724DEBBDFDF1ACAEDCEA592B8A9B195B95CB394DF4400178954883D156CE05,207.687789994,0.40901295179,7.09627718894e-05,395.011679,3703082793,fmin_l_bfgs_b,1,-24.590087231110147,0.4420928999898024,0,0,,completed_without_convergence_warning,False,False,,False,,False,,False
phase3b_kernel_noise,Phase 3B,F7F71204D643D1027D0FF4736F24213619BF6A09C2361C3C11F169797AC98A9C,E3E41FD0A915BE42A1C8872758FFCAFC04ECE3F11ABB0977B7E0016F2D6C8E0C,length,Melt-pool length,T0,rbf_learned_nugget,RBF + learned nugget,RBF,,True,100,sim_00101,101,116.1617,238.53946722672626,-122.37776722672626,122.37776722672626,14976.317911398797,7.415002431572807,54.98226106023064,17.189848263014245,295.49088330545385,17.189848263014245,total predictive variance including learned WhiteKernel nugget,139.11471405813725,29.104678796903226,29.104678796903226,224.00606246084357,253.07287199260895,204.84736463121834,272.2315698222342,False,False,2.5**2 * RBF(length_scale=2.89) + WhiteKernel(noise_level=0.0301),6.246639776604797,2.894361613211458,0.03005951584079309,0.17337680306428854,240.50862224522317,15.508340409122544,0.17337680306428854,0.0454289257358898,341.3759,False,1e-08,numerical jitter only; separate from WhiteKernel nugget,240,241,True,False,False,False,True,True,False,"[""P"",""VX"",""LS"",""ST""]",344.8195583291379,89.44876208942446,"[157.9698919289904,0.6187737206743209,6.468179170984415e-05,348.3829536120832]","[52.9776317583311,0.239305132144955,1.3418963758339045e-05,32.46140105191655]",F29E31E5B77033BBA30DFBAB7D7E99C1E5BAEE7D6DC2DF4384F42D2BA6CD63FF,208.39901443,0.201684842681,6.50424237325e-05,372.154003234,3121275418,fmin_l_bfgs_b,1,-4.373439778853566,0.4881654999917373,0,0,,completed_without_convergence_warning,False,False,,False,,False,,False
phase3b_kernel_noise,Phase 3B,F7F71204D643D1027D0FF4736F24213619BF6A09C2361C3C11F169797AC98A9C,E3E41FD0A915BE42A1C8872758FFCAFC04ECE3F11ABB0977B7E0016F2D6C8E0C,length,Melt-pool length,T0,rbf_learned_nugget,RBF + learned nugget,RBF,,True,101,sim_00102,102,374.84299999999996,364.560467777135,10.282532222864972,10.282532222864972,105.73046891425648,10.344821159588497,107.01532482386989,19.863837827015303,394.572053217964,19.863837827015303,total predictive variance including learned WhiteKernel nugget,3.7494214168424023,4.041820610319428,4.041820610319428,344.2846183043415,384.83631724992847,325.627345636185,403.493589918085,True,True,2.52**2 * RBF(length_scale=2.77) + WhiteKernel(noise_level=0.035),6.36695365240126,2.7714825649845674,0.035008059066312935,0.18710440685968072,287.5567283940941,16.95749770438121,0.1871044068596807,0.049673974361931265,341.3759,False,1e-08,numerical jitter only; separate from WhiteKernel nugget,240,241,True,False,False,False,True,True,False,"[""P"",""VX"",""LS"",""ST""]",343.74171957913785,90.63120419765697,"[157.96448254335706,0.6181785697277833,6.463792217560123e-05,348.6732997101541]","[52.972415780004404,0.240162537943622,1.3400490052439218e-05,32.36092883102487]",BE9D5AD412D03F618F95E71D5570B30537A28AEE97ABA29C14B1684CA123B1EF,209.697266982,0.34452106985,7.55711119508e-05,302.470939697,2615987047,fmin_l_bfgs_b,1,-24.28450859564626,0.6985264999675564,0,0,,completed_without_convergence_warning,False,False,,False,,False,,False
phase3b_kernel_noise,Phase 3B,F7F71204D643D1027D0FF4736F24213619BF6A09C2361C3C11F169797AC98A9C,E3E41FD0A915BE42A1C8872758FFCAFC04ECE3F11ABB0977B7E0016F2D6C8E0C,length,Melt-pool length,T0,rbf_learned_nugget,RBF + learned nugget,RBF,,True,102,sim_00103,103,466.7717,465.8835005588866,0.888199441113386,0.888199441113386,0.7888982471941313,13.068501447332187,170.78573007892345,21.421931519676278,458.8991500337,21.421931519676278,total predictive variance including learned WhiteKernel nugget,3.4914530124240524,3.984213322954198,3.984213322954198,440.2692377221155,491.4977633956577,423.8965147803211,507.8704863374521,True,True,2.54**2 * RBF(length_scale=2.77) + WhiteKernel(noise_level=0.0353),6.4730000952229885,2.7744246527708447,0.035330399143675625,0.18796382402918818,288.1134199547766,16.973904087002982,0.18796382402918818,0.049722033942650845,341.3759,False,1e-08,numerical jitter only; separate from WhiteKernel nugget,240,241,True,False,False,False,True,True,False,"[""P"",""VX"",""LS"",""ST""]",343.35868332913793,90.30410066762192,"[157.9636267789904,0.6176230011304208,6.45869842154079e-05,348.3224897296207]","[52.971578369258246,0.24064024902300704,1.3335441050424449e-05,32.403501523937216]",BD47092E8C56DC395B21CEF18E5C9F1F70C00F576D41BA3EAAD0158B65BE4996,209.90265043,0.477857533217,8.77962223972e-05,386.665335025,3708338016,fmin_l_bfgs_b,1,-25.410621049731077,0.43284049996873364,0,0,,completed_without_convergence_warning,False,False,,False,,False,,False
phase3b_kernel_noise,Phase 3B,F7F71204D643D1027D0FF4736F24213619BF6A09C2361C3C11F169797AC98A9C,E3E41FD0A915BE42A1C8872758FFCAFC04ECE3F11ABB0977B7E0016F2D6C8E0C,length,Melt-pool length,T0,rbf_learned_nugget,RBF + learned nugget,RBF,,True,103,sim_00104,104,426.32539999989996,434.0231017376864,-7.697701737786417,7.697701737786417,59.25461204392003,6.882558768095688,47.36961519629083,18.324928180390703,335.80299281647734,18.324928180390703,total predictive variance including learned WhiteKernel nugget,3.4733786119309573,3.915429098714627,3.915429098714627,420.53328655221884,447.5129169231539,398.1062425041206,469.93996097125216,True,True,2.55**2 * RBF(length_scale=2.78) + WhiteKernel(noise_level=0.0352),6.482924160155933,2.783641830313826,0.03521954557995322,0.18766871230962615,288.4333776201865,16.983326459212474,0.18766871230962615,0.04974963510667412,341.3759,False,1e-08,numerical jitter only; separate from WhiteKernel nugget,240,241,True,False,False,False,True,True,False,"[""P"",""VX"",""LS"",""ST""]",343.5272095791383,90.49631262558273,"[157.9628334701862,0.6162281975852958,6.473662693444124e-05,348.3064050064082]","[52.970799086764,0.24047611159969795,1.3393411651856732e-05,32.38350030168096]",BA341C913EB27D11269C87579091B049F6107255C11BEAC1611E495E6D13B6B8,210.093044543,0.812610384047,5.18819698292e-05,390.525668596,4119893843,fmin_l_bfgs_b,1,-24.84528865301303,0.7427041999762878,0,0,,completed_without_convergence_warning,False,False,,False,,False,,False
phase3b_kernel_noise,Phase 3B,F7F71204D643D1027D0FF4736F24213619BF6A09C2361C3C11F169797AC98A9C,E3E41FD0A915BE42A1C8872758FFCAFC04ECE3F11ABB0977B7E0016F2D6C8E0C,length,Melt-pool length,T0,rbf_learned_nugget,RBF + learned nugget,RBF,,True,104,sim_00105,105,433.2871,392.834359989241,40.45274001075899,40.45274001075899,1636.424174378061,10.105325423758407,102.11760192005802,19.586628392443266,383.6360117836647,19.586628392443266,total predictive variance including learned WhiteKernel nugget,11.244450183763073,6.026567919885874,6.026567919885874,373.0279221586745,412.6407978198075,354.44456834005223,431.2241516384298,False,False,2.53**2 * RBF(length_scale=2.77) + WhiteKernel(noise_level=0.0344),6.397302413671612,2.7654974784889577,0.034396210359329174,0.18546215344196015,281.5184098636067,16.778510358896785,0.18546215344196018,0.049149662758550865,341.3759,False,1e-08,numerical jitter only; separate from WhiteKernel nugget,240,241,True,False,False,False,True,True,False,"[""P"",""VX"",""LS"",""ST""]",343.49820249580455,90.46864844124421,"[157.95565231201124,0.6174444455321251,6.475247572370707e-05,348.6058434497957]","[52.963614087131646,0.24072797443761723,1.3375929081742062e-05,32.440196639620744]",E39636250E140D9B8969098E696A14CB19670E9B2E8C0D068A7757A5620DF676,211.816522505,0.520710876808,4.80782604054e-05,318.660442183,4280261480,fmin_l_bfgs_b,1,-22.874433199635604,1.3957717000157572,0,0,,completed_without_convergence_warning,False,False,,False,,False,,False
phase3b_kernel_noise,Phase 3B,F7F71204D643D1027D0FF4736F24213619BF6A09C2361C3C11F169797AC98A9C,E3E41FD0A915BE42A1C8872758FFCAFC04ECE3F11ABB0977B7E0016F2D6C8E0C,length,Melt-pool length,T0,rbf_learned_nugget,RBF + learned nugget,RBF,,True,105,sim_00106,106,470.7033,471.649658677904,-0.9463586779039588,0.9463586779039588,0.8955947472441288,5.587190927115465,31.216702456041368,17.874170623192285,319.48597546699006,17.874170623192285,total predictive variance including learned WhiteKernel nugget,2.653759977204862,3.8036968402550992,3.8036968402550992,460.6987644607577,482.60055289505027,436.6162842564471,506.68303309936084,True,True,2.54**2 * RBF(length_scale=2.77) + WhiteKernel(noise_level=0.0354),6.464152613588933,2.774908941609211,0.035367327617062905,0.18806203130101223,288.26927301094867,16.97849442709655,0.1880620313010122,0.049735480527760015,341.3759,False,1e-08,numerical jitter only; separate from WhiteKernel nugget,240,241,True,False,False,False,True,True,False,"[""P"",""VX"",""LS"",""ST""]",343.3423016624712,90.28135190096272,"[157.95450224706124,0.6163183924608249,6.462143589548624e-05,348.4846067647874]","[52.9624415167403,0.24054568177580263,1.338458573158072e-05,32.49746177680798]",3BC89149C3DB540FCA7274518F1B2328D34BF25CAFCF096E6902E0D1692FB718,212.092538093,0.79096361392,7.95278191784e-05,347.757246585,1432209750,fmin_l_bfgs_b,1,-25.47613336974942,0.6815228000050411,0,0,,completed_without_convergence_warning,False,False,,False,,False,,False
phase3b_kernel_noise,Phase 3B,F7F71204D643D1027D0FF4736F24213619BF6A09C2361C3C11F169797AC98A9C,E3E41FD0A915BE42A1C8872758FFCAFC04ECE3F11ABB0977B7E0016F2D6C8E0C,length,Melt-pool length,T0,rbf_learned_nugget,RBF + learned nugget,RBF,,True,106,sim_00107,107,334.06415000000004,369.71218022233415,-35.648030222334114,35.648030222334114,1270.7820587324463,15.217199600251115,231.5631636738827,22.732727912167924,516.7769183286587,22.732727912167924,total predictive variance including learned WhiteKernel nugget,6.385285881474486,5.272270897605431,5.272270897605431,339.88646900584195,399.53789143882636,325.15603351448505,414.26832693018326,False,True,2.47**2 * RBF(length_scale=2.76) + WhiteKernel(noise_level=0.0347),6.106663352250136,2.757660290739827,0.034707558987871506,0.18629964838364968,285.213754654776,16.88827269600938,0.18629964838364968,0.04947119200860219,341.3759,False,1e-08,numerical jitter only; separate from WhiteKernel nugget,240,241,True,False,False,False,True,True,False,"[""P"",""VX"",""LS"",""ST""]",343.9116314541379,90.65112490835789,"[157.95332210034456,0.6184129756413833,6.460483653811915e-05,348.63026029350823]","[52.96123199201265,0.2398676900732679,1.3363601970331272e-05,32.41543357303855]",22D5D1A9FFA8EFBC001F782EAF8BEC2891F7B09FE89C18B5CC2BF0453988DB27,212.375773305,0.288263650586,8.35116649465e-05,312.800399692,826009159,fmin_l_bfgs_b,1,-22.95455373125455,0.8211618000059389,0,0,,completed_without_convergence_warning,False,False,,False,,False,,False
phase3b_kernel_noise,Phase 3B,F7F71204D643D1027D0FF4736F24213619BF6A09C2361C3C11F169797AC98A9C,E3E41FD0A915BE42A1C8872758FFCAFC04ECE3F11ABB0977B7E0016F2D6C8E0C,length,Melt-pool length,T0,rbf_learned_nugget,RBF + learned nugget,RBF,,True,107,sim_00108,108,378.9652499999,383.5709034091752,-4.605653409275192,4.605653409275192,21.212043326368196,9.8612812844059,97.24486857017408,19.619876854280584,384.939567777135,19.619876854280584,total predictive variance including learned WhiteKernel nugget,3.3166197446647865,3.923034143815613,3.923034143815613,364.2427920917396,402.89901472661074,345.11594477478525,422.0258620435651,True,True,2.54**2 * RBF(length_scale=2.77) + WhiteKernel(noise_level=0.035),6.44149201240715,2.7742265999370055,0.03502971557842788,0.1871622707129508,287.6946992069609,16.96156535249506,0.1871622707129508,0.04968588981382418,341.3759,False,1e-08,numerical jitter only; separate from WhiteKernel nugget,240,241,True,False,False,False,True,True,False,"[""P"",""VX"",""LS"",""ST""]",343.7245435374716,90.624917553543,"[157.92932183366958,0.617898316674225,6.471414616188124e-05,348.65264534899984]","[52.935252604883566,0.24044230651846712,1.3410430384742373e-05,32.38881695943016]",512A33FF34D2AD82E782453B6976F951B354D167B4FD3CF9BA856BC36521564F,218.135837307,0.411781802704,5.72773552436e-05,307.427986374,3096013204,fmin_l_bfgs_b,1,-24.466074590161156,0.5887231000233442,0,0,,completed_without_convergence_warning,False,False,,False,,False,,False
phase3b_kernel_noise,Phase 3B,F7F71204D643D1027D0FF4736F24213619BF6A09C2361C3C11F169797AC98A9C,E3E41FD0A915BE42A1C8872758FFCAFC04ECE3F11ABB0977B7E0016F2D6C8E0C,length,Melt-pool length,T0,rbf_learned_nugget,RBF + learned nugget,RBF,,True,108,sim_00109,109,487.6310499999,491.2375954702137,-3.6065454703137334,3.6065454703137334,13.007170229440508,9.600530918794886,92.17019392273659,19.504669659783396,380.4321385372749,19.504669659783396,total predictive variance including learned WhiteKernel nugget,3.2513175442740745,3.90668769666866,3.90668769666866,472.42055486937574,510.0546360710517,453.00844293703824,529.4667480033892,True,True,2.54**2 * RBF(length_scale=2.78) + WhiteKernel(noise_level=0.0354),6.473277161700674,2.777431338320442,0.035449782712587516,0.18828112680932074,288.2619446145383,16.978278611641944,0.18828112680932071,0.04973484833475926,341.3759,False,1e-08,numerical jitter only; separate from WhiteKernel nugget,240,241,True,False,False,False,True,True,False,"[""P"",""VX"",""LS"",""ST""]",343.271769370805,90.17514872234898,"[157.92917826072375,0.6160471773949833,6.459914182520457e-05,348.3715573463707]","[52.93508926337503,0.2403118074627926,1.3355250058708057e-05,32.45257240980531]",65D92F30EA7A2462C730D3D25B627046A098F657E13EBD7CD8D6884FE2CBB512,218.170294814,0.856055229722,8.4878396046e-05,374.889107005,2374868036,fmin_l_bfgs_b,1,-25.68557214266329,0.9116772999987006,0,0,,completed_without_convergence_warning,False,False,,False,,False,,False
phase3b_kernel_noise,Phase 3B,F7F71204D643D1027D0FF4736F24213619BF6A09C2361C3C11F169797AC98A9C,E3E41FD0A915BE42A1C8872758FFCAFC04ECE3F11ABB0977B7E0016F2D6C8E0C,length,Melt-pool length,T0,rbf_learned_nugget,RBF + learned nugget,RBF,,True,109,sim_00110,110,472.567,476.06129247922206,-3.4942924792220538,3.4942924792220538,12.210079930347806,7.0609586214815065,49.857136654274015,18.39042297179024,338.2076570813502,18.39042297179024,total predictive variance including learned WhiteKernel nugget,2.9959700311335116,3.848819729980146,3.848819729980146,462.2218135811183,489.90077137732584,440.0160634545132,512.1065215039309,True,True,2.54**2 * RBF(length_scale=2.77) + WhiteKernel(noise_level=0.0354),6.468542277296721,2.7748013582016684,0.035385946318114044,0.18811152627660552,288.3505204270761,16.98088691520782,0.1881115262766055,0.04974248889628066,341.3759,False,1e-08,numerical jitter only; separate from WhiteKernel nugget,240,241,True,False,False,False,True,True,False,"[""P"",""VX"",""LS"",""ST""]",343.3345362458046,90.27031597329423,"[157.92857284622374,0.6166842499028665,6.46094204327954e-05,348.60398916240814]","[52.93439945156295,0.24074417392119427,1.3369896317018565e-05,32.441895507615364]",913D89FC9DE6C551D8C47F20C3684A492BEE7FEFAB483F6721A023F19E2DADF7,218.315594294,0.70315782783,8.24115302242e-05,319.105471156,4153170933,fmin_l_bfgs_b,1,-25.586746801959833,0.6080533000058495,0,0,,completed_without_convergence_warning,False,False,,False,,False,,False
phase3b_kernel_noise,Phase 3B,F7F71204D643D1027D0FF4736F24213619BF6A09C2361C3C11F169797AC98A9C,E3E41FD0A915BE42A1C8872758FFCAFC04ECE3F11ABB0977B7E0016F2D6C8E0C,length,Melt-pool length,T0,rbf_learned_nugget,RBF + learned nugget,RBF,,True,110,sim_00111,111,460.00354999999996,449.98520914202106,10.018340857978899,10.018340857978899,100.36715354664938,9.879407971908739,97.60270187541394,19.609728472038775,384.54145074708816,19.609728472038775,total predictive variance including learned WhiteKernel nugget,3.7235528792105117,4.025466712744928,4.025466712744928,430.62156951707993,469.3488487669622,411.55014133682505,488.4202769472171,True,True,2.54**2 * RBF(length_scale=2.76) + WhiteKernel(noise_level=0.0352),6.426937226858391,2.763549698478776,0.03515717058921223,0.18750245488849535,286.93874887167425,16.93926647974092,0.18750245488849535,0.04962056923098824,341.3759,False,1e-08,numerical jitter only; separate from WhiteKernel nugget,240,241,True,False,False,False,True,True,False,"[""P"",""VX"",""LS"",""ST""]",343.3868839541379,90.34157174003094,"[157.92838105874873,0.6164996125532666,6.46554047512879e-05,348.683526860504]","[52.93418057818907,0.24066077547735382,1.3412000407542472e-05,32.34593437423421]",F709F8DEE2F233920541FDD2D6D003E8C6105016380208D4D3B6E481528DF6F2,218.361623288,0.747470791734,7.1375293786e-05,300.016423613,3014671790,fmin_l_bfgs_b,1,-25.200760261887666,1.0924635999836028,0,0,,completed_without_convergence_warning,False,False,,False,,False,,False
phase3b_kernel_noise,Phase 3B,F7F71204D643D1027D0FF4736F24213619BF6A09C2361C3C11F169797AC98A9C,E3E41FD0A915BE42A1C8872758FFCAFC04ECE3F11ABB0977B7E0016F2D6C8E0C,length,Melt-pool length,T0,rbf_learned_nugget,RBF + learned nugget,RBF,,True,111,sim_00112,112,470.0986999999,465.44427687212243,4.654423127777591,4.654423127777591,21.66365465239093,12.290471099732999,151.05567985337208,20.95142627202355,438.9622628320386,20.95142627202355,total predictive variance including learned WhiteKernel nugget,3.4994703023234077,3.985821244601181,3.985821244601181,441.35495351664576,489.5336002275991,424.37948137895626,506.5090723652886,True,True,2.54**2 * RBF(length_scale=2.78) + WhiteKernel(noise_level=0.0353),6.472120303466326,2.7784685792204065,0.03532005568026647,0.18793630750939658,287.90658297866645,16.9678101998657,0.18793630750939658,0.04970418298381842,341.3759,False,1e-08,numerical jitter only; separate from WhiteKernel nugget,240,241,True,False,False,False,True,True,False,"[""P"",""VX"",""LS"",""ST""]",343.3448208291383,90.28489717995194,"[157.92771295629873,0.6157805304692958,6.465632441589999e-05,348.6799134988665]","[52.93341680561501,0.24000965552858491,1.3412453585623374e-05,32.35132188399561]",F59453BE12C55E4F4B201FA6F04B35D8654F4F5B95D0851044AE6BBF9E8E05DA,218.521967876,0.920050491887,7.11545742791e-05,300.883630406,805215461,fmin_l_bfgs_b,1,-25.215816942545104,0.49901450000470504,0,0,,completed_without_convergence_warning,False,False,,False,,False,,False
phase3b_kernel_noise,Phase 3B,F7F71204D643D1027D0FF4736F24213619BF6A09C2361C3C11F169797AC98A9C,E3E41FD0A915BE42A1C8872758FFCAFC04ECE3F11ABB0977B7E0016F2D6C8E0C,length,Melt-pool length,T0,rbf_learned_nugget,RBF + learned nugget,RBF,,True,112,sim_00113,113,441.61675,444.65383284013683,-3.0370828401368044,3.0370828401368044,9.223872177853439,5.526866806885735,30.546256701055324,17.853276268150406,318.73947350690247,17.853276268150406,total predictive variance including learned WhiteKernel nugget,2.7795416451028876,3.815594865963102,3.815594865963102,433.8211738986408,455.4864917816329,409.661411354562,479.64625432571165,True,True,2.54**2 * RBF(length_scale=2.78) + WhiteKernel(noise_level=0.0352),6.4388714461187,2.7773138558629467,0.03523983035859948,0.18772274864437577,288.1932168058472,16.97625449873579,0.18772274864437577,0.04972891905590228,341.3759,False,1e-08,numerical jitter only; separate from WhiteKernel nugget,240,241,True,False,False,False,True,True,False,"[""P"",""VX"",""LS"",""ST""]",343.46349562080457,90.43259072929841,"[157.92636265139876,0.6159578268390999,6.471869099400873e-05,348.54985261156645]","[52.931866903193466,0.2402185485583657,1.3407724161697407e-05,32.480211907061566]",A64A57A8A77F30399882AE39C8F4AB25A88BDCD669FA29A6C34FA44CBEAC7D44,218.846041052,0.877499363134,5.6186595533e-05,332.098243358,3457245176,fmin_l_bfgs_b,1,-24.961117650195092,0.6161412000074051,0,0,,completed_without_convergence_warning,False,False,,False,,False,,False
phase3b_kernel_noise,Phase 3B,F7F71204D643D1027D0FF4736F24213619BF6A09C2361C3C11F169797AC98A9C,E3E41FD0A915BE42A1C8872758FFCAFC04ECE3F11ABB0977B7E0016F2D6C8E0C,length,Melt-pool length,T0,rbf_learned_nugget,RBF + learned nugget,RBF,,True,113,sim_00114,114,486.5575,479.00657955749784,7.550920442502161,7.550920442502161,57.01639952899703,12.818685876672058,164.31870760479168,21.270770102886743,452.4456607698605,21.270770102886743,total predictive variance including learned WhiteKernel nugget,3.643335803728472,4.039281480818056,4.039281480818056,453.8819552392206,504.1312038757751,437.31587015583983,520.6972889591559,True,True,2.53**2 * RBF(length_scale=2.78) + WhiteKernel(noise_level=0.0354),6.400002226101513,2.7772099286726766,0.03542757609163165,0.18822214559299777,288.12695316506887,16.974302729864014,0.1882221455929978,0.04972320169603072,341.3759,False,1e-08,numerical jitter only; separate from WhiteKernel nugget,240,241,True,False,False,False,True,True,False,"[""P"",""VX"",""LS"",""ST""]",343.2762424958045,90.18228262347196,"[157.9226857095029,0.6154827317857,6.468210689593582e-05,348.2959070749874]","[52.927604133622864,0.2395872273338665,1.3418971336824764e-05,32.36940070714032]",A80F929B1D9C1A12C1AE5C8B7A428CCEDC7A948484B5BF10CCB7D4FBF74A628F,219.728507107,0.99152217595,6.49667790705e-05,393.045172137,4205425418,fmin_l_bfgs_b,1,-25.302733927480716,0.4072038999875076,0,0,,completed_without_convergence_warning,False,False,,False,,False,,False
phase3b_kernel_noise,Phase 3B,F7F71204D643D1027D0FF4736F24213619BF6A09C2361C3C11F169797AC98A9C,E3E41FD0A915BE42A1C8872758FFCAFC04ECE3F11ABB0977B7E0016F2D6C8E0C,length,Melt-pool length,T0,rbf_learned_nugget,RBF + learned nugget,RBF,,True,114,sim_00115,115,439.386,422.4163113770862,16.96968862291385,16.96968862291385,287.97033195865174,5.82679226928722,33.951508149425315,17.948927510203543,322.16399876654157,17.948927510203543,total predictive variance including learned WhiteKernel nugget,6.92231150562201,4.253400170295395,4.253400170295395,410.9957985292832,433.83682422488914,387.2364134570872,457.5962092970851,False,True,2.54**2 * RBF(length_scale=2.79) + WhiteKernel(noise_level=0.0352),6.462629521202117,2.7880577004557177,0.03523441558761549,0.1877083258345657,288.21249061711626,16.97682215896474,0.1877083258345657,0.04973058191560898,341.3759,False,1e-08,numerical jitter only; separate from WhiteKernel nugget,240,241,True,False,False,False,True,True,False,"[""P"",""VX"",""LS"",""ST""]",343.4727904124712,90.44256339448172,"[157.92125354972788,0.6178419297967959,6.465097596508457e-05,348.34292476258736]","[52.925927043295964,0.24048904557686648,1.340960499115265e-05,32.426121357620914]",CB322BAFFECFA2002A09A47AD987A3F2CA202891A4A06B7001EF56FBB762F2B1,220.072225453,0.425314653287,7.24382024748e-05,381.760927113,2542917690,fmin_l_bfgs_b,1,-24.6092721973894,0.6996630000066943,0,0,,completed_without_convergence_warning,False,False,,False,,False,,False
phase3b_kernel_noise,Phase 3B,F7F71204D643D1027D0FF4736F24213619BF6A09C2361C3C11F169797AC98A9C,E3E41FD0A915BE42A1C8872758FFCAFC04ECE3F11ABB0977B7E0016F2D6C8E0C,length,Melt-pool length,T0,rbf_learned_nugget,RBF + learned nugget,RBF,,True,115,sim_00116,116,422.3486499999,457.2595330126278,-34.91088301272782,34.91088301272782,1218.769752728368,5.183893741173724,26.872754319780103,17.62278173325498,310.56243601794534,17.62278173325498,total predictive variance including learned WhiteKernel nugget,25.24117595972367,5.750328646301606,5.750328646301606,447.0991012799273,467.4199647453283,422.718880815448,491.8001852098076,False,False,2.57**2 * RBF(length_scale=2.8) + WhiteKernel(noise_level=0.0346),6.594377614626423,2.798354695095134,0.03462898764735994,0.18608865534298416,283.68968169816526,16.843090028203413,0.18608865534298416,0.049338837417062575,341.3759,False,1e-08,numerical jitter only; separate from WhiteKernel nugget,240,241,True,False,False,False,True,True,False,"[""P"",""VX"",""LS"",""ST""]",343.543779370805,90.51110610240876,"[157.92048679610292,0.6165463889641124,6.470842021292956e-05,348.43877003966657]","[52.92502529748757,0.24068513510575304,1.3413310811649726e-05,32.49069650312566]",BB5D0C1C6EB654532D4A066F73EE8A51AF88F4872E2AA7BE1BCB66887301FAF2,220.256246323,0.736244453131,5.8651582992e-05,358.758060614,3429831319,fmin_l_bfgs_b,1,-22.93487708481163,0.5265685000340454,0,0,,completed_without_convergence_warning,False,False,,False,,False,,False
phase3b_kernel_noise,Phase 3B,F7F71204D643D1027D0FF4736F24213619BF6A09C2361C3C11F169797AC98A9C,E3E41FD0A915BE42A1C8872758FFCAFC04ECE3F11ABB0977B7E0016F2D6C8E0C,length,Melt-pool length,T0,rbf_learned_nugget,RBF + learned nugget,RBF,,True,116,sim_00117,117,487.1152,492.6544158876982,-5.5392158876981625,5.5392158876981625,30.682912650527744,11.291760725091786,127.50386027272538,20.3720438873848,415.02017214953247,20.3720438873848,total predictive variance including learned WhiteKernel nugget,3.463333358316346,3.9700676643560366,3.9700676643560366,470.5225648665183,514.7862669088781,452.725209868424,532.5836219069724,True,True,2.54**2 * RBF(length_scale=2.78) + WhiteKernel(noise_level=0.0354),6.47317132616404,2.7759777614994814,0.03535539320856905,0.18803029864510945,287.5163118768071,16.95630596199559,0.18803029864510948,0.04967048336451281,341.3759,False,1e-08,numerical jitter only; separate from WhiteKernel nugget,240,241,True,False,False,False,True,True,False,"[""P"",""VX"",""LS"",""ST""]",343.2739187458046,90.17858336756203,"[157.91962654034876,0.6156692736766832,6.460988300960039e-05,348.62539267002074]","[52.92401038279717,0.23986235100813175,1.337051029861748e-05,32.42072540944036]",098B4631A80DACE6567C1DF5FCA08E5056B286905B0C8665F4B1777E13390CF9,220.462707704,0.946752122114,8.2300511791e-05,313.968629329,3113536511,fmin_l_bfgs_b,1,-25.49682897387521,0.9968867999850772,0,0,,completed_without_convergence_warning,False,False,,False,,False,,False
phase3b_kernel_noise,Phase 3B,F7F71204D643D1027D0FF4736F24213619BF6A09C2361C3C11F169797AC98A9C,E3E41FD0A915BE42A1C8872758FFCAFC04ECE3F11ABB0977B7E0016F2D6C8E0C,length,Melt-pool length,T0,rbf_learned_nugget,RBF + learned nugget,RBF,,True,117,sim_00118,118,406.52935,473.21223143253343,-66.6828814325334,66.6828814325334,4446.6066761453085,5.439762645683698,29.5910176413757,17.180212563023964,295.1597037106865,17.180212563023964,total predictive variance including learned WhiteKernel nugget,77.7470733602271,11.29524042546555,11.29524042546555,462.5502966469934,483.87416621807347,439.53901480900646,506.8854480560604,False,False,2.53**2 * RBF(length_scale=2.76) + WhiteKernel(noise_level=0.0324),6.416099187006358,2.756658880026803,0.03238009946885833,0.17994471225589911,265.5686860693108,16.296278288901146,0.17994471225589914,0.047737049653772116,341.3759,False,1e-08,numerical jitter only; separate from WhiteKernel nugget,240,241,True,False,False,False,True,True,False,"[""P"",""VX"",""LS"",""ST""]",343.6096931208046,90.56269608926452,"[157.91498721519457,0.6169258931099832,6.464487161567956e-05,348.6061343481041]","[52.91847855423157,0.2408017367991145,1.3405724661988397e-05,32.43992779724178]",C2CFE36097E873F153E3DF62681F4A7533DAEEDACA458AC0B240228287FACE7A,221.576145741,0.645163458122,7.3903246332e-05,318.590626589,2641724635,fmin_l_bfgs_b,1,-17.581450418559285,0.5102042999933474,0,0,,completed_without_convergence_warning,False,False,,False,,False,,False
phase3b_kernel_noise,Phase 3B,F7F71204D643D1027D0FF4736F24213619BF6A09C2361C3C11F169797AC98A9C,E3E41FD0A915BE42A1C8872758FFCAFC04ECE3F11ABB0977B7E0016F2D6C8E0C,length,Melt-pool length,T0,rbf_learned_nugget,RBF + learned nugget,RBF,,True,118,sim_00119,119,469.08405,455.33628871710107,13.74776128289892,13.74776128289892,189.00094029157458,7.151406966853997,51.14262160556788,18.41865112729547,339.24670934902264,18.41865112729547,total predictive variance including learned WhiteKernel nugget,4.734030714980164,4.110862057890536,4.110862057890536,441.31953106206726,469.3530463721349,419.23573250760194,491.4368449266002,True,True,2.55**2 * RBF(length_scale=2.78) + WhiteKernel(noise_level=0.0353),6.4809123806268385,2.781294072123175,0.03533965749130693,0.18798845041998438,288.1040877434547,16.973629185988916,0.18798845041998438,0.049721228669009486,341.3759,False,1e-08,numerical jitter only; separate from WhiteKernel nugget,240,241,True,False,False,False,True,True,False,"[""P"",""VX"",""LS"",""ST""]",343.3490485374713,90.29080854737717,"[157.90827958068624,0.617538552724825,6.46135964494729e-05,348.62882198405816]","[52.91030615832992,0.24068572182868914,1.3375298445859388e-05,32.41701565562989]",1B82BF6FD6B459339D4CA24FEE8DC52329735E78455CA6F58FBB6C6747859486,223.185978023,0.49812515056,8.14092862216e-05,313.14559396,834966859,fmin_l_bfgs_b,1,-25.271970900548837,0.6395622999989428,0,0,,completed_without_convergence_warning,False,False,,False,,False,,False
phase3b_kernel_noise,Phase 3B,F7F71204D643D1027D0FF4736F24213619BF6A09C2361C3C11F169797AC98A9C,E3E41FD0A915BE42A1C8872758FFCAFC04ECE3F11ABB0977B7E0016F2D6C8E0C,length,Melt-pool length,T0,rbf_learned_nugget,RBF + learned nugget,RBF,,True,119,sim_00120,120,480.6835,477.2531157210823,3.4303842789176997,3.4303842789176997,11.767536301045707,5.451384975358914,29.717598149568904,17.822371829094415,317.6369376144982,17.822371829094415,total predictive variance including learned WhiteKernel nugget,2.812797590558802,3.817916609690929,3.817916609690929,466.56840116937883,487.93783027278573,442.3212669360572,512.1849645061073,True,True,2.54**2 * RBF(length_scale=2.77) + WhiteKernel(noise_level=0.0354),6.455983056560104,2.773545945017236,0.03537217184801535,0.1880749102033957,287.9193394649293,16.9681860982525,0.1880749102033957,0.04970528411130516,341.3759,False,1e-08,numerical jitter only; separate from WhiteKernel nugget,240,241,True,False,False,False,True,True,False,"[""P"",""VX"",""LS"",""ST""]",343.3007174958046,90.22035996136893,"[157.89890638150706,0.6160085852386167,6.467591429212706e-05,348.41580891664154]","[52.89854064646153,0.2402725140648063,1.3418495596158836e-05,32.4814472566002]",8B3276AA7DB0F49286BE8BE7A8E0B00BC42BC98C882B0E7B400334488DE6EC3B,225.435545826,0.86531734725,6.64530039846e-05,364.26873014,1771328094,fmin_l_bfgs_b,1,-25.5262008539637,0.47046379995299503,0,0,,completed_without_convergence_warning,False,False,,False,,False,,False
phase3b_kernel_noise,Phase 3B,F7F71204D643D1027D0FF4736F24213619BF6A09C2361C3C11F169797AC98A9C,E3E41FD0A915BE42A1C8872758FFCAFC04ECE3F11ABB0977B7E0016F2D6C8E0C,length,Melt-pool length,T0,rbf_learned_nugget,RBF + learned nugget,RBF,,True,120,sim_00121,121,443.7372999999,449.864354643937,-6.127054644037003,6.127054644037003,37.540798611015404,8.322587982674499,69.26547072935799,18.891911761979664,356.90433002242554,18.891911761979664,total predictive variance including learned WhiteKernel nugget,3.3089039520913692,3.910264657721419,3.910264657721419,433.552082197895,466.17662708997904,412.83620759045687,486.8925016974172,True,True,2.53**2 * RBF(length_scale=2.77) + WhiteKernel(noise_level=0.0352),6.398212161963774,2.7733928127221694,0.0351795865653112,0.18756222051711585,287.6388592930676,16.959919200664476,0.18756222051711585,0.04968106770473392,341.3759,False,1e-08,numerical jitter only; separate from WhiteKernel nugget,240,241,True,False,False,False,True,True,False,"[""P"",""VX"",""LS"",""ST""]",343.45465999580495,90.4228962202802,"[157.89496935620292,0.6156771961821332,6.473277390803457e-05,348.5611668858332]","[52.89347861568465,0.23987325469060142,1.3396975647579257e-05,32.47400557990732]",14144643245EEFDB8124FE74720CDC4E71956A893849DCF8E1A01E6B768B00A4,226.380431899,0.944850720806,5.28066961668e-05,329.382817534,2086025913,fmin_l_bfgs_b,1,-24.83588688318335,0.5269031999632716,0,0,,completed_without_convergence_warning,False,False,,False,,False,,False
phase3b_kernel_noise,Phase 3B,F7F71204D643D1027D0FF4736F24213619BF6A09C2361C3C11F169797AC98A9C,E3E41FD0A915BE42A1C8872758FFCAFC04ECE3F11ABB0977B7E0016F2D6C8E0C,length,Melt-pool length,T0,rbf_learned_nugget,RBF + learned nugget,RBF,,True,121,sim_00122,122,347.3506499999,347.65901217200303,-0.3083621721030454,0.3083621721030454,0.09508722918410818,8.282177000629463,68.59445586975566,18.88346771898125,356.585353093807,18.88346771898125,total predictive variance including learned WhiteKernel nugget,3.0337375014473893,3.8573586788635734,3.8573586788635734,331.4259452507693,363.89207909323676,310.6474154427998,384.67060890120626,True,True,2.53**2 * RBF(length_scale=2.78) + WhiteKernel(noise_level=0.035),6.3953130235372555,2.7767845884003357,0.03504400859953699,0.18720045031873453,287.99089722405125,16.97029455324955,0.18720045031873453,0.0497114604553208,341.3759,False,1e-08,numerical jitter only; separate from WhiteKernel nugget,240,241,True,False,False,False,True,True,False,"[""P"",""VX"",""LS"",""ST""]",343.85627103747163,90.65306479955196,"[157.8891103660654,0.6183439308124082,6.46470032158629e-05,348.4366805563332]","[52.88581374789672,0.23996030933479026,1.3407155887180843e-05,32.49001666812753]",6CC53C349B32F9E1F0A3CCA59479183CA4C289173D35BF73A8EDA5019AF12F53,227.786589532,0.30483440954,7.3391662288e-05,359.259536614,307093943,fmin_l_bfgs_b,1,-24.27731061154961,0.5823331999708898,0,0,,completed_without_convergence_warning,False,False,,False,,False,,False
phase3b_kernel_noise,Phase 3B,F7F71204D643D1027D0FF4736F24213619BF6A09C2361C3C11F169797AC98A9C,E3E41FD0A915BE42A1C8872758FFCAFC04ECE3F11ABB0977B7E0016F2D6C8E0C,length,Melt-pool length,T0,rbf_learned_nugget,RBF + learned nugget,RBF,,True,122,sim_00123,123,481.4822,494.15484325985483,-12.672643259854851,12.672643259854851,160.5958871915446,10.317437603950886,106.4495187114198,19.829640145719885,393.2146283087458,19.829640145719885,total predictive variance including learned WhiteKernel nugget,4.007102823527324,4.110325271549285,4.110325271549285,473.9326655561111,514.3770209635985,455.28874857424387,533.0209379454658,True,True,2.56**2 * RBF(length_scale=2.77) + WhiteKernel(noise_level=0.0352),6.556114246120595,2.774378476408249,0.03523433927270393,0.187708122553884,286.76510959732593,16.93414035601825,0.187708122553884,0.049605553163003746,341.3759,False,1e-08,numerical jitter only; separate from WhiteKernel nugget,240,241,True,False,False,False,True,True,False,"[""P"",""VX"",""LS"",""ST""]",343.2973895791379,90.21527745107083,"[157.88810479896955,0.61750901064385,6.460001171371372e-05,348.33103937082495]","[52.884482401514994,0.2406999414290819,1.3356564047123546e-05,32.413344935812276]",A63846E081B32A935ADADA851B72F5DA9818B8586DF467F9A395FE4CC4746F06,228.027925635,0.505215249994,8.46696228038e-05,384.613421136,1358352372,fmin_l_bfgs_b,1,-25.518442723977074,0.4873960000113584,0,0,,completed_without_convergence_warning,False,False,,False,,False,,False
phase3b_kernel_noise,Phase 3B,F7F71204D643D1027D0FF4736F24213619BF6A09C2361C3C11F169797AC98A9C,E3E41FD0A915BE42A1C8872758FFCAFC04ECE3F11ABB0977B7E0016F2D6C8E0C,length,Melt-pool length,T0,rbf_learned_nugget,RBF + learned nugget,RBF,,True,123,sim_00124,124,437.4680999999,426.854868666431,10.613231333469002,10.613231333469002,112.64067933772822,6.0435893800580285,36.52497259475018,18.02927414294366,325.0547261214168,18.02927414294366,total predictive variance including learned WhiteKernel nugget,4.259904656766459,3.9841994885222354,3.9841994885222354,415.00943348151725,438.70030385134476,391.5174913462614,462.1922459866006,True,True,2.54**2 * RBF(length_scale=2.78) + WhiteKernel(noise_level=0.0353),6.446253850327441,2.781134594866234,0.03526665872389277,0.18779419246582885,288.5297535266667,16.986163590601222,0.18779419246582885,0.04975794597861543,341.3759,False,1e-08,numerical jitter only; separate from WhiteKernel nugget,240,241,True,False,False,False,True,True,False,"[""P"",""VX"",""LS"",""ST""]",343.48078166247166,90.4509525431253,"[157.88422322531957,0.6176123895144708,6.46994824886379e-05,348.5331124847124]","[52.87929975010478,0.24064635585574798,1.3416628631276965e-05,32.48765047990072]",63FA027DD7977E38D59C05D6525D78FE01A61AF084DA0692109EFD7EF0790462,228.959503311,0.480404321045,6.0796636822e-05,336.115873803,2780315055,fmin_l_bfgs_b,1,-24.85171696867755,0.4907268999959342,0,0,,completed_without_convergence_warning,False,False,,False,,False,,False
phase3b_kernel_noise,Phase 3B,F7F71204D643D1027D0FF4736F24213619BF6A09C2361C3C11F169797AC98A9C,E3E41FD0A915BE42A1C8872758FFCAFC04ECE3F11ABB0977B7E0016F2D6C8E0C,length,Melt-pool length,T0,rbf_learned_nugget,RBF + learned nugget,RBF,,True,124,sim_00125,125,373.1881999999,371.4563018611959,1.7318981387040822,1.7318981387040822,2.9994711628466644,7.70422455018967,59.35507591974522,18.64357714743573,347.58296885238786,18.64357714743573,total predictive variance including learned WhiteKernel nugget,2.985974537769207,3.8487549867594244,3.8487549867594244,356.35602174282417,386.5565819795677,334.9148906522219,407.99771307016994,True,True,2.53**2 * RBF(length_scale=2.78) + WhiteKernel(noise_level=0.0351),6.408938674489555,2.776735698227398,0.0350879856031405,0.18731787315454043,288.22789293264253,16.977275780661707,0.18731787315454043,0.0497319107197131,341.3759,False,1e-08,numerical jitter only; separate from WhiteKernel nugget,240,241,True,False,False,False,True,True,False,"[""P"",""VX"",""LS"",""ST""]",343.7486145791383,90.63350706878444,"[157.8824524662154,0.6180534639829874,6.471867985544456e-05,348.49190580735404]","[52.87691246646483,0.24029720115595446,1.3407731248680728e-05,32.497100860659444]",7A7012B1861E6DA48351405F2FCF946649E95E745ED04A32B547EFFF4BD7B6B7,229.384485496,0.374546448601,5.61892687884e-05,346.005476369,1946656842,fmin_l_bfgs_b,1,-24.421300135784605,0.5085960000287741,0,0,,completed_without_convergence_warning,False,False,,False,,False,,False
phase3b_kernel_noise,Phase 3B,F7F71204D643D1027D0FF4736F24213619BF6A09C2361C3C11F169797AC98A9C,E3E41FD0A915BE42A1C8872758FFCAFC04ECE3F11ABB0977B7E0016F2D6C8E0C,length,Melt-pool length,T0,rbf_learned_nugget,RBF + learned nugget,RBF,,True,125,sim_00126,126,449.63565,429.62470362416536,20.010946375834635,20.010946375834635,400.4379748565293,7.468858160653646,55.783842223962566,18.531279337774468,343.40831389462693,18.531279337774468,total predictive variance including learned WhiteKernel nugget,6.5188738684410925,4.421433382904076,4.421433382904076,414.98574162928423,444.2636656190465,393.3033961221274,465.9460111262033,False,True,2.53**2 * RBF(length_scale=2.78) + WhiteKernel(noise_level=0.0352),6.387831814082229,2.7778287520336256,0.0351996741206189,0.1876157619194584,287.6244716706644,16.95949502994309,0.1876157619194584,0.04967982517202617,341.3759,False,1e-08,numerical jitter only; separate from WhiteKernel nugget,240,241,True,False,False,False,True,True,False,"[""P"",""VX"",""LS"",""ST""]",343.43008353747126,90.39483067112258,"[157.88240314778207,0.6176204729910417,6.467231846692372e-05,348.62692111633737]","[52.87684577074829,0.24064171417830416,1.3417903254094184e-05,32.419082822591946]",3517C712130A23A0DF044AD35DA63F4ED2AAACDFEF8CD32D0B3AAC81C9A56C43,229.39632192,0.478464286668,6.73160020334e-05,313.601802213,1420980663,fmin_l_bfgs_b,1,-24.611533484037494,0.5349114999989979,0,0,,completed_without_convergence_warning,False,False,,False,,False,,False
phase3b_kernel_noise,Phase 3B,F7F71204D643D1027D0FF4736F24213619BF6A09C2361C3C11F169797AC98A9C,E3E41FD0A915BE42A1C8872758FFCAFC04ECE3F11ABB0977B7E0016F2D6C8E0C,length,Melt-pool length,T0,rbf_learned_nugget,RBF + learned nugget,RBF,,True,126,sim_00127,127,456.4598999999,487.4595338714033,-30.999633871503306,30.999633871503306,960.9773001672551,5.675549048200467,32.21185699852923,17.780733968288178,316.15450045103705,17.780733968288178,total predictive variance including learned WhiteKernel nugget,17.571620902165797,5.31684468142654,5.31684468142654,476.3354577369304,498.58361000587627,452.6092952935585,522.3097724492482,False,True,2.55**2 * RBF(length_scale=2.79) + WhiteKernel(noise_level=0.0348),6.52193524401149,2.785778580224902,0.034775623269852576,0.18648223312115442,283.9426434525079,16.85059771795968,0.18648223312115442,0.04936082985928321,341.3759,False,1e-08,numerical jitter only; separate from WhiteKernel nugget,240,241,True,False,False,False,True,True,False,"[""P"",""VX"",""LS"",""ST""]",343.4016491624717,90.36033854770564,"[157.88224688434042,0.615960082790729,6.467056109237081e-05,348.43817768473315]","[52.876634374329726,0.24022100219396322,1.341752926420278e-05,32.49050706482941]",80691B2A0FD129BC2ECD9C39EE5B4DB756657893EA4DBD4A796A98985FD6CF43,229.433825146,0.876957934743,6.77377719261e-05,358.900225798,649591524,fmin_l_bfgs_b,1,-23.64733423625401,0.8369278999743983,0,0,,completed_without_convergence_warning,False,False,,False,,False,,False
phase3b_kernel_noise,Phase 3B,F7F71204D643D1027D0FF4736F24213619BF6A09C2361C3C11F169797AC98A9C,E3E41FD0A915BE42A1C8872758FFCAFC04ECE3F11ABB0977B7E0016F2D6C8E0C,length,Melt-pool length,T0,rbf_learned_nugget,RBF + learned nugget,RBF,,True,127,sim_00128,128,482.0928999999,483.593181551179,-1.500281551278988,1.500281551278988,2.2508447331080865,5.646960646677607,31.888164545125584,17.892258244949915,320.1329051039782,17.892258244949915,total predictive variance including learned WhiteKernel nugget,2.685348787231903,3.8068221370286537,3.8068221370286537,472.5251386836909,494.6612244186671,448.52435539107717,518.6620077112808,True,True,2.54**2 * RBF(length_scale=2.78) + WhiteKernel(noise_level=0.0354),6.475045795268822,2.7763785277494795,0.03541920624531307,0.1881999103222769,288.2447405588525,16.977771955084464,0.1881999103222769,0.04973336417446124,341.3759,False,1e-08,numerical jitter only; separate from WhiteKernel nugget,240,241,True,False,False,False,True,True,False,"[""P"",""VX"",""LS"",""ST""]",343.294844995805,90.21137112133275,"[157.87042019278624,0.6161581808971249,6.466605036146747e-05,348.52625478344993]","[52.86030946789225,0.24041646933261626,1.3416315339066364e-05,32.49009706613558]",83DE6AD261DEC9A671526694242B5CF25CE768AD2C690F9BF54D57D734C94B07,232.272231119,0.829414389208,6.88203473429e-05,337.761722106,1363684692,fmin_l_bfgs_b,1,-25.607562852927913,0.7247046999982558,0,0,,completed_without_convergence_warning,False,False,,False,,False,,False
phase3b_kernel_noise,Phase 3B,F7F71204D643D1027D0FF4736F24213619BF6A09C2361C3C11F169797AC98A9C,E3E41FD0A915BE42A1C8872758FFCAFC04ECE3F11ABB0977B7E0016F2D6C8E0C,length,Melt-pool length,T0,rbf_learned_nugget,RBF + learned nugget,RBF,,True,128,sim_00129,129,469.1128,480.5512115953328,-11.43841159533281,11.43841159533281,130.83725982424406,7.5981685031727295,57.73216460260612,18.58314735233291,345.3333655185177,18.58314735233291,total predictive variance including learned WhiteKernel nugget,4.079985850153248,4.030629816229199,4.030629816229199,465.6588013291142,495.4436218615514,444.1282427847603,516.9741804059053,True,True,2.55**2 * RBF(length_scale=2.78) + WhiteKernel(noise_level=0.0353),6.5245067832970225,2.7780335401326695,0.03527810234996292,0.18782465852481384,287.6012009159116,16.958808947444144,0.1878246585248138,0.049677815415335835,341.3759,False,1e-08,numerical jitter only; separate from WhiteKernel nugget,240,241,True,False,False,False,True,True,False,"[""P"",""VX"",""LS"",""ST""]",343.3489287458046,90.29064171147522,"[157.8626932272904,0.6167512585689999,6.469566822842164e-05,348.3560911085541]","[52.8492963760602,0.24076599449744004,1.3417607482688316e-05,32.43904367066864]",01ACC1551073B253CCACFAFE08E68075319A7D071BED47B20C2796A753A060BF,234.126702838,0.687075747958,6.17120592739e-05,378.601004081,50297629,fmin_l_bfgs_b,1,-25.30263229220705,0.4684341999818571,0,0,,completed_without_convergence_warning,False,False,,False,,False,,False
phase3b_kernel_noise,Phase 3B,F7F71204D643D1027D0FF4736F24213619BF6A09C2361C3C11F169797AC98A9C,E3E41FD0A915BE42A1C8872758FFCAFC04ECE3F11ABB0977B7E0016F2D6C8E0C,length,Melt-pool length,T0,rbf_learned_nugget,RBF + learned nugget,RBF,,True,129,sim_00130,130,491.7927,488.7532986226571,3.0394013773429265,3.0394013773429265,9.237960732594079,5.744390495217514,32.998022161545315,17.914658350906766,320.93498382971353,17.914658350906766,total predictive variance including learned WhiteKernel nugget,2.8071398372803005,3.8189500752006125,3.8189500752006125,477.4942932520308,500.0123039932834,453.64056825487984,523.8660289904344,True,True,2.54**2 * RBF(length_scale=2.77) + WhiteKernel(noise_level=0.0354),6.460753888195668,2.7711588915233647,0.03543194757250321,0.18823375779201565,287.9369616681682,16.968705362170923,0.18823375779201565,0.04970680520262538,341.3759,False,1e-08,numerical jitter only; separate from WhiteKernel nugget,240,241,True,False,False,False,True,True,False,"[""P"",""VX"",""LS"",""ST""]",343.25442916247124,90.14698299186102,"[157.8517051147779,0.6162799428811542,6.467008606033331e-05,348.4502857359123]","[52.83316226009509,0.2405170236450215,1.3417418646146294e-05,32.493861998476135]",9929CD9EBA2AC858483589FA71675B8972A7F8DEF02932FCB05FE01F792B01A5,236.763849841,0.800191513041,6.78517796151e-05,355.994293515,2901470336,fmin_l_bfgs_b,1,-25.795789804036502,0.5021226999815553,0,0,,completed_without_convergence_warning,False,False,,False,,False,,False
phase3b_kernel_noise,Phase 3B,F7F71204D643D1027D0FF4736F24213619BF6A09C2361C3C11F169797AC98A9C,E3E41FD0A915BE42A1C8872758FFCAFC04ECE3F11ABB0977B7E0016F2D6C8E0C,length,Melt-pool length,T0,rbf_learned_nugget,RBF + learned nugget,RBF,,True,130,sim_00131,131,448.45585,436.11940551120506,12.336444488794939,12.336444488794939,152.187862625119,14.523338989348106,210.92737539951887,22.309359291032504,497.70751197637827,22.309359291032504,total predictive variance including learned WhiteKernel nugget,3.955454390150397,4.176833677131383,4.176833677131383,407.65366109208276,464.58514993032736,392.39306130078137,479.84574972162875,True,True,2.54**2 * RBF(length_scale=2.77) + WhiteKernel(noise_level=0.0351),6.46301648906942,2.7746500886614736,0.035091884548891776,0.18732828016317177,286.78013657685943,16.934584039085795,0.18732828016317177,0.04960685285366013,341.3759,False,1e-08,numerical jitter only; separate from WhiteKernel nugget,240,241,True,False,False,False,True,True,False,"[""P"",""VX"",""LS"",""ST""]",343.4349993708046,90.4005739247431,"[157.8504653620279,0.6157070432067457,6.475518212734623e-05,348.385585241029]","[52.83130701478844,0.23991376226225328,1.3372488895197451e-05,32.463302394848796]",235F7400628AF04EAB633EA94F23975C93BA3188E6DE3276F97BB092E219EB45,237.061390501,0.937687434899,4.7428723532e-05,371.522412287,627691630,fmin_l_bfgs_b,1,-24.706876048702952,0.8769218000234105,0,0,,completed_without_convergence_warning,False,False,,False,,False,,False
phase3b_kernel_noise,Phase 3B,F7F71204D643D1027D0FF4736F24213619BF6A09C2361C3C11F169797AC98A9C,E3E41FD0A915BE42A1C8872758FFCAFC04ECE3F11ABB0977B7E0016F2D6C8E0C,length,Melt-pool length,T0,rbf_learned_nugget,RBF + learned nugget,RBF,,True,131,sim_00132,132,476.46375,473.0918274026562,3.3719225973438256,3.3719225973438256,11.36986200247793,8.890992046356056,79.04973956836665,19.156362171332873,366.9662116392731,19.156362171332873,total predictive variance including learned WhiteKernel nugget,3.175893040388213,3.887065123396351,3.887065123396351,455.6654829917983,490.5181718135141,435.5453575468438,510.6382972584686,True,True,2.54**2 * RBF(length_scale=2.77) + WhiteKernel(noise_level=0.0354),6.430058941529212,2.772539738137886,0.0353511618430727,0.18801904649016998,287.9164720709064,16.968101604802655,0.18801904649016998,0.04970503660276737,341.3759,False,1e-08,numerical jitter only; separate from WhiteKernel nugget,240,241,True,False,False,False,True,True,False,"[""P"",""VX"",""LS"",""ST""]",343.31829978747123,90.24671660426584,"[157.84932652856122,0.6159541787505541,6.470967408206247e-05,348.34069488901656]","[52.82959655555723,0.24021456993854817,1.3412730485258777e-05,32.42380471390868]",D80DD5D734A97984E78C8FB7256B1EF6CB4EF9B3029058C927937BABAC4A15B8,237.334710533,0.878374904385,5.83506544001e-05,382.29609677,2963109925,fmin_l_bfgs_b,1,-25.44537482042179,0.5438028999487869,0,0,,completed_without_convergence_warning,False,False,,False,,False,,False
phase3b_kernel_noise,Phase 3B,F7F71204D643D1027D0FF4736F24213619BF6A09C2361C3C11F169797AC98A9C,E3E41FD0A915BE42A1C8872758FFCAFC04ECE3F11ABB0977B7E0016F2D6C8E0C,length,Melt-pool length,T0,rbf_learned_nugget,RBF + learned nugget,RBF,,True,132,sim_00133,133,283.1735,277.76863045967076,5.40486954032923,5.40486954032923,29.2126147479787,13.19363667496622,174.07204871101368,21.47520928215126,461.1846137121956,21.47520928215126,total predictive variance including learned WhiteKernel nugget,3.5825827270546773,4.017509027153204,4.017509027153204,251.90910257673698,303.62815834260454,235.6772202666543,319.86004065268725,True,True,2.54**2 * RBF(length_scale=2.78) + WhiteKernel(noise_level=0.035),6.47041406867562,2.779271952386189,0.0350025684403827,0.18708973365843112,287.11256500118185,16.944396271368944,0.18708973365843112,0.049635596043449304,341.3759,False,1e-08,numerical jitter only; separate from WhiteKernel nugget,240,241,True,False,False,False,True,True,False,"[""P"",""VX"",""LS"",""ST""]",344.12367582913794,90.56828474781119,"[157.84522414451123,0.6185559064246375,6.470608444312622e-05,348.333058551954]","[52.823385513966436,0.23966061065290242,1.341431648769812e-05,32.41558990285128]",4E762C49C3A40E44144B18E4A397F966EACE37ACD2431CEA65D210B4DE788A99,238.319282705,0.253960262605,5.92121677448e-05,384.128817665,3131375265,fmin_l_bfgs_b,1,-24.32746856410472,0.5983691999572329,0,0,,completed_without_convergence_warning,False,False,,False,,False,,False
phase3b_kernel_noise,Phase 3B,F7F71204D643D1027D0FF4736F24213619BF6A09C2361C3C11F169797AC98A9C,E3E41FD0A915BE42A1C8872758FFCAFC04ECE3F11ABB0977B7E0016F2D6C8E0C,length,Melt-pool length,T0,rbf_learned_nugget,RBF + learned nugget,RBF,,True,133,sim_00134,134,462.59619999999995,473.1730943400996,-10.57689434009967,10.57689434009967,111.87069388163245,6.187599620259291,38.28638906063292,18.06571315223799,326.3699916989447,18.06571315223799,total predictive variance including learned WhiteKernel nugget,4.202457879849308,3.984340679039979,3.984340679039979,461.0453990843914,485.3007895958078,437.7642965617132,508.58189211848605,True,True,2.56**2 * RBF(length_scale=2.78) + WhiteKernel(noise_level=0.0353),6.5515832981827495,2.7846505116249136,0.03530846547742249,0.18790546952503134,288.0836026383118,16.973025736099963,0.18790546952503134,0.04971946096985746,341.3759,False,1e-08,numerical jitter only; separate from WhiteKernel nugget,240,241,True,False,False,False,True,True,False,"[""P"",""VX"",""LS"",""ST""]",343.37608124580464,90.32747039776267,"[157.84418423904876,0.6167293726961791,6.47006518829933e-05,348.50072410332484]","[52.82179877392225,0.24075936211027185,1.341627617242483e-05,32.496137793307305]",CCA14BD8FF4E8EB56BC6A5296F427A05D6475A57C15BBD15D5A76D25B2F17774,238.568860016,0.692328357435,6.05159821767e-05,343.889085336,1320530744,fmin_l_bfgs_b,1,-25.218300134015692,0.561238800000865,0,0,,completed_without_convergence_warning,False,False,,False,,False,,False
phase3b_kernel_noise,Phase 3B,F7F71204D643D1027D0FF4736F24213619BF6A09C2361C3C11F169797AC98A9C,E3E41FD0A915BE42A1C8872758FFCAFC04ECE3F11ABB0977B7E0016F2D6C8E0C,length,Melt-pool length,T0,rbf_learned_nugget,RBF + learned nugget,RBF,,True,134,sim_00135,135,474.16519999999997,456.0786030602052,18.086596939794788,18.086596939794788,327.1249888625942,9.221303594184796,85.03243997612545,19.320415294359503,373.2784471465206,19.320415294359503,total predictive variance including learned WhiteKernel nugget,5.063985479573211,4.318279101158081,4.318279101158081,438.004848015603,474.1523581048074,418.2105890832606,493.9466170371498,False,True,2.55**2 * RBF(length_scale=2.79) + WhiteKernel(noise_level=0.0354),6.491162693607655,2.7881870897149956,0.03538064004777049,0.18809742169357477,288.24600717039516,16.977809257097785,0.1880974216935748,0.049733473444076706,341.3759,False,1e-08,numerical jitter only; separate from WhiteKernel nugget,240,241,True,False,False,False,True,True,False,"[""P"",""VX"",""LS"",""ST""]",343.3278770791379,90.26072289686111,"[157.8375928094029,0.6176790026441333,6.46249762399658e-05,348.633418333404]","[52.81162535802992,0.2406061501239327,1.3388415214884828e-05,32.41190562007332]",ED53AE6B77D8E785D7BEDB85B4C5E2A8A612B4B6362C799150175897C53C0428,240.150803131,0.464417169926,7.86781365033e-05,312.042470117,888340091,fmin_l_bfgs_b,1,-25.13695820456971,0.3206662000156939,0,0,,completed_without_convergence_warning,False,False,,False,,False,,False
phase3b_kernel_noise,Phase 3B,F7F71204D643D1027D0FF4736F24213619BF6A09C2361C3C11F169797AC98A9C,E3E41FD0A915BE42A1C8872758FFCAFC04ECE3F11ABB0977B7E0016F2D6C8E0C,length,Melt-pool length,T0,rbf_learned_nugget,RBF + learned nugget,RBF,,True,135,sim_00137,137,487.7185,448.8612509860147,38.857249013985324,38.857249013985324,1509.8858009348635,8.801701736291019,77.46995345462834,19.006368634764968,361.24204868057757,19.006368634764968,total predictive variance including learned WhiteKernel nugget,12.838860432608117,5.953565983313524,5.953565983313524,431.6099155828843,466.11258638914506,411.60876846187534,486.113733510154,False,False,2.51**2 * RBF(length_scale=2.77) + WhiteKernel(noise_level=0.0349),6.2975611813947605,2.770715572612871,0.03489808312009682,0.18681028644080822,283.7720952259492,16.845536359105612,0.18681028644080822,0.04934600350846563,341.3759,False,1e-08,numerical jitter only; separate from WhiteKernel nugget,240,241,True,False,False,False,True,True,False,"[""P"",""VX"",""LS"",""ST""]",343.27140499580463,90.17456522365114,"[157.82181743302374,0.6173410896704999,6.471570059460873e-05,348.43325173402076]","[52.78646373216179,0.2407641567445189,1.3409546629275481e-05,32.48883085616228]",E2B112F6FFA52709C4FF18E1FBDF4D5A41881D44A84AE3E339E58B5BBFB3208C,243.936893462,0.545516283598,5.6904291389e-05,360.082453969,3817167480,fmin_l_bfgs_b,1,-23.693927343273657,0.43018109997501597,0,0,,completed_without_convergence_warning,False,False,,False,,False,,False
phase3b_kernel_noise,Phase 3B,F7F71204D643D1027D0FF4736F24213619BF6A09C2361C3C11F169797AC98A9C,E3E41FD0A915BE42A1C8872758FFCAFC04ECE3F11ABB0977B7E0016F2D6C8E0C,length,Melt-pool length,T0,rbf_learned_nugget,RBF + learned nugget,RBF,,True,136,sim_00138,138,505.97169999989995,500.4166053294848,5.555094670415144,5.555094670415144,30.85907679727474,9.130314716722497,83.36264682639941,19.268876676336117,371.28960836785,19.268876676336117,total predictive variance including learned WhiteKernel nugget,3.3156280512311973,3.9189863325704533,3.9189863325704533,482.5211884847087,518.3120221742608,462.649607043866,538.1836036151036,True,True,2.55**2 * RBF(length_scale=2.77) + WhiteKernel(noise_level=0.0355),6.477460816518797,2.7704023955440134,0.035511087286802905,0.1884438571214326,287.9269615414506,16.968410695803264,0.1884438571214326,0.049705942029895096,341.3759,False,1e-08,numerical jitter only; separate from WhiteKernel nugget,240,241,True,False,False,False,True,True,False,"[""P"",""VX"",""LS"",""ST""]",343.19534999580503,90.04491287221359,"[157.82010928987376,0.6167295017403999,6.462474168979415e-05,348.6302739147749]","[52.78367035754422,0.24075940262211132,1.3388168521703534e-05,32.41541851630467]",E2B03A61A9D031D8088053FE7082468F89453CCA8E880C404963EB35BE9ED12C,244.346847818,0.692297386822,7.87344285445e-05,312.797130588,301143602,fmin_l_bfgs_b,1,-26.153283561139318,0.9745008999598213,0,0,,completed_without_convergence_warning,False,False,,False,,False,,False
phase3b_kernel_noise,Phase 3B,F7F71204D643D1027D0FF4736F24213619BF6A09C2361C3C11F169797AC98A9C,E3E41FD0A915BE42A1C8872758FFCAFC04ECE3F11ABB0977B7E0016F2D6C8E0C,length,Melt-pool length,T0,rbf_learned_nugget,RBF + learned nugget,RBF,,True,137,sim_00139,139,496.04299999989996,499.06071518571736,-3.0177151858173943,3.0177151858173943,9.106604942712911,14.139940786622574,199.93792544919262,22.088509911926277,487.9022701292654,22.088509911926277,total predictive variance including learned WhiteKernel nugget,3.5907155866696066,4.023328499855123,4.023328499855123,471.3464312439371,526.7749991274976,455.7672357583418,542.3541946130929,True,True,2.55**2 * RBF(length_scale=2.77) + WhiteKernel(noise_level=0.0355),6.510170030711397,2.7749433880797856,0.03545860296283866,0.18830454843906097,287.9643446800728,16.969512211023414,0.18830454843906094,0.04970916872287532,341.3759,False,1e-08,numerical jitter only; separate from WhiteKernel nugget,240,241,True,False,False,False,True,True,False,"[""P"",""VX"",""LS"",""ST""]",343.23671957913837,90.1173782135968,"[157.81956906362376,0.6175504495757834,6.458864492575164e-05,348.53191508414574]","[52.782784106642495,0.24067974841135045,1.3338306151273549e-05,32.48810282216162]",7192BEEF801210F9D85E60D8195F539818643E1CAB02C7D84892AD3EE0CBC41E,244.476502118,0.49526990633,8.73976519147e-05,336.403249939,2586156502,fmin_l_bfgs_b,1,-25.865686707456206,0.7685560999670997,0,0,,completed_without_convergence_warning,False,False,,False,,False,,False
phase3b_kernel_noise,Phase 3B,F7F71204D643D1027D0FF4736F24213619BF6A09C2361C3C11F169797AC98A9C,E3E41FD0A915BE42A1C8872758FFCAFC04ECE3F11ABB0977B7E0016F2D6C8E0C,length,Melt-pool length,T0,rbf_learned_nugget,RBF + learned nugget,RBF,,True,138,sim_00140,140,515.46625,517.8314570220834,-2.3652070220834958,2.3652070220834958,5.594204257313078,9.84167456536648,96.8585582505815,19.6233269555799,385.07496080558866,19.6233269555799,total predictive variance including learned WhiteKernel nugget,3.2344426227404255,3.902921328618408,3.902921328618408,498.54177487396515,537.1211391702018,479.36973618914686,556.2931778550201,True,True,2.55**2 * RBF(length_scale=2.77) + WhiteKernel(noise_level=0.0356),6.516842316865859,2.77472768274664,0.035604997181228504,0.1886928646802218,288.21640255500716,16.976937372653737,0.1886928646802218,0.04973091941362509,341.3759,False,1e-08,numerical jitter only; separate from WhiteKernel nugget,240,241,True,False,False,False,True,True,False,"[""P"",""VX"",""LS"",""ST""]",343.1557893708046,89.9712736961442,"[157.81175638674458,0.6166519940923375,6.463255855128998e-05,348.3967824512915]","[52.769816587469016,0.24073206678985454,1.3395854485635492e-05,32.47081647005691]",E01DE1656344FCCEB260D019D0DBE31E21F3F0BC82A8D58A973A5EE6A1735446,246.351544569,0.710899222357,7.68583817855e-05,368.835081824,3225381287,fmin_l_bfgs_b,1,-26.30811892832193,0.4838576000183821,0,0,,completed_without_convergence_warning,False,False,,False,,False,,False
phase3b_kernel_noise,Phase 3B,F7F71204D643D1027D0FF4736F24213619BF6A09C2361C3C11F169797AC98A9C,E3E41FD0A915BE42A1C8872758FFCAFC04ECE3F11ABB0977B7E0016F2D6C8E0C,length,Melt-pool length,T0,rbf_learned_nugget,RBF + learned nugget,RBF,,True,139,sim_00141,141,543.72645,523.9218652962024,19.80458470379756,19.80458470379756,392.22157528989226,14.121848351029486,199.42660084947423,22.079156267484667,487.48914148400746,22.079156267484667,total predictive variance including learned WhiteKernel nugget,4.550034924949432,4.415860040622039,4.415860040622039,496.2430425281847,551.6006880642202,480.6467190119325,567.1970115804723,True,True,2.52**2 * RBF(length_scale=2.77) + WhiteKernel(noise_level=0.0358),6.343105758206356,2.774214012936551,0.03578012555113827,0.18915635213002568,288.0625406345332,16.97240526957017,0.1891563521300257,0.04971764342348177,341.3759,False,1e-08,numerical jitter only; separate from WhiteKernel nugget,240,241,True,False,False,False,True,True,False,"[""P"",""VX"",""LS"",""ST""]",343.0380385374712,89.72685864603359,"[157.80770171521957,0.6155391665590833,6.461343659059415e-05,348.5022857377957]","[52.762975475537125,0.23967418581524402,1.3375097475413684e-05,32.495907132533596]",33FDC38E7CE28704D56B7BD1C20557C76BA1A8A439C90769D71B74266B09AEDD,247.324665735,0.977977830338,8.14476523525e-05,343.514293063,1835410804,fmin_l_bfgs_b,1,-26.19231890953239,0.48845509998500347,0,0,,completed_without_convergence_warning,False,False,,False,,False,,False
phase3b_kernel_noise,Phase 3B,F7F71204D643D1027D0FF4736F24213619BF6A09C2361C3C11F169797AC98A9C,E3E41FD0A915BE42A1C8872758FFCAFC04ECE3F11ABB0977B7E0016F2D6C8E0C,length,Melt-pool length,T0,rbf_learned_nugget,RBF + learned nugget,RBF,,True,140,sim_00142,142,444.9035999999,462.0557787488327,-17.152178748932727,17.152178748932727,294.1972358353394,11.286621077398923,127.38781534478562,20.35715863764593,414.4139077982823,20.35715863764593,total predictive variance including learned WhiteKernel nugget,4.497287256373692,4.287326953596549,4.287326953596549,439.93400143713086,484.1775560605346,422.1557478190467,501.9558096786187,True,True,2.54**2 * RBF(length_scale=2.78) + WhiteKernel(noise_level=0.0351),6.443288765992297,2.778009489312999,0.03510885191904332,0.1873735624869296,287.0260924534967,16.941844423010636,0.1873735624869296,0.04962812085742033,341.3759,False,1e-08,numerical jitter only; separate from WhiteKernel nugget,240,241,True,False,False,False,True,True,False,"[""P"",""VX"",""LS"",""ST""]",343.4498004124717,90.41747511307754,"[157.8019915844029,0.6159142524228416,6.474263494126581e-05,348.5449722983249]","[52.75321237549676,0.24017014893211627,1.3387319177851577e-05,32.48259539404725]",E98884AB106675C65E88BA824ECCD8B9FC8A49F7B4FA6FD660AD322C66D3BA37,248.695097131,0.887957223036,5.04400481913e-05,333.269518536,1175568946,fmin_l_bfgs_b,1,-24.601188120515957,0.602049499982968,0,0,,completed_without_convergence_warning,False,False,,False,,False,,False
phase3b_kernel_noise,Phase 3B,F7F71204D643D1027D0FF4736F24213619BF6A09C2361C3C11F169797AC98A9C,E3E41FD0A915BE42A1C8872758FFCAFC04ECE3F11ABB0977B7E0016F2D6C8E0C,length,Melt-pool length,T0,rbf_learned_nugget,RBF + learned nugget,RBF,,True,141,sim_00143,143,162.3146,169.3546754210147,-7.040075421014677,7.040075421014677,49.56266193357499,10.502344439701803,110.29923873013537,19.96183453898246,398.474838161713,19.96183453898246,total predictive variance including learned WhiteKernel nugget,3.4952106809926944,3.9749511643187474,3.9749511643187474,148.77008031919917,189.9392705228302,130.22947972460906,208.47987111742032,True,True,2.53**2 * RBF(length_scale=2.77) + WhiteKernel(noise_level=0.0357),6.409978452919555,2.765392902622043,0.035664801668383594,0.1888512686438288,288.17559943157767,16.97573560796638,0.1888512686438288,0.04972739905765575,341.3759,False,1e-08,numerical jitter only; separate from WhiteKernel nugget,240,241,True,False,False,False,True,True,False,"[""P"",""VX"",""LS"",""ST""]",344.6272545791379,89.88944437531109,"[158.61928538036832,0.6169760326095124,6.476530180872956e-05,348.6835952922249]","[52.63547846806576,0.2408063583329907,1.33584468578852e-05,32.34583139550507]",2379C70074348138FD30D39C7FF759434870ED86FBA60E6D8FBEE75F293876BE,52.5445860993,0.633129978235,4.5e-05,300.0,1730825702,fmin_l_bfgs_b,1,-26.681771581291912,0.5161984000005759,0,0,,completed_without_convergence_warning,False,False,,False,,False,,False
phase3b_kernel_noise,Phase 3B,F7F71204D643D1027D0FF4736F24213619BF6A09C2361C3C11F169797AC98A9C,E3E41FD0A915BE42A1C8872758FFCAFC04ECE3F11ABB0977B7E0016F2D6C8E0C,length,Melt-pool length,T0,rbf_learned_nugget,RBF + learned nugget,RBF,,True,142,sim_00144,144,174.86675,183.2272415299621,-8.360491529962104,8.360491529962104,69.89781862256808,9.72122340865926,94.50218456106475,19.565948733533315,382.8263498432539,19.565948733533315,total predictive variance including learned WhiteKernel nugget,3.5630711878327537,3.984021086229908,3.984021086229908,164.17364364898995,202.28083941093425,144.8779820122368,221.5765010476874,True,True,2.57**2 * RBF(length_scale=2.79) + WhiteKernel(noise_level=0.0356),6.61622686143001,2.7914315649288226,0.035602067311996596,0.1886851009274357,288.3241652821892,16.980110873671855,0.18868510092743568,0.04974021562058673,341.3759,False,1e-08,numerical jitter only; separate from WhiteKernel nugget,240,241,True,False,False,False,True,True,False,"[""P"",""VX"",""LS"",""ST""]",344.57495395413787,89.99179474272347,"[158.6155020598858,0.6179716076070166,6.476530180872956e-05,348.6835952922249]","[52.6430695644764,0.24037677773573574,1.33584468578852e-05,32.34583139550507]",EFEF0AA06E1E9DCD88134055C17618A6631DA03F86E31B2F7C1212D495B897D6,53.4525830151,0.394191978834,4.5e-05,300.0,597532371,fmin_l_bfgs_b,1,-26.2838977171823,0.4112621999811381,0,0,,completed_without_convergence_warning,False,False,,False,,False,,False
phase3b_kernel_noise,Phase 3B,F7F71204D643D1027D0FF4736F24213619BF6A09C2361C3C11F169797AC98A9C,E3E41FD0A915BE42A1C8872758FFCAFC04ECE3F11ABB0977B7E0016F2D6C8E0C,length,Melt-pool length,T0,rbf_learned_nugget,RBF + learned nugget,RBF,,True,143,sim_00145,145,173.65035,178.75335812907522,-5.103008129075221,5.103008129075221,26.040691965407785,10.984172250351088,120.65204002538289,20.220551962057023,408.87072165024813,20.220551962057023,total predictive variance including learned WhiteKernel nugget,3.423310384353089,3.9574826965905565,3.9574826965905565,157.22438051838708,200.28233573976337,139.12107628344347,218.38563997470698,True,True,2.56**2 * RBF(length_scale=2.79) + WhiteKernel(noise_level=0.0356),6.53264635138395,2.7882109322796382,0.03559663085487922,0.18867069421316926,288.21868162486527,16.977004495047566,0.18867069421316926,0.049731116036742976,341.3759,False,1e-08,numerical jitter only; separate from WhiteKernel nugget,240,241,True,False,False,False,True,True,False,"[""P"",""VX"",""LS"",""ST""]",344.58002228747125,89.98220187744752,"[158.60806965626082,0.61856277415835,6.476530180872956e-05,348.6835952922249]","[52.657788471426045,0.23965013882738187,1.33584468578852e-05,32.34583139550507]",35BA8C2F97B250C0A0BDAC44B5F1BFB1A0D42BE3A4D9605D13516CC7EEF3771F,55.2363598851,0.252312006514,4.5e-05,300.0,2168469782,fmin_l_bfgs_b,1,-26.141587435030402,0.37972910003736615,0,0,,completed_without_convergence_warning,False,False,,False,,False,,False
phase3b_kernel_noise,Phase 3B,F7F71204D643D1027D0FF4736F24213619BF6A09C2361C3C11F169797AC98A9C,E3E41FD0A915BE42A1C8872758FFCAFC04ECE3F11ABB0977B7E0016F2D6C8E0C,length,Melt-pool length,T0,rbf_learned_nugget,RBF + learned nugget,RBF,,True,144,sim_00146,146,178.49470000000002,178.7486709053852,-0.25397090538518796,0.25397090538518796,0.06450122078217209,11.224075429122157,125.97986923862373,20.349603834840824,414.10637623496837,20.349603834840824,total predictive variance including learned WhiteKernel nugget,3.3372555944501885,3.9320778573424215,3.9320778573424215,156.7494830643058,200.74785874646463,138.8634473890972,218.63389442167323,True,True,2.56**2 * RBF(length_scale=2.79) + WhiteKernel(noise_level=0.0356),6.529512672102447,2.7885296103818535,0.03555537647256617,0.18856133345032902,288.1265069963446,16.974289587383165,0.18856133345032902,0.0497231631974699,341.3759,False,1e-08,numerical jitter only; separate from WhiteKernel nugget,240,241,True,False,False,False,True,True,False,"[""P"",""VX"",""LS"",""ST""]",344.5598374958046,90.01999125051026,"[158.59077966129288,0.61868624926375,6.476530180872956e-05,348.6835952922249]","[52.691035612320455,0.23945368868574463,1.33584468578852e-05,32.34583139550507]",61652DF9CD4DE9DD99532F2B4AA4F8CA3B9B5D33A095327DF2CE8457DB35AA54,59.3859586774,0.222677981218,4.5e-05,300.0,4082785555,fmin_l_bfgs_b,1,-26.004779716699176,0.5022982000373304,0,0,,completed_without_convergence_warning,False,False,,False,,False,,False
phase3b_kernel_noise,Phase 3B,F7F71204D643D1027D0FF4736F24213619BF6A09C2361C3C11F169797AC98A9C,E3E41FD0A915BE42A1C8872758FFCAFC04ECE3F11ABB0977B7E0016F2D6C8E0C,length,Melt-pool length,T0,rbf_learned_nugget,RBF + learned nugget,RBF,,True,145,sim_00147,147,180.8454499999,183.44327821738474,-2.5978282174847322,2.5978282174847322,6.748711447559901,11.623056587598555,135.09544443851817,20.574500918049104,423.31008802680344,20.574500918049104,total predictive variance including learned WhiteKernel nugget,3.3969068639888897,3.9509623794978026,3.9509623794978026,160.66208730569159,206.2244691290779,143.1172564180085,223.76930001676098,True,True,2.55**2 * RBF(length_scale=2.78) + WhiteKernel(noise_level=0.0356),6.502671282167916,2.7798461448300618,0.03555208194247681,0.18855259728382637,288.2146435882853,16.97688556797993,0.18855259728382637,0.04973076766104441,341.3759,False,1e-08,numerical jitter only; separate from WhiteKernel nugget,240,241,True,False,False,False,True,True,False,"[""P"",""VX"",""LS"",""ST""]",344.5500427041383,90.0379300658733,"[158.57390272073542,0.6159559617290333,6.476530180872956e-05,348.6835952922249]","[52.7221503481393,0.24021651613832115,1.33584468578852e-05,32.34583139550507]",5FA3ED1537B663911FDFE7CF7D5EBD9FAAA70E4EC8DB1DD6473B21BCD493BCB7,63.4364244112,0.87794698955,4.5e-05,300.0,4283149086,fmin_l_bfgs_b,1,-26.12801249255952,0.8972180000273511,0,0,,completed_without_convergence_warning,False,False,,False,,False,,False
phase3b_kernel_noise,Phase 3B,F7F71204D643D1027D0FF4736F24213619BF6A09C2361C3C11F169797AC98A9C,E3E41FD0A915BE42A1C8872758FFCAFC04ECE3F11ABB0977B7E0016F2D6C8E0C,length,Melt-pool length,T0,rbf_learned_nugget,RBF + learned nugget,RBF,,True,146,sim_00148,148,198.3827,194.28275932976223,4.099940670237771,4.099940670237771,16.809513499469745,6.646302019669054,44.17333053665695,18.236528114543074,332.57095767251997,18.236528114543074,total predictive variance including learned WhiteKernel nugget,3.00326681756942,3.8476372258195752,3.8476372258195752,181.25600737121087,207.3095112883136,158.53916422525782,230.02635443426664,True,True,2.56**2 * RBF(length_scale=2.78) + WhiteKernel(noise_level=0.0355),6.575993720914927,2.784365262736283,0.03547559110598776,0.1883496511968837,288.397627135863,16.982273909458147,0.18834965119688368,0.049746551849319615,341.3759,False,1e-08,numerical jitter only; separate from WhiteKernel nugget,240,241,True,False,False,False,True,True,False,"[""P"",""VX"",""LS"",""ST""]",344.4769708291379,90.16355380295562,"[158.55780140512417,0.6169514116475291,6.476530180872956e-05,348.6835952922249]","[52.750605064221055,0.2408044033443286,1.33584468578852e-05,32.34583139550507]",660147E0BB218F26E79C1C005700D183B2848C394732B0A9D9B1D0717F11348E,67.3007401579,0.639039009111,4.5e-05,300.0,1295996622,fmin_l_bfgs_b,1,-26.041301375400764,0.4947116000112146,0,0,,completed_without_convergence_warning,False,False,,False,,False,,False
phase3b_kernel_noise,Phase 3B,F7F71204D643D1027D0FF4736F24213619BF6A09C2361C3C11F169797AC98A9C,E3E41FD0A915BE42A1C8872758FFCAFC04ECE3F11ABB0977B7E0016F2D6C8E0C,length,Melt-pool length,T0,rbf_learned_nugget,RBF + learned nugget,RBF,,True,147,sim_00149,149,208.45039999990001,209.92618385902887,-1.4757838591288532,1.4757838591288532,2.177937998865251,6.254586465383043,39.11985185295275,18.097973986092054,327.5366624012647,18.097973986092054,total predictive variance including learned WhiteKernel nugget,2.7800902985716984,3.818063254732316,3.818063254732316,197.6671943868781,222.18517333117964,174.45415484628845,245.3982128717693,True,True,2.56**2 * RBF(length_scale=2.78) + WhiteKernel(noise_level=0.0354),6.538507771731387,2.7817556875202007,0.035426385915476914,0.18821898394018843,288.41681054831196,16.98283870700985,0.18821898394018846,0.04974820632332233,341.3759,False,1e-08,numerical jitter only; separate from WhiteKernel nugget,240,241,True,False,False,False,True,True,False,"[""P"",""VX"",""LS"",""ST""]",344.4350220791383,90.22914878982981,"[158.53963807364417,0.6173736856002167,6.476530180872956e-05,348.6835952922249]","[52.78126458938771,0.24075390073481917,1.33584468578852e-05,32.34583139550507]",BCCC21D431BBA4B3282DEC9AF928B63D90182874F537525B945F9767F1D3B99B,71.6599397131,0.537693260466,4.5e-05,300.0,693339562,fmin_l_bfgs_b,1,-25.87371999264164,0.5013942000223324,0,0,,completed_without_convergence_warning,False,False,,False,,False,,False
phase3b_kernel_noise,Phase 3B,F7F71204D643D1027D0FF4736F24213619BF6A09C2361C3C11F169797AC98A9C,E3E41FD0A915BE42A1C8872758FFCAFC04ECE3F11ABB0977B7E0016F2D6C8E0C,length,Melt-pool length,T0,rbf_learned_nugget,RBF + learned nugget,RBF,,True,148,sim_00150,150,209.8610999999,208.2064013629532,1.6546986369468186,1.6546986369468186,2.7380275791136595,6.114525772859724,37.387425426965805,18.05085710609961,325.8334422648268,18.05085710609961,total predictive variance including learned WhiteKernel nugget,2.7662227059621163,3.816333277401741,3.816333277401741,196.22193084814813,220.19087187775824,172.82672143499795,243.58608129090842,True,True,2.55**2 * RBF(length_scale=2.78) + WhiteKernel(noise_level=0.0354),6.522695128119813,2.780378472406094,0.035423053953687396,0.1882101324416074,288.44601683786095,16.983698561793336,0.18821013244160742,0.049750725115022286,341.3759,False,1e-08,numerical jitter only; separate from WhiteKernel nugget,240,241,True,False,False,False,True,True,False,"[""P"",""VX"",""LS"",""ST""]",344.4291441624717,90.23796084444372,"[158.5387290568912,0.6172487292996999,6.476530180872956e-05,348.6835952922249]","[52.782758953246145,0.240787439183944,1.33584468578852e-05,32.34583139550507]",C02729DE8D9F1884621A78E7BD77E1296AEC3655BE7F018CC45966A19A345590,71.8781037338,0.56768277259,4.5e-05,300.0,1940794417,fmin_l_bfgs_b,1,-25.860326666662274,0.4458094000001438,0,0,,completed_without_convergence_warning,False,False,,False,,False,,False
phase3b_kernel_noise,Phase 3B,F7F71204D643D1027D0FF4736F24213619BF6A09C2361C3C11F169797AC98A9C,E3E41FD0A915BE42A1C8872758FFCAFC04ECE3F11ABB0977B7E0016F2D6C8E0C,length,Melt-pool length,T0,rbf_learned_nugget,RBF + learned nugget,RBF,,True,149,sim_00151,151,201.0758499999,208.27749822160953,-7.201648221709547,7.201648221709547,51.863737109252284,14.89506218698796,221.86287755423857,22.578570744491618,509.79185686401274,22.578570744491618,total predictive variance including learned WhiteKernel nugget,3.7368507077054223,4.0868073538629766,4.0868073538629766,179.08317633511314,237.47182010810593,164.02349956240596,252.5314968808131,True,True,2.56**2 * RBF(length_scale=2.79) + WhiteKernel(noise_level=0.0354),6.570022338020652,2.7900038025051845,0.03540379614311633,0.18815896508834315,287.92897930977415,16.968470152308196,0.18815896508834312,0.0497061161971545,341.3759,False,1e-08,numerical jitter only; separate from WhiteKernel nugget,240,241,True,False,False,False,True,True,False,"[""P"",""VX"",""LS"",""ST""]",344.465749370805,90.1815661259684,"[158.5345702302529,0.6156298385336458,6.476530180872956e-05,348.6835952922249]","[52.78954714196234,0.23980713093176642,1.33584468578852e-05,32.34583139550507]",38ED045BFF67BF12D79FB7DD2A5F13FEED153E42D3DC8303557C79AD237ED392,72.876222127,0.956216556443,4.5e-05,300.0,682701416,fmin_l_bfgs_b,1,-25.481750092140544,0.46881769999163225,0,0,,completed_without_convergence_warning,False,False,,False,,False,,False
phase3b_kernel_noise,Phase 3B,F7F71204D643D1027D0FF4736F24213619BF6A09C2361C3C11F169797AC98A9C,E3E41FD0A915BE42A1C8872758FFCAFC04ECE3F11ABB0977B7E0016F2D6C8E0C,length,Melt-pool length,T0,rbf_learned_nugget,RBF + learned nugget,RBF,,True,150,sim_00152,152,194.41685,189.4621875064632,4.9546624935368015,4.9546624935368015,24.548680424860315,10.05856179373995,101.17466535848503,19.726073016276604,389.11795664347596,19.726073016276604,total predictive variance including learned WhiteKernel nugget,3.348681042677969,3.9324238059613896,3.9324238059613896,169.74740639073292,209.1769686221935,150.79908439456108,228.12529061836534,True,True,2.56**2 * RBF(length_scale=2.79) + WhiteKernel(noise_level=0.0354),6.536492651489858,2.790751481957721,0.035441039513504545,0.1882579069083276,287.94329128499095,16.968891869682913,0.18825790690832758,0.049707351543219404,341.3759,False,1e-08,numerical jitter only; separate from WhiteKernel nugget,240,241,True,False,False,False,True,True,False,"[""P"",""VX"",""LS"",""ST""]",344.4934952041379,90.13640993015999,"[158.52773642556625,0.6187765644682084,6.476530180872956e-05,348.6835952922249]","[52.80052819225635,0.23930017152585648,1.33584468578852e-05,32.34583139550507]",CC67CEC6541F00532A82C607AB7DE84320E1DF1C15ED639F210821024FA7116E,74.5163352518,0.201002332148,4.5e-05,300.0,1419903107,fmin_l_bfgs_b,1,-25.621052477455663,0.39354160003131256,0,0,,completed_without_convergence_warning,False,False,,False,,False,,False
phase3b_kernel_noise,Phase 3B,F7F71204D643D1027D0FF4736F24213619BF6A09C2361C3C11F169797AC98A9C,E3E41FD0A915BE42A1C8872758FFCAFC04ECE3F11ABB0977B7E0016F2D6C8E0C,length,Melt-pool length,T0,rbf_learned_nugget,RBF + learned nugget,RBF,,True,151,sim_00153,153,209.6054499999,212.28032858731427,-2.6748785874142698,2.6748785874142698,7.154975457407359,8.119126733314927,65.9202189116291,18.81869299830873,354.143206164594,18.81869299830873,total predictive variance including learned WhiteKernel nugget,3.0674310977287464,3.8638910284445678,3.8638910284445678,196.36684019001703,228.19381698461152,175.39569031062916,249.16496686399938,True,True,2.55**2 * RBF(length_scale=2.77) + WhiteKernel(noise_level=0.0354),6.482791703672489,2.77429315377397,0.03539691186933465,0.18814067042863075,288.22298725296486,16.977131302224322,0.18814067042863075,0.04973148749582007,341.3759,False,1e-08,numerical jitter only; separate from WhiteKernel nugget,240,241,True,False,False,False,True,True,False,"[""P"",""VX"",""LS"",""ST""]",344.43020937080496,90.23637081523223,"[158.52035986708916,0.6167259820897583,6.470374909568123e-05,348.46355861524154]","[52.81213964352372,0.24075829169594928,1.3415223921481358e-05,32.496290129464626]",E8CC386701C8F8821F68439515B6D21A49F3E62E5D6DC7F10CE7BA281539DB25,76.2867092863,0.693142102976,5.97726511316e-05,352.808802476,3667955922,fmin_l_bfgs_b,1,-25.5915777838932,0.4463316000183113,0,0,,completed_without_convergence_warning,False,False,,False,,False,,False
phase3b_kernel_noise,Phase 3B,F7F71204D643D1027D0FF4736F24213619BF6A09C2361C3C11F169797AC98A9C,E3E41FD0A915BE42A1C8872758FFCAFC04ECE3F11ABB0977B7E0016F2D6C8E0C,length,Melt-pool length,T0,rbf_learned_nugget,RBF + learned nugget,RBF,,True,152,sim_00154,154,278.4372999999,230.26224848493516,48.17505151496485,48.17505151496485,2320.835588469517,17.05348827550874,290.8214623629141,23.97109296353409,574.6132978663936,23.97109296353409,total predictive variance including learned WhiteKernel nugget,7.745431396503663,6.115263229812272,6.115263229812272,196.83741146493801,263.68708550493227,183.27890627640835,277.24559069346196,False,False,2.63**2 * RBF(length_scale=2.84) + WhiteKernel(noise_level=0.0346),6.937950583825155,2.841379271338577,0.03460827613968958,0.18603299744854293,283.7918355034796,16.846122269041015,0.18603299744854293,0.04934771982744246,341.3759,False,1e-08,numerical jitter only; separate from WhiteKernel nugget,240,241,True,False,False,False,True,True,False,"[""P"",""VX"",""LS"",""ST""]",344.14340999580503,90.5544849574371,"[158.51679945610496,0.6156006860659833,6.459511019410373e-05,348.4872998957165]","[52.81765433895932,0.23976529636577876,1.3348980109382722e-05,32.4973746050468]",36B75473FAA89623A2AD1D2592E12CC44414CD18B51AB03792256A9280574B2E,77.1412079225,0.963213148682,8.58459875102e-05,347.110895162,1356049740,fmin_l_bfgs_b,1,-22.367140782760515,0.6049484999966808,0,0,,completed_without_convergence_warning,False,False,,False,,False,,False
phase3b_kernel_noise,Phase 3B,F7F71204D643D1027D0FF4736F24213619BF6A09C2361C3C11F169797AC98A9C,E3E41FD0A915BE42A1C8872758FFCAFC04ECE3F11ABB0977B7E0016F2D6C8E0C,length,Melt-pool length,T0,rbf_learned_nugget,RBF + learned nugget,RBF,,True,153,sim_00155,155,216.4451999999,225.16911751748415,-8.723917517584141,8.723917517584141,76.10673685361144,10.453456564349178,109.27475414273492,19.917427904493636,396.7039343307017,19.917427904493636,total predictive variance including learned WhiteKernel nugget,3.614106909647145,4.006457505097551,4.006457505097551,204.68034265135975,245.65789238360856,186.1309588246766,264.2072762102917,True,True,2.53**2 * RBF(length_scale=2.77) + WhiteKernel(noise_level=0.0353),6.4176772803232955,2.7688207331012196,0.035266987652324666,0.18779506823216807,287.42918018796684,16.95373646686673,0.18779506823216807,0.04966295648540723,341.3759,False,1e-08,numerical jitter only; separate from WhiteKernel nugget,240,241,True,False,False,False,True,True,False,"[""P"",""VX"",""LS"",""ST""]",344.40171041247163,90.27785780778382,"[158.51649355477457,0.616051139848804,6.473719691338748e-05,348.39452970507074]","[52.818125422259065,0.24031575700259766,1.3392861666318858e-05,32.46937964584759]",1501CB1DA27D28F6534DBF227A04DCB713CA5E88CBE9711BB801B500773E8754,77.2146242418,0.855104240805,5.17451748821e-05,369.375740917,2898984097,fmin_l_bfgs_b,1,-25.279099771711486,1.1649292999645695,0,0,,completed_without_convergence_warning,False,False,,False,,False,,False
phase3b_kernel_noise,Phase 3B,F7F71204D643D1027D0FF4736F24213619BF6A09C2361C3C11F169797AC98A9C,E3E41FD0A915BE42A1C8872758FFCAFC04ECE3F11ABB0977B7E0016F2D6C8E0C,length,Melt-pool length,T0,rbf_learned_nugget,RBF + learned nugget,RBF,,True,154,sim_00156,156,239.4717499999,238.89033394327424,0.5814160566257556,0.5814160566257556,0.3380446309022438,8.92537840873254,79.662379739069,19.17789715466694,367.7917392749823,19.17789715466694,total predictive variance including learned WhiteKernel nugget,3.1099589919036874,3.8731565190963506,3.8731565190963506,221.39659226215846,256.38407562439,201.30165552012704,276.47901236642144,True,True,2.54**2 * RBF(length_scale=2.78) + WhiteKernel(noise_level=0.0353),6.460833996603087,2.7758136276772216,0.03525628050902802,0.18776655854818244,288.1293595359133,16.97437361247576,0.18776655854818247,0.0497234093340384,341.3759,False,1e-08,numerical jitter only; separate from WhiteKernel nugget,240,241,True,False,False,False,True,True,False,"[""P"",""VX"",""LS"",""ST""]",344.30576645413834,90.40147374336625,"[158.514857943725,0.61780885008325,6.464078861053956e-05,348.4993956187374]","[52.820636922174856,0.24051497836586094,1.3402754643563762e-05,32.49631977824076]",0DAB7C107CA8232447E269B1C921A6E881D2F58D4B5A89A580DF6C27733AB1FA,77.6071708937,0.433253784538,7.48831675656e-05,344.207921637,1076683491,fmin_l_bfgs_b,1,-25.097821557899948,0.5757856999989599,0,0,,completed_without_convergence_warning,False,False,,False,,False,,False
phase3b_kernel_noise,Phase 3B,F7F71204D643D1027D0FF4736F24213619BF6A09C2361C3C11F169797AC98A9C,E3E41FD0A915BE42A1C8872758FFCAFC04ECE3F11ABB0977B7E0016F2D6C8E0C,length,Melt-pool length,T0,rbf_learned_nugget,RBF + learned nugget,RBF,,True,155,sim_00157,157,217.60660000000001,204.98693115814848,12.619668841851535,12.619668841851535,159.25604167799847,6.937919164545811,48.13472233377204,18.327048633578332,335.88071161754544,18.327048633578332,total predictive variance including learned WhiteKernel nugget,4.510214455185551,4.064388893042566,4.064388893042566,191.38860959563868,218.58525272065827,169.06591583633497,240.907946479962,True,True,2.58**2 * RBF(length_scale=2.79) + WhiteKernel(noise_level=0.0353),6.640933100451471,2.7940361051472005,0.03530052003017464,0.1878843261961323,287.7459892837733,16.963077235094268,0.1878843261961323,0.04969031860507513,341.3759,False,1e-08,numerical jitter only; separate from WhiteKernel nugget,240,241,True,False,False,False,True,True,False,"[""P"",""VX"",""LS"",""ST""]",344.39687124580456,90.28468514923658,"[158.51245538728207,0.6162613935049667,6.476530180872956e-05,348.6835952922249]","[52.82430372768733,0.24050266703330866,1.33584468578852e-05,32.34583139550507]",4CF36073511DE238C8BAD61C691F31B7A397E9EA0F52F7C25BDA0ECAF7BE31A3,78.18378444,0.804643363326,4.5e-05,300.0,2741029262,fmin_l_bfgs_b,1,-25.400770523029706,0.49927269999170676,0,0,,completed_without_convergence_warning,False,False,,False,,False,,False
phase3b_kernel_noise,Phase 3B,F7F71204D643D1027D0FF4736F24213619BF6A09C2361C3C11F169797AC98A9C,E3E41FD0A915BE42A1C8872758FFCAFC04ECE3F11ABB0977B7E0016F2D6C8E0C,length,Melt-pool length,T0,rbf_learned_nugget,RBF + learned nugget,RBF,,True,156,sim_00158,158,219.0712,227.0730736623124,-8.001873662312391,8.001873662312391,64.02998210760872,10.342961140823753,106.9768451605902,19.873411009308732,394.9524651449135,19.873411009308732,total predictive variance including learned WhiteKernel nugget,3.5545150246099606,3.9893816065128433,3.9893816065128433,206.80086982629786,247.34527749832694,188.12118808406728,266.0249592405575,True,True,2.53**2 * RBF(length_scale=2.77) + WhiteKernel(noise_level=0.0353),6.381189963120211,2.768801185830739,0.0353220242358359,0.1879415447308974,287.9756199843234,16.969844430174465,0.18794154473089736,0.04971014189980741,341.3759,False,1e-08,numerical jitter only; separate from WhiteKernel nugget,240,241,True,False,False,False,True,True,False,"[""P"",""VX"",""LS"",""ST""]",344.3907687458046,90.29320502006411,"[158.51192539749835,0.6161980870226957,6.460170984870373e-05,348.4362289855957]","[52.825109023745156,0.2404510665232974,1.3359089415073162e-05,32.489865487275154]",B220A5F4055480B54D9ACB1873ACDC9999EAF66EB85F974FCF2611D4EE7127BA,78.3109819881,0.819836919071,8.42620704062e-05,359.367913591,594588849,fmin_l_bfgs_b,1,-25.330606978057943,1.1089154999936,0,0,,completed_without_convergence_warning,False,False,,False,,False,,False
phase3b_kernel_noise,Phase 3B,F7F71204D643D1027D0FF4736F24213619BF6A09C2361C3C11F169797AC98A9C,E3E41FD0A915BE42A1C8872758FFCAFC04ECE3F11ABB0977B7E0016F2D6C8E0C,length,Melt-pool length,T0,rbf_learned_nugget,RBF + learned nugget,RBF,,True,157,sim_00159,159,219.6081499999,219.20580571839378,0.402344281506231,0.402344281506231,0.16188092086076528,12.076266928081154,145.83622291826663,20.83028617378063,433.9008220815966,20.83028617378063,total predictive variance including learned WhiteKernel nugget,3.41073565812262,3.9555330683081094,3.9555330683081094,195.53632253935473,242.87528889743282,178.37844481778373,260.0331666190038,True,True,2.55**2 * RBF(length_scale=2.78) + WhiteKernel(noise_level=0.0353),6.489858146829646,2.7753381937134716,0.03533051329223463,0.18796412767396506,288.06459916332983,16.972465912863985,0.18796412767396506,0.04971782106722819,341.3759,False,1e-08,numerical jitter only; separate from WhiteKernel nugget,240,241,True,False,False,False,True,True,False,"[""P"",""VX"",""LS"",""ST""]",344.38853145413833,90.29630346437025,"[158.5085062155304,0.6165384238127916,6.476070756186039e-05,348.3892282075291]","[52.8302732259214,0.2406811420626274,1.3365052524951543e-05,32.465849401959254]",722CFDFF357766572042EA2590E96355D080EC539E6F70E62163FC21C85FF5A8,79.1315856604,0.738156089448,4.61026192486e-05,370.648100327,3070301579,fmin_l_bfgs_b,1,-25.422164297035323,0.5564668999868445,0,0,,completed_without_convergence_warning,False,False,,False,,False,,False
phase3b_kernel_noise,Phase 3B,F7F71204D643D1027D0FF4736F24213619BF6A09C2361C3C11F169797AC98A9C,E3E41FD0A915BE42A1C8872758FFCAFC04ECE3F11ABB0977B7E0016F2D6C8E0C,length,Melt-pool length,T0,rbf_learned_nugget,RBF + learned nugget,RBF,,True,158,sim_00160,160,224.02679999990002,236.51425241845158,-12.487452418551555,12.487452418551555,155.9364679055891,7.152496381813754,51.15820449185885,18.41033807331173,338.9405479736315,18.41033807331173,total predictive variance including learned WhiteKernel nugget,4.410461162045566,4.061886024616104,4.061886024616104,222.49535951009662,250.53314532680653,200.4299897947606,272.5985150421426,True,True,2.56**2 * RBF(length_scale=2.78) + WhiteKernel(noise_level=0.0353),6.53238542368772,2.781213618409769,0.03527636948566397,0.1878200454841388,287.7823434817727,16.964148769737097,0.18782004548413878,0.04969345747528486,341.3759,False,1e-08,numerical jitter only; separate from WhiteKernel nugget,240,241,True,False,False,False,True,True,False,"[""P"",""VX"",""LS"",""ST""]",344.3701204124717,90.32128986024392,"[158.49395450356,0.6172499738088124,6.469045321143956e-05,348.39935883388324]","[52.85164970922019,0.24078718222723242,1.3418522846025678e-05,32.47241346577807]",EF97F853B38E07C501D74EB5D5C8266EA082D47F93C96A375689020D9A6CA7C7,82.6239965333,0.567384090403,6.29636633496e-05,368.216750002,2196173301,fmin_l_bfgs_b,1,-25.174992493106885,0.6056912000058219,0,0,,completed_without_convergence_warning,False,False,,False,,False,,False
phase3b_kernel_noise,Phase 3B,F7F71204D643D1027D0FF4736F24213619BF6A09C2361C3C11F169797AC98A9C,E3E41FD0A915BE42A1C8872758FFCAFC04ECE3F11ABB0977B7E0016F2D6C8E0C,length,Melt-pool length,T0,rbf_learned_nugget,RBF + learned nugget,RBF,,True,159,sim_00161,161,244.6236,243.90747236916843,0.7161276308315792,0.7161276308315792,0.5128387836404505,11.155578510006956,124.44693189292902,20.307451855028486,412.39260084429986,20.307451855028486,total predictive variance including learned WhiteKernel nugget,3.332938692578309,3.9305482230041617,3.9305482230041617,222.0425384895548,265.7724062487821,204.1048667333126,283.7100780050243,True,True,2.54**2 * RBF(length_scale=2.78) + WhiteKernel(noise_level=0.0352),6.443216177129133,2.7772776249294613,0.03521488850571805,0.18765630419924093,287.94566895137086,16.968961929103703,0.18765630419924093,0.04970755676983555,341.3759,False,1e-08,numerical jitter only; separate from WhiteKernel nugget,240,241,True,False,False,False,True,True,False,"[""P"",""VX"",""LS"",""ST""]",344.2843004124713,90.42574935871694,"[158.4906668152208,0.6182703534487292,6.463017719195205e-05,348.38659107112903]","[52.85634442141015,0.24005370186631128,1.3393629924835615e-05,32.46401549400839]",F2AB502426C2EAC7BA0FF458B58F7A76340B05460B38C34795D42CAA32AA328A,83.4130417347,0.322492976823,7.74299080266e-05,371.281013063,2742830,fmin_l_bfgs_b,1,-24.88453515077552,0.9683136999956332,0,0,,completed_without_convergence_warning,False,False,,False,,False,,False
phase3b_kernel_noise,Phase 3B,F7F71204D643D1027D0FF4736F24213619BF6A09C2361C3C11F169797AC98A9C,E3E41FD0A915BE42A1C8872758FFCAFC04ECE3F11ABB0977B7E0016F2D6C8E0C,length,Melt-pool length,T0,rbf_learned_nugget,RBF + learned nugget,RBF,,True,160,sim_00162,162,255.64244999999997,250.01008348015546,5.63236651984451,5.63236651984451,31.723552613865355,11.350343317570513,128.8302934267176,20.412695556189494,416.6781398696783,20.412695556189494,total predictive variance including learned WhiteKernel nugget,3.4713080042309943,3.9731627866025696,3.9731627866025696,227.76341057771725,272.25675638259366,210.00120019002406,290.01896677028685,True,True,2.55**2 * RBF(length_scale=2.78) + WhiteKernel(noise_level=0.0352),6.4904028539926815,2.777734730467199,0.035165753527110336,0.1875253410265139,287.84784644296064,16.966079289068546,0.1875253410265139,0.04969911258840635,341.3759,False,1e-08,numerical jitter only; separate from WhiteKernel nugget,240,241,True,False,False,False,True,True,False,"[""P"",""VX"",""LS"",""ST""]",344.2383885374712,90.47352851724578,"[158.4802331801646,0.6177924446141667,6.46403629490579e-05,348.5996524045874]","[52.870914265201044,0.24052743165920865,1.3402427720265137e-05,32.44576871310779]",791314122386F5F18621058104AC3D03213D0D300711247C660A49D91D80E6B5,85.9171141482,0.437191097118,7.49853263212e-05,320.146293033,1191133241,fmin_l_bfgs_b,1,-24.832444080237934,0.6079836999997497,0,0,,completed_without_convergence_warning,False,False,,False,,False,,False
phase3b_kernel_noise,Phase 3B,F7F71204D643D1027D0FF4736F24213619BF6A09C2361C3C11F169797AC98A9C,E3E41FD0A915BE42A1C8872758FFCAFC04ECE3F11ABB0977B7E0016F2D6C8E0C,length,Melt-pool length,T0,rbf_learned_nugget,RBF + learned nugget,RBF,,True,161,sim_00163,163,240.3246,244.97239517780645,-4.647795177806444,4.647795177806444,21.602000014840833,8.102745551616279,65.65448547423739,18.808545780819596,353.76139438918665,18.808545780819596,total predictive variance including learned WhiteKernel nugget,3.1756542452351413,3.8837817413389506,3.8837817413389506,229.09101389663854,260.8537764589744,208.10764544740005,281.83714490821285,True,True,2.55**2 * RBF(length_scale=2.78) + WhiteKernel(noise_level=0.0353),6.5054680411835815,2.778597316850068,0.035250332813776625,0.18775071987552172,288.1069089149492,16.97371229033146,0.18775071987552172,0.04972147210840443,341.3759,False,1e-08,numerical jitter only; separate from WhiteKernel nugget,240,241,True,False,False,False,True,True,False,"[""P"",""VX"",""LS"",""ST""]",344.30221291247125,90.40557768079393,"[158.4693201373554,0.617524950571125,6.472038525810122e-05,348.655645771554]","[52.88561848283193,0.24069237765583332,1.3406620161408745e-05,32.38496428324818]",F8DCA325D9A8DCD0453579C18AC0B34A95CDD7C8930184A192E318EE72A4B568,88.5362444224,0.501389667448,5.57799721508e-05,306.707884961,1019216504,fmin_l_bfgs_b,1,-25.17988987761933,1.5245813999790698,0,0,,completed_without_convergence_warning,False,False,,False,,False,,False
phase3b_kernel_noise,Phase 3B,F7F71204D643D1027D0FF4736F24213619BF6A09C2361C3C11F169797AC98A9C,E3E41FD0A915BE42A1C8872758FFCAFC04ECE3F11ABB0977B7E0016F2D6C8E0C,length,Melt-pool length,T0,rbf_learned_nugget,RBF + learned nugget,RBF,,True,162,sim_00164,164,211.0517999999,214.52894050577484,-3.477140505874843,3.477140505874843,12.090506097595558,16.724808572222063,279.7192217774726,23.81708700847863,567.2536335694415,23.81708700847863,total predictive variance including learned WhiteKernel nugget,3.7574435549350693,4.0999988526010664,4.0999988526010664,181.7483157042196,247.30956530733008,167.84744996915674,261.21043104239294,True,True,2.53**2 * RBF(length_scale=2.77) + WhiteKernel(noise_level=0.0353),6.394936900189254,2.770905767355497,0.03530533933766102,0.1878971509567429,287.5344117919689,16.95683967583491,0.1878971509567429,0.049672046784307006,341.3759,False,1e-08,numerical jitter only; separate from WhiteKernel nugget,240,241,True,False,False,False,True,True,False,"[""P"",""VX"",""LS"",""ST""]",344.4241829124716,90.24532617707791,"[158.46359962686498,0.6185523146762334,6.474961651653331e-05,348.34888885198325]","[52.89310788331746,0.23966606823058528,1.3379419220619328e-05,32.43213514014666]",D7A086D11CBD5107442FB28A42D668EB1D78246A79B396FD3E8BCDECF1C7704B,89.9091669401,0.254822282222,4.87644701271e-05,380.329545658,1065189441,fmin_l_bfgs_b,1,-25.131708818175355,0.998320699960459,0,0,,completed_without_convergence_warning,False,False,,False,,False,,False
phase3b_kernel_noise,Phase 3B,F7F71204D643D1027D0FF4736F24213619BF6A09C2361C3C11F169797AC98A9C,E3E41FD0A915BE42A1C8872758FFCAFC04ECE3F11ABB0977B7E0016F2D6C8E0C,length,Melt-pool length,T0,rbf_learned_nugget,RBF + learned nugget,RBF,,True,163,sim_00165,165,249.1196,249.08316430315625,0.03643569684373915,0.03643569684373915,0.0013275600044888633,7.7507834922575665,60.074644743852396,18.66241046704757,348.28556444056676,18.66241046704757,total predictive variance including learned WhiteKernel nugget,2.9667435164891565,3.8454518044293247,3.8454518044293247,233.89162865833143,264.2746999479811,212.504839787743,285.6614888185695,True,True,2.54**2 * RBF(length_scale=2.78) + WhiteKernel(noise_level=0.0352),6.4648086971749645,2.7764871305679666,0.03523160372775099,0.18770083571404522,288.21091969671437,16.97677589228044,0.1877008357140452,0.04973044638558387,341.3759,False,1e-08,numerical jitter only; separate from WhiteKernel nugget,240,241,True,False,False,False,True,True,False,"[""P"",""VX"",""LS"",""ST""]",344.26556707913795,90.44592597415968,"[158.46290374052376,0.6163757782827416,6.47277707232904e-05,348.33016352378735]","[52.89400870643865,0.2405856930392869,1.3401203698346621e-05,32.41236167609124]",AB5625EA9F914489B51CFDEE02661B23206A5DA75B74874FB52828EC7AFCAD19,90.076179662,0.77719101666,5.40074605054e-05,384.823624425,377346775,fmin_l_bfgs_b,1,-25.06937823104508,0.6205525000113994,0,0,,completed_without_convergence_warning,False,False,,False,,False,,False
phase3b_kernel_noise,Phase 3B,F7F71204D643D1027D0FF4736F24213619BF6A09C2361C3C11F169797AC98A9C,E3E41FD0A915BE42A1C8872758FFCAFC04ECE3F11ABB0977B7E0016F2D6C8E0C,length,Melt-pool length,T0,rbf_learned_nugget,RBF + learned nugget,RBF,,True,164,sim_00166,166,242.30215,251.28053986676588,-8.978389866765866,8.978389866765866,80.61148459964399,6.481770332304137,42.013346640738085,18.174606692449146,330.3163284252173,18.174606692449146,total predictive variance including learned WhiteKernel nugget,3.7472878753139436,3.940985562979509,3.940985562979509,238.57627001544978,263.984809718082,215.65831074956554,286.9027689839662,True,True,2.55**2 * RBF(length_scale=2.78) + WhiteKernel(noise_level=0.0353),6.524824454020843,2.7831693057575415,0.035266999501794585,0.1877950997811034,288.30298178447924,16.979487088380473,0.1877950997811034,0.04973838835248907,341.3759,False,1e-08,numerical jitter only; separate from WhiteKernel nugget,240,241,True,False,False,False,True,True,False,"[""P"",""VX"",""LS"",""ST""]",344.2939731208046,90.41496347972871,"[158.46173051493997,0.6170864694595832,6.462793664565164e-05,348.49583352181236]","[52.89552241370643,0.2408076636811133,1.3391443385715175e-05,32.496743136588556]",C2181C481EA86A5962F5CF86D63A42AC3619785287D6DB9D37F7534E4F63C4BC,90.3577538021,0.606625134218,7.79676391387e-05,345.062824899,3533385988,fmin_l_bfgs_b,1,-25.067263849411432,0.42421580001246184,0,0,,completed_without_convergence_warning,False,False,,False,,False,,False
phase3b_kernel_noise,Phase 3B,F7F71204D643D1027D0FF4736F24213619BF6A09C2361C3C11F169797AC98A9C,E3E41FD0A915BE42A1C8872758FFCAFC04ECE3F11ABB0977B7E0016F2D6C8E0C,length,Melt-pool length,T0,rbf_learned_nugget,RBF + learned nugget,RBF,,True,165,sim_00167,167,237.6539,234.37062718810108,3.283272811898911,3.283272811898911,10.779880357354582,5.418112171423781,29.355939502130518,17.822023869265685,317.6245347966758,17.822023869265685,total predictive variance including learned WhiteKernel nugget,2.7922924417189634,3.8163430551932844,3.8163430551932844,223.75112733211049,244.99012704409168,199.43946040434034,269.3017939718618,True,True,2.55**2 * RBF(length_scale=2.78) + WhiteKernel(noise_level=0.0353),6.491909930557542,2.778161027459783,0.03528023327880311,0.18783033109379088,288.26859529454526,16.978474469001778,0.18783033109379085,0.04973542206407007,341.3759,False,1e-08,numerical jitter only; separate from WhiteKernel nugget,240,241,True,False,False,False,True,True,False,"[""P"",""VX"",""LS"",""ST""]",344.3133408291379,90.39261321710484,"[158.45789160420625,0.6166232175571249,6.475268890480247e-05,348.6603595543999]","[52.90043128292588,0.2407203859130037,1.3375662921600945e-05,32.378775322688796]",FD82E14550A4844CE15E0514FA71D1A6B58072264EC70F21A04A545CD0F54DD6,91.2790923782,0.717805590808,4.80270969425e-05,305.576577078,2193362096,fmin_l_bfgs_b,1,-25.34182928548617,0.44024279998848215,0,0,,completed_without_convergence_warning,False,False,,False,,False,,False
phase3b_kernel_noise,Phase 3B,F7F71204D643D1027D0FF4736F24213619BF6A09C2361C3C11F169797AC98A9C,E3E41FD0A915BE42A1C8872758FFCAFC04ECE3F11ABB0977B7E0016F2D6C8E0C,length,Melt-pool length,T0,rbf_learned_nugget,RBF + learned nugget,RBF,,True,166,sim_00168,168,250.06079999999997,249.4006791513719,0.6601208486280825,0.6601208486280825,0.4357595347934598,5.926021892216021,35.11773546702354,17.980783947955253,323.30859138304527,17.980783947955253,total predictive variance including learned WhiteKernel nugget,2.704495942479001,3.808916068926551,3.808916068926551,237.78567624262848,261.0156820601153,214.1583426133796,284.6430156893642,True,True,2.54**2 * RBF(length_scale=2.77) + WhiteKernel(noise_level=0.0352),6.451193068516417,2.772709890038333,0.03522595356133691,0.1876857841215922,288.19085591602175,16.976184963531168,0.1876857841215922,0.049728715364884185,341.3759,False,1e-08,numerical jitter only; separate from WhiteKernel nugget,240,241,True,False,False,False,True,True,False,"[""P"",""VX"",""LS"",""ST""]",344.26164541247124,90.45003084801111,"[158.4547601732579,0.6169649636999582,6.466702081063956e-05,348.48087960403734]","[52.90438543494566,0.24080555448944224,1.3416607372150583e-05,32.497493688059286]",A25943337C7C7F56681C84CB9BF0984D418ECA3C5159D6ECF6854693910677ED,92.0306358058,0.635786516528,6.85874395416e-05,348.651765165,3740298357,fmin_l_bfgs_b,1,-25.059417387023075,0.9705563000170514,0,0,,completed_without_convergence_warning,False,False,,False,,False,,False
phase3b_kernel_noise,Phase 3B,F7F71204D643D1027D0FF4736F24213619BF6A09C2361C3C11F169797AC98A9C,E3E41FD0A915BE42A1C8872758FFCAFC04ECE3F11ABB0977B7E0016F2D6C8E0C,length,Melt-pool length,T0,rbf_learned_nugget,RBF + learned nugget,RBF,,True,167,sim_00169,169,255.39639999989998,237.50361017094724,17.892789828952743,17.892789828952743,320.1519278630747,9.223958535643616,85.08141106727273,19.30201814152389,372.5679043357174,19.30201814152389,total predictive variance including learned WhiteKernel nugget,5.022187450495524,4.30880399845789,4.30880399845789,219.42465144108576,255.58256890080872,199.6716546135604,275.3355657283341,True,True,2.57**2 * RBF(length_scale=2.8) + WhiteKernel(noise_level=0.0351),6.582490103780071,2.7970401547640256,0.03512238833785625,0.1874096804806418,287.48649326844463,16.955426661350774,0.1874096804806418,0.0496679076096197,341.3759,False,1e-08,numerical jitter only; separate from WhiteKernel nugget,240,241,True,False,False,False,True,True,False,"[""P"",""VX"",""LS"",""ST""]",344.239413745805,90.47252317951718,"[158.44974223374624,0.61828850713135,6.468709302046039e-05,348.37940525538744]","[52.91062799111242,0.24003116768335325,1.3418853861408695e-05,32.45875579155631]",A726D80FABABB421843C8EF1AC7E7C3921BFE4704DBB23C6C7A180B0DD9F01FB,93.2349412886,0.318136092994,6.37701091846e-05,373.005608841,1715814678,fmin_l_bfgs_b,1,-24.32277557822644,0.4293004999635741,0,0,,completed_without_convergence_warning,False,False,,False,,False,,False
phase3b_kernel_noise,Phase 3B,F7F71204D643D1027D0FF4736F24213619BF6A09C2361C3C11F169797AC98A9C,E3E41FD0A915BE42A1C8872758FFCAFC04ECE3F11ABB0977B7E0016F2D6C8E0C,length,Melt-pool length,T0,rbf_learned_nugget,RBF + learned nugget,RBF,,True,168,sim_00170,170,250.5664,246.7195950877168,3.846804912283176,3.846804912283176,14.797908033165971,5.5299401518025,30.580238082517457,17.861237634491424,319.0238098357728,17.861237634491424,total predictive variance including learned WhiteKernel nugget,2.8710676652669016,3.8247638848510594,3.8247638848510594,235.8809123901839,257.5582777852497,211.7115693241136,281.72762085132,True,True,2.54**2 * RBF(length_scale=2.78) + WhiteKernel(noise_level=0.0353),6.473317327445108,2.7782098321486086,0.0352551376126411,0.18776351512645129,288.44357175325536,16.98362657836233,0.18776351512645129,0.049750514252360316,341.3759,False,1e-08,numerical jitter only; separate from WhiteKernel nugget,240,241,True,False,False,False,True,True,False,"[""P"",""VX"",""LS"",""ST""]",344.2595387458046,90.45221893574228,"[158.44743465842748,0.6171280333808874,6.476530180872956e-05,348.6835952922249]","[52.91345998176852,0.2408049935476302,1.33584468578852e-05,32.34583139550507]",18B3E9C503DD3D8DBAC71E834EC6CD5D62C6603E6F5642E11E1516C13E99121D,93.7887593651,0.596649793105,4.5e-05,300.0,1782270173,fmin_l_bfgs_b,1,-25.247254897358516,0.7583976000314578,0,0,,completed_without_convergence_warning,False,False,,False,,False,,False
phase3b_kernel_noise,Phase 3B,F7F71204D643D1027D0FF4736F24213619BF6A09C2361C3C11F169797AC98A9C,E3E41FD0A915BE42A1C8872758FFCAFC04ECE3F11ABB0977B7E0016F2D6C8E0C,length,Melt-pool length,T0,rbf_learned_nugget,RBF + learned nugget,RBF,,True,169,sim_00171,171,253.2688999999,251.78358765881228,1.485312341087706,1.485312341087706,2.206152750587442,7.047647147045621,49.669330309260275,18.380962190415257,337.85977104547527,18.380962190415257,total predictive variance including learned WhiteKernel nugget,2.893840756721955,3.8335188927278323,3.8335188927278323,237.97019925060286,265.59697606702167,215.75690176559837,287.81027355202616,True,True,2.54**2 * RBF(length_scale=2.78) + WhiteKernel(noise_level=0.0352),6.463060140214488,2.7772137975325166,0.035215248031239904,0.18765726213296383,288.190440736215,16.97617273522554,0.18765726213296383,0.049728679544237125,341.3759,False,1e-08,numerical jitter only; separate from WhiteKernel nugget,240,241,True,False,False,False,True,True,False,"[""P"",""VX"",""LS"",""ST""]",344.2482783291383,90.46371316659804,"[158.44106961122958,0.616259333036975,6.475055454649123e-05,348.40736422693743]","[52.921145059892524,0.24050105096843993,1.3378290531033452e-05,32.47706088150582]",158CE73AAD04EC43E22B5B06ECE9661FD20D0B795A7FB05E2A507B53A0DB8815,95.3163706926,0.805137875644,4.85393429372e-05,366.295455669,3572897845,fmin_l_bfgs_b,1,-24.99411555328382,0.670973000000231,0,0,,completed_without_convergence_warning,False,False,,False,,False,,False
phase3b_kernel_noise,Phase 3B,F7F71204D643D1027D0FF4736F24213619BF6A09C2361C3C11F169797AC98A9C,E3E41FD0A915BE42A1C8872758FFCAFC04ECE3F11ABB0977B7E0016F2D6C8E0C,length,Melt-pool length,T0,rbf_learned_nugget,RBF + learned nugget,RBF,,True,170,sim_00172,172,262.3758499999,258.3431567699687,4.03269322993134,4.03269322993134,16.26261468673406,5.435750721978549,29.547385911490313,17.825585876481583,317.75151183981967,17.825585876481583,total predictive variance including learned WhiteKernel nugget,2.8871316615322273,3.8251635124669225,3.8251635124669225,247.68908535489072,268.99722818504665,223.40500845206478,293.28130508787257,True,True,2.54**2 * RBF(length_scale=2.78) + WhiteKernel(noise_level=0.0352),6.457680873397249,2.777543750570566,0.035188723799052295,0.18758657680935567,288.2041259283293,16.97657580103624,0.18758657680935564,0.04972986025386163,341.3759,False,1e-08,numerical jitter only; separate from WhiteKernel nugget,240,241,True,False,False,False,True,True,False,"[""P"",""VX"",""LS"",""ST""]",344.21033270413835,90.49994988868283,"[158.43695082567498,0.6162690383967208,6.472507641340039e-05,348.386637909229]","[52.92601912317999,0.24050862580077415,1.3403293578355032e-05,32.46404851722846]",47E14DD5499F96EFCB0E5319BA36ABD63DBCF317785251F526863F0E5AC22A45,96.3048792257,0.802808589305,5.4654094879e-05,371.269771919,1959920962,fmin_l_bfgs_b,1,-24.87422169771432,0.632348200015258,0,0,,completed_without_convergence_warning,False,False,,False,,False,,False
phase3b_kernel_noise,Phase 3B,F7F71204D643D1027D0FF4736F24213619BF6A09C2361C3C11F169797AC98A9C,E3E41FD0A915BE42A1C8872758FFCAFC04ECE3F11ABB0977B7E0016F2D6C8E0C,length,Melt-pool length,T0,rbf_learned_nugget,RBF + learned nugget,RBF,,True,171,sim_00173,173,257.63030000000003,248.24170414168572,9.388595858314318,9.388595858314318,88.14573219075676,5.424144904723135,29.421347947433944,17.82126996493978,317.5976631632647,17.82126996493978,total predictive variance including learned WhiteKernel nugget,4.1077881560104235,3.9381007100900196,3.9381007100900196,237.61038012842837,258.8730281549431,213.31201501040374,283.1713932729677,True,True,2.55**2 * RBF(length_scale=2.78) + WhiteKernel(noise_level=0.0352),6.49761198807655,2.7815174485166065,0.03519964175837125,0.18761567567335957,288.1763152158308,16.975756690522836,0.18761567567335957,0.04972746081525625,341.3759,False,1e-08,numerical jitter only; separate from WhiteKernel nugget,240,241,True,False,False,False,True,True,False,"[""P"",""VX"",""LS"",""ST""]",344.2301058291379,90.48154760840862,"[158.4313057582187,0.6168361340539749,6.476530180872956e-05,348.6835952922249]","[52.93257314548768,0.24078717912146083,1.33584468578852e-05,32.34583139550507]",C3840D2AD6EFA855B245A8E50E6AF9DFECC87909B86425CC8711B166D7E83182,97.6596954152,0.666705631564,4.5e-05,300.0,4277029192,fmin_l_bfgs_b,1,-25.045219768825376,0.4550693000201136,0,0,,completed_without_convergence_warning,False,False,,False,,False,,False
phase3b_kernel_noise,Phase 3B,F7F71204D643D1027D0FF4736F24213619BF6A09C2361C3C11F169797AC98A9C,E3E41FD0A915BE42A1C8872758FFCAFC04ECE3F11ABB0977B7E0016F2D6C8E0C,length,Melt-pool length,T0,rbf_learned_nugget,RBF + learned nugget,RBF,,True,172,sim_00174,174,271.6671999999,258.93738683182124,12.72981316807875,12.72981316807875,162.04814329419114,8.564125467499311,73.34424502307029,18.99473328301583,360.7998924929093,18.99473328301583,total predictive variance including learned WhiteKernel nugget,4.171229882601282,4.087668171301631,4.087668171301631,242.15170091552258,275.7230727481199,221.7077095971102,296.16706406653225,True,True,2.52**2 * RBF(length_scale=2.77) + WhiteKernel(noise_level=0.0351),6.370950376430502,2.769500912034283,0.03507175109611214,0.18727453402988922,287.455647469839,16.95451702260607,0.18727453402988922,0.04966524298465729,341.3759,False,1e-08,numerical jitter only; separate from WhiteKernel nugget,240,241,True,False,False,False,True,True,False,"[""P"",""VX"",""LS"",""ST""]",344.171618745805,90.53295532376073,"[158.42875430237459,0.6179302900829666,6.469412581658373e-05,348.63354094207904]","[52.93548755863829,0.24041438371028157,1.3417929092068375e-05,32.41176714661293]",FD2C0732B0FA5D2804363DA341FF52F88BC4B17788128108BCF3EEAEEFF7C4B2,98.2720448178,0.404108184606,6.2082238115e-05,312.013044035,3195760232,fmin_l_bfgs_b,1,-24.510505535091482,0.6544977999874391,0,0,,completed_without_convergence_warning,False,False,,False,,False,,False
phase3b_kernel_noise,Phase 3B,F7F71204D643D1027D0FF4736F24213619BF6A09C2361C3C11F169797AC98A9C,E3E41FD0A915BE42A1C8872758FFCAFC04ECE3F11ABB0977B7E0016F2D6C8E0C,length,Melt-pool length,T0,rbf_learned_nugget,RBF + learned nugget,RBF,,True,173,sim_00175,175,233.0592,273.32197850094906,-40.262778500949054,40.262778500949054,1621.0913326164853,8.496356278418773,72.1880700098261,18.79508861907206,353.2553561987721,18.79508861907206,total predictive variance including learned WhiteKernel nugget,14.286825505286622,6.147037668035871,6.147037668035871,256.66912019524824,289.9748368066499,236.48360480756781,310.1603521943303,False,False,2.56**2 * RBF(length_scale=2.78) + WhiteKernel(noise_level=0.0344),6.5284735308792605,2.780946732890563,0.03441646296495326,0.18551674578040997,281.0672861889459,16.765061472865106,0.18551674578040997,0.049110266638228144,341.3759,False,1e-08,numerical jitter only; separate from WhiteKernel nugget,240,241,True,False,False,False,True,True,False,"[""P"",""VX"",""LS"",""ST""]",344.33248541247127,90.36953188425025,"[158.4277472277833,0.6159559617290333,6.462209406767164e-05,348.57731653149983]","[52.93662969283148,0.24021651613832115,1.3385314816649535e-05,32.463498515202446]",3365E9896BE719F7279BF40A80D36FA82D580051184403114A7C2655C56E9235,98.5137427197,0.87794698955,7.93698578539e-05,325.506902574,2927431672,fmin_l_bfgs_b,1,-22.86565860228714,0.7350951999542303,0,0,,completed_without_convergence_warning,False,False,,False,,False,,False
phase3b_kernel_noise,Phase 3B,F7F71204D643D1027D0FF4736F24213619BF6A09C2361C3C11F169797AC98A9C,E3E41FD0A915BE42A1C8872758FFCAFC04ECE3F11ABB0977B7E0016F2D6C8E0C,length,Melt-pool length,T0,rbf_learned_nugget,RBF + learned nugget,RBF,,True,174,sim_00176,176,265.9048499999,262.03541055605194,3.86943944384808,3.86943944384808,14.972561609607338,8.56308836758395,73.32648239105156,19.0050904827676,361.19346425818355,19.0050904827676,total predictive variance including learned WhiteKernel nugget,3.1684946341631703,3.884371909002288,3.884371909002288,245.25175735558742,278.81906375651647,224.78543320982743,299.28538790227645,True,True,2.53**2 * RBF(length_scale=2.77) + WhiteKernel(noise_level=0.0351),6.422246915104734,2.774109140979713,0.03513745845650486,0.18744988251931463,287.866981867132,16.96664321152337,0.18744988251931463,0.04970076449896835,341.3759,False,1e-08,numerical jitter only; separate from WhiteKernel nugget,240,241,True,False,False,False,True,True,False,"[""P"",""VX"",""LS"",""ST""]",344.1956285374717,90.51295729553281,"[158.42720848251417,0.6159756022972541,6.463352729259289e-05,348.587282009779]","[52.9372387838612,0.2402377425899809,1.3396730144008586e-05,32.45604699490784]",64E3DDE951AD6D8555EB57AA06A2F010869C4FCA194547119EA30F7E4CD4B160,98.6430415843,0.873233253177,7.66258838728e-05,323.115187787,3812904411,fmin_l_bfgs_b,1,-24.723394424377204,0.5022840999881737,0,0,,completed_without_convergence_warning,False,False,,False,,False,,False
phase3b_kernel_noise,Phase 3B,F7F71204D643D1027D0FF4736F24213619BF6A09C2361C3C11F169797AC98A9C,E3E41FD0A915BE42A1C8872758FFCAFC04ECE3F11ABB0977B7E0016F2D6C8E0C,length,Melt-pool length,T0,rbf_learned_nugget,RBF + learned nugget,RBF,,True,175,sim_00177,177,234.5134,235.98604225699057,-1.4726422569905822,1.4726422569905822,2.1686752170743158,9.644756086895507,93.02131997570793,19.517772415433672,380.9434400606636,19.517772415433672,total predictive variance including learned WhiteKernel nugget,3.19700976204439,3.8931104426440677,3.8931104426440677,217.0823203266754,254.88976418730576,197.73120832274057,274.24087619124055,True,True,2.54**2 * RBF(length_scale=2.78) + WhiteKernel(noise_level=0.0353),6.45970825647682,2.7786568335318487,0.035250049693904384,0.18774996589588075,287.9221200849555,16.96826803433266,0.18774996589588075,0.049705524128483176,341.3759,False,1e-08,numerical jitter only; separate from WhiteKernel nugget,240,241,True,False,False,False,True,True,False,"[""P"",""VX"",""LS"",""ST""]",344.32642624580456,90.37694336382803,"[158.4253311337096,0.6183622430171541,6.47464035685883e-05,348.5167757062332]","[52.93935088512487,0.2399362147296287,1.3383164413405706e-05,32.492904279084335]",60F4B3B2EA8E8F27CEC68B89918B798C06B8CF80E9F571DC81353D5BE5536F44,99.0936052974,0.300439480401,4.95355776339e-05,340.036700638,1303696743,fmin_l_bfgs_b,1,-24.992708189640638,1.41815789998509,0,0,,completed_without_convergence_warning,False,False,,False,,False,,False
phase3b_kernel_noise,Phase 3B,F7F71204D643D1027D0FF4736F24213619BF6A09C2361C3C11F169797AC98A9C,E3E41FD0A915BE42A1C8872758FFCAFC04ECE3F11ABB0977B7E0016F2D6C8E0C,length,Melt-pool length,T0,rbf_learned_nugget,RBF + learned nugget,RBF,,True,176,sim_00178,178,259.8294,259.2092818598724,0.6201181401276017,0.6201181401276017,0.38454650771531584,5.899891925620141,34.808724733997735,17.97805790406895,323.21056600205605,17.97805790406895,total predictive variance including learned WhiteKernel nugget,2.699396274905609,3.808685427601693,3.808685427601693,247.64549368565693,270.7730700340879,223.97228836789728,294.4462753518476,True,True,2.55**2 * RBF(length_scale=2.78) + WhiteKernel(noise_level=0.0352),6.479372242084802,2.7784265977980303,0.03522044855442266,0.18767111806141792,288.4018412680583,16.982397983443278,0.1876711180614179,0.04974691530199782,341.3759,False,1e-08,numerical jitter only; separate from WhiteKernel nugget,240,241,True,False,False,False,True,True,False,"[""P"",""VX"",""LS"",""ST""]",344.22094291247123,90.490205199745,"[158.4234565361604,0.6172824373028624,6.476530180872956e-05,348.6835952922249]","[52.9414437983335,0.24077993167746867,1.33584468578852e-05,32.34583139550507]",D12063CC427197693B2EFA96E5AA55D235F7DFEA1A1851676A383474DE35C724,99.5435087092,0.559592851831,4.5e-05,300.0,1410428587,fmin_l_bfgs_b,1,-25.147396429328438,0.8766237999661826,0,0,,completed_without_convergence_warning,False,False,,False,,False,,False
phase3b_kernel_noise,Phase 3B,F7F71204D643D1027D0FF4736F24213619BF6A09C2361C3C11F169797AC98A9C,E3E41FD0A915BE42A1C8872758FFCAFC04ECE3F11ABB0977B7E0016F2D6C8E0C,length,Melt-pool length,T0,rbf_learned_nugget,RBF + learned nugget,RBF,,True,177,sim_00179,179,265.44239999999996,265.21534753698927,0.22705246301069337,0.22705246301069337,0.051552820959222284,6.026629564490403,36.32026390758978,18.014749861652753,324.53121257791787,18.014749861652753,total predictive variance including learned WhiteKernel nugget,2.7158361409220033,3.8102088189033068,3.8102088189033068,253.4031535905881,277.02754148339045,229.90643780814986,300.5242572658287,True,True,2.54**2 * RBF(length_scale=2.77) + WhiteKernel(noise_level=0.0352),6.4454895163019215,2.7729680417107083,0.03518074300241679,0.1875653033010551,288.2109486703281,16.976776745611282,0.18756530330105506,0.049730448885264844,341.3759,False,1e-08,numerical jitter only; separate from WhiteKernel nugget,240,241,True,False,False,False,True,True,False,"[""P"",""VX"",""LS"",""ST""]",344.1975554124712,90.51128565266893,"[158.42256279370875,0.6170425357182374,6.471486070248998e-05,348.5262490722332]","[52.94243596553752,0.24080860642199844,1.3410029540565739e-05,32.49009895823966]",C172C7C47CD4AA76E3E4C3E16C7AE19E5BEC9AA5F824515AC6E75C9BDD54BFD3,99.7580068976,0.617169232141,5.71058654975e-05,337.763092798,2381846139,fmin_l_bfgs_b,1,-24.901345410690084,0.3846838000463322,0,0,,completed_without_convergence_warning,False,False,,False,,False,,False
phase3b_kernel_noise,Phase 3B,F7F71204D643D1027D0FF4736F24213619BF6A09C2361C3C11F169797AC98A9C,E3E41FD0A915BE42A1C8872758FFCAFC04ECE3F11ABB0977B7E0016F2D6C8E0C,length,Melt-pool length,T0,rbf_learned_nugget,RBF + learned nugget,RBF,,True,178,sim_00180,180,269.25374999999997,271.0132706559133,-1.7595206559133203,1.7595206559133203,3.095912938585641,6.118797415616177,37.43968181335121,18.047104447114872,325.6979789250734,18.047104447114872,total predictive variance including learned WhiteKernel nugget,2.7716494522473054,3.8166765225491117,3.8166765225491117,259.02042772130557,283.006113590521,235.64094593956816,306.3855953722584,True,True,2.54**2 * RBF(length_scale=2.78) + WhiteKernel(noise_level=0.0352),6.467144851528778,2.775867478665249,0.035176043265058854,0.1875527746130642,288.2582971117222,16.978171194558094,0.1875527746130642,0.04973453367551164,341.3759,False,1e-08,numerical jitter only; separate from WhiteKernel nugget,240,241,True,False,False,False,True,True,False,"[""P"",""VX"",""LS"",""ST""]",344.18167478747125,90.52476685341162,"[158.41985062784872,0.6172611811765581,6.468667398831248e-05,348.34345604273324]","[52.945424440815565,0.24078479836467395,1.3418880919382288e-05,32.426667835551065]",77F899C739673D6437AB70DCC23B5A5A17D89E69FFB7BFFA0D8711E3DC15A6B8,100.408926704,0.564694322144,6.38706769001e-05,381.633419878,3867670284,fmin_l_bfgs_b,1,-24.88459367758321,0.9432326999958605,0,0,,completed_without_convergence_warning,False,False,,False,,False,,False
phase3b_kernel_noise,Phase 3B,F7F71204D643D1027D0FF4736F24213619BF6A09C2361C3C11F169797AC98A9C,E3E41FD0A915BE42A1C8872758FFCAFC04ECE3F11ABB0977B7E0016F2D6C8E0C,length,Melt-pool length,T0,rbf_learned_nugget,RBF + learned nugget,RBF,,True,179,sim_00181,181,289.88505,282.0900935139937,7.794956486006299,7.794956486006299,60.76134661873167,5.822959879286518,33.90686175578046,17.945489367977515,322.040588656194,17.945489367977515,total predictive variance including learned WhiteKernel nugget,3.5767509277597265,3.9006153535073556,3.9006153535073556,270.6770921505921,293.50309487739526,246.91693435275775,317.26325267522964,True,True,2.53**2 * RBF(length_scale=2.77) + WhiteKernel(noise_level=0.0351),6.4027731654499505,2.774950629962605,0.03511327478019467,0.1873853643703122,288.13372690041354,16.974502257810492,0.1873853643703122,0.04972378617767245,341.3759,False,1e-08,numerical jitter only; separate from WhiteKernel nugget,240,241,True,False,False,False,True,True,False,"[""P"",""VX"",""LS"",""ST""]",344.09571103747123,90.58606212310887,"[158.41311501097374,0.6178472850600625,6.462166234233289e-05,348.4576030767624]","[52.952700725434966,0.2404847439285228,1.3384837460909769e-05,32.495362249875214]",2A7A4FA7AD549EB840C458E0561D74859415640C9C4EDBB6C50B7FC3C764FBDF,102.025474754,0.424029390103,7.94734719352e-05,354.238131711,3262383052,fmin_l_bfgs_b,1,-24.563352904411687,0.5337746999575756,0,0,,completed_without_convergence_warning,False,False,,False,,False,,False
phase3b_kernel_noise,Phase 3B,F7F71204D643D1027D0FF4736F24213619BF6A09C2361C3C11F169797AC98A9C,E3E41FD0A915BE42A1C8872758FFCAFC04ECE3F11ABB0977B7E0016F2D6C8E0C,length,Melt-pool length,T0,rbf_learned_nugget,RBF + learned nugget,RBF,,True,180,sim_00182,182,272.8486,273.53482408606646,-0.6862240860664883,0.6862240860664883,0.47090349629778716,8.549055742627118,73.08635409054571,19.00052404213979,361.0199138759322,19.00052404213979,total predictive variance including learned WhiteKernel nugget,3.067980926125105,3.8640572780884748,3.8640572780884748,256.77867483051733,290.2909733416156,236.29379696347246,310.77585120866047,True,True,2.53**2 * RBF(length_scale=2.78) + WhiteKernel(noise_level=0.0351),6.4209799208601215,2.7761985958470743,0.03512702581849749,0.1874220526472205,287.93355978538654,16.96860512197118,0.1874220526472205,0.04970651156678366,341.3759,False,1e-08,numerical jitter only; separate from WhiteKernel nugget,240,241,True,False,False,False,True,True,False,"[""P"",""VX"",""LS"",""ST""]",344.1666962458046,90.53686523170637,"[158.4113482010154,0.6157855849315916,6.47230219317979e-05,348.51913232477483]","[52.954575008174174,0.24001605036346324,1.3404799245215296e-05,32.49226864125644]",C258594ED9ECA99FDA7BB5159CD537D648E46D52377F7739355D57444AEB195B,102.449509144,0.918837420936,5.51471704636e-05,339.471112188,36776983,fmin_l_bfgs_b,1,-24.576807194345434,0.5675476000178605,0,0,,completed_without_convergence_warning,False,False,,False,,False,,False
phase3b_kernel_noise,Phase 3B,F7F71204D643D1027D0FF4736F24213619BF6A09C2361C3C11F169797AC98A9C,E3E41FD0A915BE42A1C8872758FFCAFC04ECE3F11ABB0977B7E0016F2D6C8E0C,length,Melt-pool length,T0,rbf_learned_nugget,RBF + learned nugget,RBF,,True,181,sim_00183,183,303.4945999999,304.022356348957,-0.5277563490569719,0.5277563490569719,0.27852676396994436,9.36408520718214,87.68609176736737,19.385493417753402,375.7973550497605,19.385493417753402,total predictive variance including learned WhiteKernel nugget,3.157408386009997,3.883834138648532,3.883834138648532,285.66874934288,322.37596335503395,266.0267892501603,342.0179234477537,True,True,2.54**2 * RBF(length_scale=2.78) + WhiteKernel(noise_level=0.0351),6.435395164225845,2.775241490939707,0.03508756174036831,0.18731674175142038,288.11126328239317,16.973840557822886,0.18731674175142035,0.0497218478452137,341.3759,False,1e-08,numerical jitter only; separate from WhiteKernel nugget,240,241,True,False,False,False,True,True,False,"[""P"",""VX"",""LS"",""ST""]",344.0390045791383,90.61571538729895,"[158.37942575588622,0.6177321940085125,6.459088870478373e-05,348.4753869781749]","[52.98598213231839,0.24057084860610486,1.3342097076665405e-05,32.497352939436226]",1CDDFB2B6055AE9BB150BF8403DCDF8B64AD49B42EB9A0EE1B87D2A09AAE456A,110.110895975,0.451651242475,8.6859144947e-05,349.969995372,293321696,fmin_l_bfgs_b,1,-24.58457485678059,0.41476509999483824,0,0,,completed_without_convergence_warning,False,False,,False,,False,,False
phase3b_kernel_noise,Phase 3B,F7F71204D643D1027D0FF4736F24213619BF6A09C2361C3C11F169797AC98A9C,E3E41FD0A915BE42A1C8872758FFCAFC04ECE3F11ABB0977B7E0016F2D6C8E0C,length,Melt-pool length,T0,rbf_learned_nugget,RBF + learned nugget,RBF,,True,182,sim_00184,184,215.1016,226.16756644196965,-11.065966441969664,11.065966441969664,122.45561329479874,10.679811759915099,114.05837922722084,20.02761133222976,401.1052156748579,20.02761133222976,total predictive variance including learned WhiteKernel nugget,3.8241048641655535,4.068698166181726,4.068698166181726,205.23513539253605,247.09999749140326,186.91344823079933,265.42168465314,True,True,2.53**2 * RBF(length_scale=2.77) + WhiteKernel(noise_level=0.0352),6.380764300092997,2.7703096919316854,0.035226299836506644,0.1876867066057334,287.046836447637,16.94245662374961,0.1876867066057334,0.04962991419063153,341.3759,False,1e-08,numerical jitter only; separate from WhiteKernel nugget,240,241,True,False,False,False,True,True,False,"[""P"",""VX"",""LS"",""ST""]",344.4073087458046,90.26988075047856,"[158.3793379580529,0.6186758821641792,6.471808834280998e-05,348.5748757424373]","[52.98606209573695,0.239470779089231,1.3408104393345787e-05,32.46521092075195]",F45A120071FEBE54379C8201882B09A9FB064C2ECB4AD7A2CC6A108C44C56966,110.131967455,0.225166085115,5.63312318207e-05,326.092691949,1508560661,fmin_l_bfgs_b,1,-24.945917551943893,0.5819901999784634,1,1,"ConvergenceWarning: lbfgs failed to converge after 26 iteration(s) (status=2):
ABNORMAL: 

You might also want to scale the data as shown in:
    https://scikit-learn.org/stable/modules/preprocessing.html",completed_with_convergence_warning,False,False,,False,,False,,False
phase3b_kernel_noise,Phase 3B,F7F71204D643D1027D0FF4736F24213619BF6A09C2361C3C11F169797AC98A9C,E3E41FD0A915BE42A1C8872758FFCAFC04ECE3F11ABB0977B7E0016F2D6C8E0C,length,Melt-pool length,T0,rbf_learned_nugget,RBF + learned nugget,RBF,,True,183,sim_00185,185,304.289,300.36389119231575,3.9251088076842393,3.9251088076842393,15.40647915216039,5.498520096697121,30.233723253782113,17.843545162852937,318.39210397877247,17.843545162852937,total predictive variance including learned WhiteKernel nugget,2.8782071596259318,3.8247745521318812,3.8247745521318812,289.5867918027894,311.1409905818421,265.390542673124,335.3372397115075,True,True,2.54**2 * RBF(length_scale=2.78) + WhiteKernel(noise_level=0.0351),6.440116599876695,2.778210310597537,0.03509216413571212,0.18732902640998303,288.15838072499037,16.975228443970654,0.18732902640998303,0.0497259134109076,341.3759,False,1e-08,numerical jitter only; separate from WhiteKernel nugget,240,241,True,False,False,False,True,True,False,"[""P"",""VX"",""LS"",""ST""]",344.03569457913795,90.61718180726113,"[158.34597161264458,0.6160834582699583,6.474074587565206e-05,348.3797893687749]","[53.01390520266704,0.24034737981005339,1.3389305127384446e-05,32.45904666632963]",4BBFE30CE408EA59B93DBFD77740A370A3AC68EDD94B75A22B010A1DDD74B839,118.139890353,0.847347819728,5.08934239386e-05,372.913421628,2917181448,fmin_l_bfgs_b,1,-24.522161029790453,0.7174145999597386,0,0,,completed_without_convergence_warning,False,False,,False,,False,,False
phase3b_kernel_noise,Phase 3B,F7F71204D643D1027D0FF4736F24213619BF6A09C2361C3C11F169797AC98A9C,E3E41FD0A915BE42A1C8872758FFCAFC04ECE3F11ABB0977B7E0016F2D6C8E0C,length,Melt-pool length,T0,rbf_learned_nugget,RBF + learned nugget,RBF,,True,184,sim_00186,186,273.8307,269.1877587205413,4.642941279458682,4.642941279458682,21.556903724501428,7.5323663724685215,56.736543169094595,18.5687994039703,344.8003113048877,18.5687994039703,total predictive variance including learned WhiteKernel nugget,3.128121499589647,3.8716812370055864,3.8716812370055864,254.424320630503,283.9511968105796,232.7929118887595,305.58260555232306,True,True,2.54**2 * RBF(length_scale=2.78) + WhiteKernel(noise_level=0.0351),6.4418411392181305,2.7813010019754114,0.035140425897317855,0.18745779764341053,288.06376813579317,16.972441431208214,0.18745779764341056,0.049717749352570624,341.3759,False,1e-08,numerical jitter only; separate from WhiteKernel nugget,240,241,True,False,False,False,True,True,False,"[""P"",""VX"",""LS"",""ST""]",344.16260416247127,90.54006632198809,"[158.33129667241124,0.6184405678233833,6.46542055466954e-05,348.5568077698748]","[53.02454420580621,0.2398293271899555,1.3411386628840714e-05,32.47650936054128]",F2D892051EC8FC39CD724D39BD02FC5BD57B3A237248D1B1C4F9AED6BF46338F,121.661876009,0.281641526906,7.16631028882e-05,330.429005364,940581879,fmin_l_bfgs_b,1,-24.492478178071394,0.8128256000345573,0,0,,completed_without_convergence_warning,False,False,,False,,False,,False
phase3b_kernel_noise,Phase 3B,F7F71204D643D1027D0FF4736F24213619BF6A09C2361C3C11F169797AC98A9C,E3E41FD0A915BE42A1C8872758FFCAFC04ECE3F11ABB0977B7E0016F2D6C8E0C,length,Melt-pool length,T0,rbf_learned_nugget,RBF + learned nugget,RBF,,True,185,sim_00187,187,328.1825,321.2594397211204,6.923060278879632,6.923060278879632,47.928763625000926,5.979380691391965,35.75299345259105,17.983114085574606,323.3923922147918,17.983114085574606,total predictive variance including learned WhiteKernel nugget,3.3775317666839646,3.882474853825319,3.882474853825319,309.53985356599213,332.9790258762486,286.01253611339416,356.5063433288466,True,True,2.52**2 * RBF(length_scale=2.76) + WhiteKernel(noise_level=0.035),6.3458555414444735,2.762512038122491,0.03500540735518812,0.1870973205451861,287.6393987622008,16.959935104893557,0.1870973205451861,0.049681114293345124,341.3759,False,1e-08,numerical jitter only; separate from WhiteKernel nugget,240,241,True,False,False,False,True,True,False,"[""P"",""VX"",""LS"",""ST""]",343.9361383291379,90.64766430365603,"[158.31108711769042,0.6172292046706166,6.464240995765622e-05,348.3221858966124]","[53.03759047006063,0.2407912675134139,1.3403969986762253e-05,32.4031416550917]",E9CDA0818860F951E9A1D57A91937516998C7E1A25D325B7C60DA67D4704CB65,126.512169142,0.57236868357,7.44940442576e-05,386.738254947,1084022216,fmin_l_bfgs_b,1,-24.508839789326828,0.9817631999612786,0,0,,completed_without_convergence_warning,False,False,,False,,False,,False
phase3b_kernel_noise,Phase 3B,F7F71204D643D1027D0FF4736F24213619BF6A09C2361C3C11F169797AC98A9C,E3E41FD0A915BE42A1C8872758FFCAFC04ECE3F11ABB0977B7E0016F2D6C8E0C,length,Melt-pool length,T0,rbf_learned_nugget,RBF + learned nugget,RBF,,True,186,sim_00188,188,330.7109,327.32171978019556,3.389180219804416,3.389180219804416,11.48654256231351,9.058585355840494,82.05796864904785,19.23242726763862,369.8862586050095,19.23242726763862,total predictive variance including learned WhiteKernel nugget,3.1926419143451974,3.8910634358015943,3.8910634358015943,309.5668924827482,345.07654707764294,289.62616233562386,365.01727722476727,True,True,2.53**2 * RBF(length_scale=2.77) + WhiteKernel(noise_level=0.035),6.3821174035955215,2.766161110225562,0.03502709429616958,0.18715526788249798,287.82828995596174,16.96550293849144,0.18715526788249798,0.049697424271869926,341.3759,False,1e-08,numerical jitter only; separate from WhiteKernel nugget,240,241,True,False,False,False,True,True,False,"[""P"",""VX"",""LS"",""ST""]",343.9256033291379,90.64934762692826,"[158.3020451931404,0.6171060517284791,6.461602200635456e-05,348.2905854792873]","[53.04282558849771,0.2408066210864441,1.337829093853232e-05,32.361937552865705]",92D45C0725C07D6A198F42B4986F81B972E311F15E56AEED0F87A011EE222932,128.682231034,0.601925389683,8.082715257e-05,394.322355105,4207765561,fmin_l_bfgs_b,1,-24.57258299813799,0.47513510001590475,0,0,,completed_without_convergence_warning,False,False,,False,,False,,False
phase3b_kernel_noise,Phase 3B,F7F71204D643D1027D0FF4736F24213619BF6A09C2361C3C11F169797AC98A9C,E3E41FD0A915BE42A1C8872758FFCAFC04ECE3F11ABB0977B7E0016F2D6C8E0C,length,Melt-pool length,T0,rbf_learned_nugget,RBF + learned nugget,RBF,,True,187,sim_00189,189,276.6939999999,255.2859835112413,21.40801648865866,21.40801648865866,458.30316997868107,7.973768423712914,63.58098287500113,18.689360392583605,349.2921918838728,18.689360392583605,total predictive variance including learned WhiteKernel nugget,6.599185746917585,4.502938473174651,4.502938473174651,239.657397400764,270.9145696217186,218.65483714177745,291.91712988070515,False,True,2.53**2 * RBF(length_scale=2.77) + WhiteKernel(noise_level=0.0348),6.410520658258472,2.7741041328539255,0.03484645318806103,0.18667204715238173,285.7112090088717,16.90299408415183,0.18667204715238173,0.04951431569759854,341.3759,False,1e-08,numerical jitter only; separate from WhiteKernel nugget,240,241,True,False,False,False,True,True,False,"[""P"",""VX"",""LS"",""ST""]",344.15067374580497,90.5491440309421,"[158.29834762871124,0.6184175977368167,6.468114353422122e-05,348.29317031409147]","[53.044859258993434,0.23986131749209239,1.3418942566019134e-05,32.36558914967606]",E831110A1F558E15785CEAD3F72DA3341A4E8686491F23F0E5538617F82EB3E9,129.569646497,0.287154347682,6.5197985882e-05,393.701994752,362264680,fmin_l_bfgs_b,1,-23.908745256381337,0.5373712999862619,0,0,,completed_without_convergence_warning,False,False,,False,,False,,False
phase3b_kernel_noise,Phase 3B,F7F71204D643D1027D0FF4736F24213619BF6A09C2361C3C11F169797AC98A9C,E3E41FD0A915BE42A1C8872758FFCAFC04ECE3F11ABB0977B7E0016F2D6C8E0C,length,Melt-pool length,T0,rbf_learned_nugget,RBF + learned nugget,RBF,,True,188,sim_00190,190,334.5659999999,326.021463941814,8.54453605808601,8.54453605808601,73.00909644793201,6.969393154377268,48.57244094028072,18.34123750821554,336.40099333277254,18.34123750821554,total predictive variance including learned WhiteKernel nugget,3.6120152525154183,3.9366054571177127,3.9366054571177127,312.36145335923453,339.6814745243934,290.07263842571155,361.9702894579164,True,True,2.54**2 * RBF(length_scale=2.78) + WhiteKernel(noise_level=0.035),6.458617753783578,2.77740093694868,0.0350255817411599,0.18715122692934688,287.8285523924918,16.965510672906127,0.18715122692934688,0.049697446928462514,341.3759,False,1e-08,numerical jitter only; separate from WhiteKernel nugget,240,241,True,False,False,False,True,True,False,"[""P"",""VX"",""LS"",""ST""]",343.9095404124717,90.65134624690934,"[158.29218024277372,0.6163632557621624,6.473161638001498e-05,348.3096667778291]","[53.04811296312684,0.24057724389241641,1.3397993996535118e-05,32.387712900541715]",539A7FA289095C899C06EBE1CA10322BF49C51D9152139B9462BD25E22DB49E1,131.049819122,0.780196421599,5.30845028915e-05,389.742843455,2294670389,fmin_l_bfgs_b,1,-24.407038523663886,0.8121403000550345,0,0,,completed_without_convergence_warning,False,False,,False,,False,,False
phase3b_kernel_noise,Phase 3B,F7F71204D643D1027D0FF4736F24213619BF6A09C2361C3C11F169797AC98A9C,E3E41FD0A915BE42A1C8872758FFCAFC04ECE3F11ABB0977B7E0016F2D6C8E0C,length,Melt-pool length,T0,rbf_learned_nugget,RBF + learned nugget,RBF,,True,189,sim_00191,191,345.95029999999997,331.716226737114,14.234073262885943,14.234073262885943,202.60884165320448,5.940524620656849,35.289832768630205,17.947244556872192,322.10358718417854,17.947244556872192,total predictive variance including learned WhiteKernel nugget,5.571376415858153,4.1208839550634755,4.1208839550634755,320.0727984806266,343.35965499360145,296.5396274056445,366.89282606858353,False,True,2.53**2 * RBF(length_scale=2.77) + WhiteKernel(noise_level=0.0349),6.417578592042257,2.7702710089906826,0.03490063031239369,0.18681710390752151,286.8137544155483,16.935576589403396,0.18681710390752151,0.049609760353333074,341.3759,False,1e-08,numerical jitter only; separate from WhiteKernel nugget,240,241,True,False,False,False,True,True,False,"[""P"",""VX"",""LS"",""ST""]",343.86210582913793,90.65324445767487,"[158.28771420357373,0.6163299571637499,6.46850530781854e-05,348.340082505854]","[53.05036110138195,0.24055401104385135,1.341895589281024e-05,32.423162003647086]",A07770E792D0A6E8FACE86D32B395FD37FBEFA90B2AA2E3234A9163489417D26,132.12166853,0.788188085218,6.42596953306e-05,382.443068729,1054467393,fmin_l_bfgs_b,1,-24.1482963975771,0.9692527999868616,0,0,,completed_without_convergence_warning,False,False,,False,,False,,False
phase3b_kernel_noise,Phase 3B,F7F71204D643D1027D0FF4736F24213619BF6A09C2361C3C11F169797AC98A9C,E3E41FD0A915BE42A1C8872758FFCAFC04ECE3F11ABB0977B7E0016F2D6C8E0C,length,Melt-pool length,T0,rbf_learned_nugget,RBF + learned nugget,RBF,,True,190,sim_00192,192,299.89680000000004,284.8456512409548,15.051148759045248,15.051148759045248,226.5370789669093,5.828765073015818,33.9745022764091,17.92881963994566,321.4425736817013,17.92881963994566,total predictive variance including learned WhiteKernel nugget,6.015671542859181,4.157723648423033,4.157723648423033,273.4212716978438,296.2700307840658,249.7051647466613,319.9861377352483,False,True,2.52**2 * RBF(length_scale=2.77) + WhiteKernel(noise_level=0.035),6.358357168243798,2.7743679513104245,0.03501464529184051,0.1871220064338786,287.46807140529216,16.95488340877908,0.18712200643387858,0.04966631624780507,341.3759,False,1e-08,numerical jitter only; separate from WhiteKernel nugget,240,241,True,False,False,False,True,True,False,"[""P"",""VX"",""LS"",""ST""]",344.05399541247124,90.6087088948047,"[158.27598554207373,0.6181836631158292,6.470524783344207e-05,348.31094639795816]","[53.05583328956745,0.24015672110452704,1.3414652834876436e-05,32.3893437686167]",0372FCB8CE6ACEF46F6E24708468C46652119BD2466AD2A075A0D58BDC105677,134.93654729,0.343298656719,5.9412954069e-05,389.435734624,1387044175,fmin_l_bfgs_b,1,-24.158932382824844,1.0192539000418037,0,0,,completed_without_convergence_warning,False,False,,False,,False,,False
phase3b_kernel_noise,Phase 3B,F7F71204D643D1027D0FF4736F24213619BF6A09C2361C3C11F169797AC98A9C,E3E41FD0A915BE42A1C8872758FFCAFC04ECE3F11ABB0977B7E0016F2D6C8E0C,length,Melt-pool length,T0,rbf_learned_nugget,RBF + learned nugget,RBF,,True,191,sim_00193,193,343.9081,335.83004107947187,8.078058920528122,8.078058920528122,65.25503592352396,5.097980625642112,25.98940645942234,17.713415967042877,313.76510522148953,17.713415967042877,total predictive variance including learned WhiteKernel nugget,3.8031990873294124,3.897247932667633,3.897247932667633,325.8379990532133,345.8220831057304,301.1117457840678,370.54833637487593,True,True,2.53**2 * RBF(length_scale=2.78) + WhiteKernel(noise_level=0.035),6.422568567399447,2.775073097166254,0.035017606425958886,0.1871299185751944,287.7756987620672,16.963952922655356,0.1871299185751944,0.04969288377608189,341.3759,False,1e-08,numerical jitter only; separate from WhiteKernel nugget,240,241,True,False,False,False,True,True,False,"[""P"",""VX"",""LS"",""ST""]",343.8706149958046,90.65334422105641,"[158.2671514220696,0.6161079998389916,6.470158247822706e-05,348.5044619264915]","[53.05954207117787,0.24037069083102922,1.3415978129066942e-05,32.4955555332197]",CF5C64E38876AC5BF3DC9450BE5206313BA0B4E73AC4E6EAC4EB7BF183C39526,137.056736091,0.84145784316,6.02926393206e-05,342.992007776,1644766312,fmin_l_bfgs_b,1,-24.272797044549066,0.6699498999514617,0,0,,completed_without_convergence_warning,False,False,,False,,False,,False
phase3b_kernel_noise,Phase 3B,F7F71204D643D1027D0FF4736F24213619BF6A09C2361C3C11F169797AC98A9C,E3E41FD0A915BE42A1C8872758FFCAFC04ECE3F11ABB0977B7E0016F2D6C8E0C,length,Melt-pool length,T0,rbf_learned_nugget,RBF + learned nugget,RBF,,True,192,sim_00194,194,363.30854999999997,363.3816113307208,-0.07306133072080456,0.07306133072080456,0.00533795804669478,7.009042387123284,49.12667518449086,18.362161852523307,337.1689878982622,18.362161852523307,total predictive variance including learned WhiteKernel nugget,2.8661939467416793,3.8292385752737315,3.8292385752737315,349.64388825195914,377.1193344094824,327.3917740997751,399.37144856166645,True,True,2.53**2 * RBF(length_scale=2.78) + WhiteKernel(noise_level=0.0351),6.409723969094766,2.777971542937219,0.03505679257719004,0.18723459236260281,288.04231271377125,16.971809352976226,0.18723459236260281,0.049715897791778,341.3759,False,1e-08,numerical jitter only; separate from WhiteKernel nugget,240,241,True,False,False,False,True,True,False,"[""P"",""VX"",""LS"",""ST""]",343.7897797874712,90.64462468617033,"[158.2582798833904,0.61572761468895,6.460851619430247e-05,348.38713610935406]","[53.062909599184934,0.2399411564588857,1.336868489302451e-05,32.46439876345165]",302353792A3772D06EE57D01A5EAF4D9F78C62392596132487042BA8976C946C,139.185905374,0.93275027917,8.26285474625e-05,371.150203889,326970779,fmin_l_bfgs_b,1,-24.354139915789318,1.0131451999768615,0,0,,completed_without_convergence_warning,False,False,,False,,False,,False
phase3b_kernel_noise,Phase 3B,F7F71204D643D1027D0FF4736F24213619BF6A09C2361C3C11F169797AC98A9C,E3E41FD0A915BE42A1C8872758FFCAFC04ECE3F11ABB0977B7E0016F2D6C8E0C,length,Melt-pool length,T0,rbf_learned_nugget,RBF + learned nugget,RBF,,True,193,sim_00195,195,348.6468999999,353.74749333225833,-5.100593332358358,5.100593332358358,26.016052342098536,5.378449114516576,28.927714877444135,17.804942537786246,317.01597877387013,17.804942537786246,total predictive variance including learned WhiteKernel nugget,3.051012075541865,3.839447337191156,3.839447337191156,343.20573306780585,364.2892535967108,318.8498059581973,388.64518070631937,True,True,2.54**2 * RBF(length_scale=2.77) + WhiteKernel(noise_level=0.0351),6.437246275968335,2.773773219074609,0.03505604761566267,0.18723260297197886,288.08826389642593,16.97316304925001,0.18723260297197886,0.049719863204315276,341.3759,False,1e-08,numerical jitter only; separate from WhiteKernel nugget,240,241,True,False,False,False,True,True,False,"[""P"",""VX"",""LS"",""ST""]",343.850869995805,90.65281783103879,"[158.2535766699529,0.6171299225188458,6.461114623446622e-05,348.50640508662906]","[53.06454981487373,0.24080483110797668,1.3372167197471852e-05,32.49521189752801]",98BA4194379B45AF77BF9F497523BDF893A734C3FA44533F08669A6CFFEE90D8,140.314676599,0.596196399995,8.19973378232e-05,342.525649343,1787449559,fmin_l_bfgs_b,1,-24.51766709853939,0.8500946999993175,0,0,,completed_without_convergence_warning,False,False,,False,,False,,False
phase3b_kernel_noise,Phase 3B,F7F71204D643D1027D0FF4736F24213619BF6A09C2361C3C11F169797AC98A9C,E3E41FD0A915BE42A1C8872758FFCAFC04ECE3F11ABB0977B7E0016F2D6C8E0C,length,Melt-pool length,T0,rbf_learned_nugget,RBF + learned nugget,RBF,,True,194,sim_00196,196,334.7715,314.7776823055756,19.993817694424422,19.993817694424422,399.7527459978791,6.69588647220807,44.83489564869903,18.210301995058508,331.61509875123187,18.210301995058508,total predictive variance including learned WhiteKernel nugget,7.278485624239801,4.423662055574355,4.423662055574355,301.6537448200478,327.90161979110337,279.0854903952609,350.4698742158903,False,True,2.52**2 * RBF(length_scale=2.77) + WhiteKernel(noise_level=0.0349),6.329927350950062,2.7711543898379984,0.03489794191671026,0.18680990850784723,286.7802031025329,16.934586003281357,0.18680990850784723,0.04960685860742178,341.3759,False,1e-08,numerical jitter only; separate from WhiteKernel nugget,240,241,True,False,False,False,True,True,False,"[""P"",""VX"",""LS"",""ST""]",343.9086841624713,90.6514335269855,"[158.2488392138904,0.6180379254948458,6.466722326355956e-05,348.6204871721165]","[53.06610036243413,0.24031282561897355,1.3416666161941019e-05,32.42587938718032]",01ADCFA95AF64FBDE0110384253B27C41D3C27069CC3F2EFA3149125261ED796,141.451666054,0.378275685755,6.85388508408e-05,315.145948826,3594206833,fmin_l_bfgs_b,1,-23.785511320584675,1.5591549000237137,0,0,,completed_without_convergence_warning,False,False,,False,,False,,False
phase3b_kernel_noise,Phase 3B,F7F71204D643D1027D0FF4736F24213619BF6A09C2361C3C11F169797AC98A9C,E3E41FD0A915BE42A1C8872758FFCAFC04ECE3F11ABB0977B7E0016F2D6C8E0C,length,Melt-pool length,T0,rbf_learned_nugget,RBF + learned nugget,RBF,,True,195,sim_00197,197,274.92519999999996,267.9117717079123,7.013428292087667,7.013428292087667,49.188176408255735,11.013453151033701,121.29615031001417,20.217411010892505,408.7437079833575,20.217411010892505,total predictive variance including learned WhiteKernel nugget,3.520816738329674,3.9856526469389433,3.9856526469389433,246.32540353188625,289.49813988393834,228.285646126563,307.5378972892616,True,True,2.55**2 * RBF(length_scale=2.78) + WhiteKernel(noise_level=0.0351),6.480449801661721,2.782268807451743,0.03506253305791536,0.18724992138293506,287.4475576733434,16.95427844744044,0.18724992138293506,0.04966454412112994,341.3759,False,1e-08,numerical jitter only; separate from WhiteKernel nugget,240,241,True,False,False,False,True,True,False,"[""P"",""VX"",""LS"",""ST""]",344.15804374580455,90.54358112529259,"[158.23322122844456,0.6185590796746501,6.46298285128629e-05,348.2723735801999]","[53.0704899036526,0.23965577807661187,1.3393295608863089e-05,32.33478648501358]",A838C9F546A271738D99720EC2A4E92C688BBBF7333AE141416AC7FB4E5DD221,145.199982561,0.253198682602,7.7513591008e-05,398.693210886,1663241097,fmin_l_bfgs_b,1,-24.44642984721841,0.37212420004652813,0,0,,completed_without_convergence_warning,False,False,,False,,False,,False
phase3b_kernel_noise,Phase 3B,F7F71204D643D1027D0FF4736F24213619BF6A09C2361C3C11F169797AC98A9C,E3E41FD0A915BE42A1C8872758FFCAFC04ECE3F11ABB0977B7E0016F2D6C8E0C,length,Melt-pool length,T0,rbf_learned_nugget,RBF + learned nugget,RBF,,True,196,sim_00198,198,306.52430000000004,295.30900696741367,11.215293032586374,11.215293032586374,125.78279780678045,7.221441853080324,52.149222437420185,18.430043112196294,339.6664891174141,18.430043112196294,total predictive variance including learned WhiteKernel nugget,4.101982366042605,4.018076969279158,4.018076969279158,281.1549809353762,309.4630329994511,259.18612246750894,331.4318914673184,True,True,2.53**2 * RBF(length_scale=2.78) + WhiteKernel(noise_level=0.035),6.407695125360622,2.7779507256485347,0.035011021133113426,0.18711232223750907,287.5172666799939,16.956334116783434,0.18711232223750904,0.04967056583895768,341.3759,False,1e-08,numerical jitter only; separate from WhiteKernel nugget,240,241,True,False,False,False,True,True,False,"[""P"",""VX"",""LS"",""ST""]",344.02638082913785,90.62115158434136,"[158.21580014254457,0.6183963239275416,6.462799784682915e-05,348.33174445915824]","[53.074079010794655,0.23989046879957462,1.3391504316585543e-05,32.41413232963489]",039500331B1564D7457D32D795515BAF67FF6621242020306C3A16E9B7439934,149.381043177,0.292260061908,7.79529508561e-05,384.444199936,3166268506,fmin_l_bfgs_b,1,-24.21093087485019,0.5041183999856003,0,0,,completed_without_convergence_warning,False,False,,False,,False,,False
phase3b_kernel_noise,Phase 3B,F7F71204D643D1027D0FF4736F24213619BF6A09C2361C3C11F169797AC98A9C,E3E41FD0A915BE42A1C8872758FFCAFC04ECE3F11ABB0977B7E0016F2D6C8E0C,length,Melt-pool length,T0,rbf_learned_nugget,RBF + learned nugget,RBF,,True,197,sim_00199,199,368.42744999999996,366.6103766693015,1.817073330698463,1.817073330698463,3.301755489135606,4.62076669338043,21.351484834653913,17.595140887792024,309.58898286125066,17.595140887792024,total predictive variance including learned WhiteKernel nugget,2.5268182826667966,3.7918937934225228,3.7918937934225228,357.5536739502759,375.6670793883271,332.12390052922916,401.09685280937384,True,True,2.54**2 * RBF(length_scale=2.77) + WhiteKernel(noise_level=0.0351),6.4388610992966795,2.7738143353200986,0.03508457148872206,0.1873087597757298,288.2374980265968,16.977558659200586,0.1873087597757298,0.04973273936209494,341.3759,False,1e-08,numerical jitter only; separate from WhiteKernel nugget,240,241,True,False,False,False,True,True,False,"[""P"",""VX"",""LS"",""ST""]",343.7684510374712,90.6394270055939,"[158.21007377425707,0.6172548409711083,6.466576818206748e-05,348.41177301385403]","[53.07495776999273,0.24078616240374268,1.3416227248132452e-05,32.479416999911855]",591531B595DEA8857C8D48E5438C2B1CBE874C7486D0AEAEEAD146E1B32C4D54,150.755371566,0.566215971452,6.88880703989e-05,365.237346809,2070291602,fmin_l_bfgs_b,1,-24.52996087543775,1.0787555000279099,0,0,,completed_without_convergence_warning,False,False,,False,,False,,False
phase3b_kernel_noise,Phase 3B,F7F71204D643D1027D0FF4736F24213619BF6A09C2361C3C11F169797AC98A9C,E3E41FD0A915BE42A1C8872758FFCAFC04ECE3F11ABB0977B7E0016F2D6C8E0C,length,Melt-pool length,T0,rbf_learned_nugget,RBF + learned nugget,RBF,,True,198,sim_00200,200,378.0697999999,387.9231611625035,-9.853361162603505,9.853361162603505,97.0887262007031,7.951018182144842,63.21869013279787,18.71004100100396,350.06563425924935,18.71004100100396,total predictive variance including learned WhiteKernel nugget,3.760118452885909,3.9866710404686816,3.9866710404686816,372.3391655254996,403.5071567995074,351.2514808005357,424.5948415244713,True,True,2.54**2 * RBF(length_scale=2.77) + WhiteKernel(noise_level=0.0349),6.430563156672262,2.774502615229906,0.03492538887961419,0.18688335634725256,286.8469441264515,16.936556442395588,0.18688335634725256,0.049612630658448904,341.3759,False,1e-08,numerical jitter only; separate from WhiteKernel nugget,240,241,True,False,False,False,True,True,False,"[""P"",""VX"",""LS"",""ST""]",343.7282745791383,90.62634989776915,"[158.1920153232404,0.6155831188575083,6.466561758016956e-05,348.5894288825832]","[53.07675377311099,0.23973967090560763,1.341617964749922e-05,32.454344933441774]",5DAC0F1EA9C7B5A0627953946D252C9E8BBD916A13AD7B168F56997E9E514FFC,155.08939981,0.967429278716,6.89242148544e-05,322.599938314,1621162981,fmin_l_bfgs_b,1,-24.115368309245326,0.9594406000105664,0,0,,completed_without_convergence_warning,False,False,,False,,False,,False
phase3b_kernel_noise,Phase 3B,F7F71204D643D1027D0FF4736F24213619BF6A09C2361C3C11F169797AC98A9C,E3E41FD0A915BE42A1C8872758FFCAFC04ECE3F11ABB0977B7E0016F2D6C8E0C,length,Melt-pool length,T0,rbf_learned_nugget,RBF + learned nugget,RBF,,True,199,sim_00201,201,407.9838,415.39368773382876,-7.409887733828782,7.409887733828782,54.906436227946244,13.42131024719419,180.13156875143977,21.621329745555837,467.48189996605765,21.621329745555837,total predictive variance including learned WhiteKernel nugget,3.668188772700563,4.051344583739308,4.051344583739308,389.0879196493281,441.6994558183294,373.01588143253935,457.77149403511817,True,True,2.55**2 * RBF(length_scale=2.79) + WhiteKernel(noise_level=0.035),6.509637808585331,2.7854050107592627,0.03503917470719806,0.18718753886730297,287.3503312146178,16.9514108915635,0.18718753886730294,0.04965614412606016,341.3759,False,1e-08,numerical jitter only; separate from WhiteKernel nugget,240,241,True,False,False,False,True,True,False,"[""P"",""VX"",""LS"",""ST""]",343.6036329124712,90.55843671079163,"[158.18598712804456,0.6154796102171584,6.459924861557331e-05,348.2691872754707]","[53.07702365151251,0.23958232298602775,1.33554121104624e-05,32.329779738889165]",51E298746F28071336545754E888BF3837F9A601442E12CA8D6E33D64B10F6B7,156.536166657,0.9922713524,8.48527663575e-05,399.457924021,823846681,fmin_l_bfgs_b,1,-24.384500138474976,0.9190535999950953,0,0,,completed_without_convergence_warning,False,False,,False,,False,,False
phase3b_kernel_noise,Phase 3B,F7F71204D643D1027D0FF4736F24213619BF6A09C2361C3C11F169797AC98A9C,E3E41FD0A915BE42A1C8872758FFCAFC04ECE3F11ABB0977B7E0016F2D6C8E0C,length,Melt-pool length,T0,rbf_learned_nugget,RBF + learned nugget,RBF,,True,200,sim_00202,202,411.7458499999,405.11444205689554,6.631407943004433,6.631407943004433,43.975571306542285,9.795478284263432,95.95139481747646,19.587413754926278,383.66677760667517,19.587413754926278,total predictive variance including learned WhiteKernel nugget,3.4300148690475267,3.951135327632969,3.951135327632969,385.91530461973923,424.31357949405185,366.72311109724,443.5057730165511,True,True,2.54**2 * RBF(length_scale=2.78) + WhiteKernel(noise_level=0.0351),6.458997023385605,2.7790498444860647,0.03509257888063272,0.18733013340259147,287.7153827891987,16.9621750606813,0.18733013340259147,0.049687675845545336,341.3759,False,1e-08,numerical jitter only; separate from WhiteKernel nugget,240,241,True,False,False,False,True,True,False,"[""P"",""VX"",""LS"",""ST""]",343.5879577041384,90.546965149637,"[158.1623832111321,0.6158289622811667,6.45960090926779e-05,348.28685066069573]","[53.076492463561486,0.2400698692853228,1.3350403739020036e-05,32.356572746196726]",C6BBA4CBFF10224487D9E854729A59F2F62E26E24BA66C87609FC66B765C5215,162.201106716,0.908426857038,8.56302518524e-05,395.218711567,3595285114,fmin_l_bfgs_b,1,-24.63045351216934,0.7933090999722481,0,0,,completed_without_convergence_warning,False,False,,False,,False,,False
phase3b_kernel_noise,Phase 3B,F7F71204D643D1027D0FF4736F24213619BF6A09C2361C3C11F169797AC98A9C,E3E41FD0A915BE42A1C8872758FFCAFC04ECE3F11ABB0977B7E0016F2D6C8E0C,length,Melt-pool length,T0,rbf_learned_nugget,RBF + learned nugget,RBF,,True,201,sim_00203,203,260.29440000000005,275.17284058559,-14.878440585589942,14.878440585589942,221.36799425892997,8.520624416328928,72.6010404441407,18.98010567429907,360.2444114075598,18.98010567429907,total predictive variance including learned WhiteKernel nugget,4.58597927425136,4.169576845341393,4.169576845341393,258.4724167295853,291.8732644415947,237.97183346396383,312.37384770721616,True,True,2.55**2 * RBF(length_scale=2.79) + WhiteKernel(noise_level=0.0351),6.5208216201670055,2.7922995113139923,0.035126423078219254,0.18742044466444757,287.64337096341904,16.960052209926097,0.18742044466444757,0.04968145733171585,341.3759,False,1e-08,numerical jitter only; separate from WhiteKernel nugget,240,241,True,False,False,False,True,True,False,"[""P"",""VX"",""LS"",""ST""]",344.21900541247123,90.49200710355217,"[158.1467146763779,0.6185224782908458,6.472472650553206e-05,348.6525877958957]","[53.074742809144134,0.23971089774846277,1.3403555389223239e-05,32.38889020092193]",98DE4B439DF29F78A9B74FE33E965B4F354FBD8A68D13004880AF886B35AA1B0,165.961555057,0.261983014715,5.47380727674e-05,307.441799119,2080124195,fmin_l_bfgs_b,1,-24.35576432139203,0.5878832999733277,0,0,,completed_without_convergence_warning,False,False,,False,,False,,False
phase3b_kernel_noise,Phase 3B,F7F71204D643D1027D0FF4736F24213619BF6A09C2361C3C11F169797AC98A9C,E3E41FD0A915BE42A1C8872758FFCAFC04ECE3F11ABB0977B7E0016F2D6C8E0C,length,Melt-pool length,T0,rbf_learned_nugget,RBF + learned nugget,RBF,,True,202,sim_00204,204,419.05935,411.48904446974336,7.570305530256633,7.570305530256633,57.30952582143416,6.294539141814925,39.621223007840165,18.084369504780245,327.04442038542567,18.084369504780245,total predictive variance including learned WhiteKernel nugget,3.4818385145792465,3.901603877365574,3.901603877365574,399.1517477517861,423.8263411877006,376.0436802403741,446.9344086991126,True,True,2.55**2 * RBF(length_scale=2.78) + WhiteKernel(noise_level=0.0351),6.503217958741886,2.776441792924129,0.03507566978022771,0.187284996142851,287.42319737758544,16.953560020762172,0.187284996142851,0.04966243961791729,341.3759,False,1e-08,numerical jitter only; separate from WhiteKernel nugget,240,241,True,False,False,False,True,True,False,"[""P"",""VX"",""LS"",""ST""]",343.55748478747125,90.52278810327604,"[158.1224133278779,0.6162687715307082,6.463767511206122e-05,348.31214065608737]","[53.06982361053026,0.2405084187825474,1.3400287927863677e-05,32.390854778163536]",4529EF670D8A1FBBC4FE67A465E0B81F00295BD40473F03713AE2EFDAE2071DA,171.793878697,0.802872637148,7.56304072004e-05,389.149112673,4013475538,fmin_l_bfgs_b,1,-24.749818754217785,1.3089793000253849,0,0,,completed_without_convergence_warning,False,False,,False,,False,,False
phase3b_kernel_noise,Phase 3B,F7F71204D643D1027D0FF4736F24213619BF6A09C2361C3C11F169797AC98A9C,E3E41FD0A915BE42A1C8872758FFCAFC04ECE3F11ABB0977B7E0016F2D6C8E0C,length,Melt-pool length,T0,rbf_learned_nugget,RBF + learned nugget,RBF,,True,203,sim_00205,205,416.34369999999996,414.1720475850509,2.171652414949051,2.171652414949051,4.716074211354045,6.181211160874746,38.20737141532252,18.066337282085275,326.39254279006434,18.066337282085275,total predictive variance including learned WhiteKernel nugget,2.802169576810073,3.820213464642578,3.820213464642578,402.0568737097364,426.2872214603654,378.76202651216374,449.58206865793807,True,True,2.54**2 * RBF(length_scale=2.77) + WhiteKernel(noise_level=0.0352),6.464228030711078,2.7746918215447796,0.03516145798303878,0.1875138874404741,288.18517137474186,16.976017535769156,0.1875138874404741,0.04972822491502522,341.3759,False,1e-08,numerical jitter only; separate from WhiteKernel nugget,240,241,True,False,False,False,True,True,False,"[""P"",""VX"",""LS"",""ST""]",343.56879999580457,90.53205481198377,"[158.09580810580707,0.6168042229966499,6.468623012886998e-05,348.2973380253874]","[53.06136187838237,0.24078006030074034,1.3418906141146044e-05,32.37137125023753]",CE66DBFF951E45A11158D60547EEB9FA80FF52B5FC541171EF340A41209C1BDB,178.179131994,0.674364285322,6.39772031663e-05,392.701744041,3046980894,fmin_l_bfgs_b,1,-24.863701857467703,0.7228385000489652,0,0,,completed_without_convergence_warning,False,False,,False,,False,,False
phase3b_kernel_noise,Phase 3B,F7F71204D643D1027D0FF4736F24213619BF6A09C2361C3C11F169797AC98A9C,E3E41FD0A915BE42A1C8872758FFCAFC04ECE3F11ABB0977B7E0016F2D6C8E0C,length,Melt-pool length,T0,rbf_learned_nugget,RBF + learned nugget,RBF,,True,204,sim_00206,206,423.92789999999997,424.8810377403953,-0.9531377403953343,0.9531377403953343,0.9084715521659237,11.16395612675349,124.63391640007679,20.31386697515984,412.6531914844896,20.31386697515984,total predictive variance including learned WhiteKernel nugget,3.3352734789026792,3.931343057111746,3.931343057111746,402.99968373195844,446.76239174883216,385.065858469082,464.6962170117086,True,True,2.54**2 * RBF(length_scale=2.77) + WhiteKernel(noise_level=0.0352),6.429517557899218,2.7746964263709373,0.03516198181439503,0.18751528421543412,288.01927508441287,16.971130636596165,0.18751528421543415,0.04971390961282318,341.3759,False,1e-08,numerical jitter only; separate from WhiteKernel nugget,240,241,True,False,False,False,True,True,False,"[""P"",""VX"",""LS"",""ST""]",343.53719916247127,90.50531911360478,"[158.0864579191154,0.6160582285707707,6.45811230403904e-05,348.54850518648317]","[53.05762423129488,0.24032278318008576,1.3324925592007622e-05,32.480887651062794]",61ABA87B525A74EA871BD0D3A846917CD649E617F7AD6FC81A2E94A0123092DD,180.4231768,0.853402947533,8.92029044014e-05,332.421625378,3576116719,fmin_l_bfgs_b,1,-24.782189177471196,1.310202200023923,0,0,,completed_without_convergence_warning,False,False,,False,,False,,False
phase3b_kernel_noise,Phase 3B,F7F71204D643D1027D0FF4736F24213619BF6A09C2361C3C11F169797AC98A9C,E3E41FD0A915BE42A1C8872758FFCAFC04ECE3F11ABB0977B7E0016F2D6C8E0C,length,Melt-pool length,T0,rbf_learned_nugget,RBF + learned nugget,RBF,,True,205,sim_00207,207,438.48655,437.9725720041774,0.5139779958226427,0.5139779958226427,0.26417338018986053,10.757893629428285,115.73227534209367,20.09116150492607,403.6547706170232,20.09116150492607,total predictive variance including learned WhiteKernel nugget,3.2957196219073426,3.919545752316036,3.919545752316036,416.8871004904979,459.05804351785685,398.5938954545223,477.3512485538325,True,True,2.54**2 * RBF(length_scale=2.78) + WhiteKernel(noise_level=0.0352),6.427102948854882,2.7769510514163125,0.035195884492145176,0.18760566220704847,287.92249527492953,16.96827908996459,0.18760566220704847,0.049705556513991146,341.3759,False,1e-08,numerical jitter only; separate from WhiteKernel nugget,240,241,True,False,False,False,True,True,False,"[""P"",""VX"",""LS"",""ST""]",343.4765381208046,90.44651899278912,"[158.0814358275029,0.6156435065472167,6.46645853600529e-05,348.26958462322904]","[53.055452656760934,0.23982644831455277,1.341584242357277e-05,32.33040827726028]",F5CF566C6E263EF70A533366703DB5B78575363972EF3B6D5866F42ED258BEB2,181.628478787,0.952936233186,6.91719476824e-05,399.362560559,3468366075,fmin_l_bfgs_b,1,-24.780268865573987,0.5198763000080362,0,0,,completed_without_convergence_warning,False,False,,False,,False,,False
phase3b_kernel_noise,Phase 3B,F7F71204D643D1027D0FF4736F24213619BF6A09C2361C3C11F169797AC98A9C,E3E41FD0A915BE42A1C8872758FFCAFC04ECE3F11ABB0977B7E0016F2D6C8E0C,length,Melt-pool length,T0,rbf_learned_nugget,RBF + learned nugget,RBF,,True,206,sim_00208,208,271.544,254.69973773511066,16.844262264889323,16.844262264889323,283.7291712483744,6.390087189444993,40.833214288709016,18.05535448855542,325.99582570739835,18.05535448855542,total predictive variance including learned WhiteKernel nugget,6.247931324890715,4.247553834329779,4.247553834329779,242.17516684379848,267.22430862642284,219.31124293754203,290.0882325326793,False,True,2.5**2 * RBF(length_scale=2.75) + WhiteKernel(noise_level=0.0348),6.230545103176056,2.7488441360356974,0.03479229970329339,0.18652694095838646,285.1626114186893,16.8867584639175,0.18652694095838646,0.0494667563349302,341.3759,False,1e-08,numerical jitter only; separate from WhiteKernel nugget,240,241,True,False,False,False,True,True,False,"[""P"",""VX"",""LS"",""ST""]",344.1721320791379,90.53254386284542,"[158.05229115773625,0.6185580307547042,6.47034005358604e-05,348.3753401301415]","[53.04058641072666,0.23965737661913497,1.341535095137991e-05,32.45561011209701]",92F35DFDF9B9775BF1E6B5F3C6B63A8288CA7CADF690E9E08839AC8454DE32E1,188.623199531,0.253450423389,5.98563054886e-05,373.9812389,3960928523,fmin_l_bfgs_b,1,-24.101603225999582,0.7163895999547094,0,0,,completed_without_convergence_warning,False,False,,False,,False,,False
phase3b_kernel_noise,Phase 3B,F7F71204D643D1027D0FF4736F24213619BF6A09C2361C3C11F169797AC98A9C,E3E41FD0A915BE42A1C8872758FFCAFC04ECE3F11ABB0977B7E0016F2D6C8E0C,length,Melt-pool length,T0,rbf_learned_nugget,RBF + learned nugget,RBF,,True,207,sim_00209,209,431.6813,434.32129888546825,-2.6399988854682306,2.6399988854682306,6.9695941152735,5.630654398966446,31.704268960600192,17.88568905592629,319.89787300528144,17.88568905592629,total predictive variance including learned WhiteKernel nugget,2.7570799073502466,3.813832899624233,3.813832899624233,423.285216263494,445.3573815074425,399.2653483358527,469.3772494350838,True,True,2.53**2 * RBF(length_scale=2.77) + WhiteKernel(noise_level=0.0352),6.425641585026288,2.7704944810407803,0.03520667042961136,0.18763440630548375,288.19360404468114,16.976265904040297,0.18763440630548375,0.049728952465713884,341.3759,False,1e-08,numerical jitter only; separate from WhiteKernel nugget,240,241,True,False,False,False,True,True,False,"[""P"",""VX"",""LS"",""ST""]",343.50489332913793,90.47522913469071,"[158.04669242741122,0.6169287895845875,6.467161684713707e-05,348.31638620097493]","[53.03728816518557,0.24080207225512962,1.3417760594737231e-05,32.39613988910762]",FA67A57668F3773F536D68B42CD906D5ADECE8EABF57CA7F91774EF2398A03A2,189.966894809,0.644468304217,6.74843907822e-05,388.1301819,11631614,fmin_l_bfgs_b,1,-25.016589742774755,0.6862819000380114,0,0,,completed_without_convergence_warning,False,False,,False,,False,,False
phase3b_kernel_noise,Phase 3B,F7F71204D643D1027D0FF4736F24213619BF6A09C2361C3C11F169797AC98A9C,E3E41FD0A915BE42A1C8872758FFCAFC04ECE3F11ABB0977B7E0016F2D6C8E0C,length,Melt-pool length,T0,rbf_learned_nugget,RBF + learned nugget,RBF,,True,208,sim_00210,210,390.5658,375.8561702804826,14.709629719517409,14.709629719517409,216.3732064853098,4.893941646413993,23.950664838505308,17.665313991776657,312.06331842806014,17.665313991776657,total predictive variance including learned WhiteKernel nugget,7.023997122753618,4.1372231652893205,4.1372231652893205,366.2640446535112,385.44829590745405,341.23215485660035,410.4801857043649,False,True,2.53**2 * RBF(length_scale=2.78) + WhiteKernel(noise_level=0.0351),6.406775368824877,2.781486598894048,0.035097570665735774,0.1873434564262541,288.1126535895548,16.97388151218085,0.18734345642625413,0.04972196781372337,341.3759,False,1e-08,numerical jitter only; separate from WhiteKernel nugget,240,241,True,False,False,False,True,True,False,"[""P"",""VX"",""LS"",""ST""]",343.6762079124712,90.60301243487758,"[158.04061499141542,0.6179155634725959,6.467420370941582e-05,348.3649019407915]","[53.03354644517964,0.24042737235610426,1.3418242774590925e-05,32.44696921072484]",DC3D358750CBC4F68DA1333CCE31F95CA89B894D24AE76CCDE7B7BD06585CEC5,191.425479448,0.407642571095,6.68635438353e-05,376.486404344,1197895288,fmin_l_bfgs_b,1,-24.22178711369716,0.6194052000064403,0,0,,completed_without_convergence_warning,False,False,,False,,False,,False
phase3b_kernel_noise,Phase 3B,F7F71204D643D1027D0FF4736F24213619BF6A09C2361C3C11F169797AC98A9C,E3E41FD0A915BE42A1C8872758FFCAFC04ECE3F11ABB0977B7E0016F2D6C8E0C,length,Melt-pool length,T0,rbf_learned_nugget,RBF + learned nugget,RBF,,True,209,sim_00211,211,452.0165999999,446.7172302287287,5.299369771171314,5.299369771171314,28.083319971604304,5.477190336959611,29.999613987283734,17.825049720766813,317.73239754780906,17.825049720766813,total predictive variance including learned WhiteKernel nugget,3.087592145897,3.8437366418265464,3.8437366418265464,435.98193716828786,457.4525232891695,411.7801327760257,481.65432768143165,True,True,2.55**2 * RBF(length_scale=2.78) + WhiteKernel(noise_level=0.0352),6.502052305691263,2.7762812458702526,0.035222114960931514,0.18767555770779398,287.73278356052526,16.962687981582555,0.18767555770779398,0.049689178356124596,341.3759,False,1e-08,numerical jitter only; separate from WhiteKernel nugget,240,241,True,False,False,False,True,True,False,"[""P"",""VX"",""LS"",""ST""]",343.42016291247165,90.38304288933044,"[158.02864025345292,0.6162534573090959,6.464665807304207e-05,348.342149546554]","[53.02568189573128,0.2404964190975826,1.340692969929319e-05,32.42532018539485]",F9BC6308A2710AB42926FA795AAA791AB5121887E188EBA7F6FF441A907E8E25,194.299416559,0.806548050335,7.3474496565e-05,381.946978961,2086416154,fmin_l_bfgs_b,1,-25.150582518850626,0.587044199986849,0,0,,completed_without_convergence_warning,False,False,,False,,False,,False
phase3b_kernel_noise,Phase 3B,F7F71204D643D1027D0FF4736F24213619BF6A09C2361C3C11F169797AC98A9C,E3E41FD0A915BE42A1C8872758FFCAFC04ECE3F11ABB0977B7E0016F2D6C8E0C,length,Melt-pool length,T0,rbf_learned_nugget,RBF + learned nugget,RBF,,True,210,sim_00212,212,370.77355,359.2091028484091,11.564447151590912,11.564447151590912,133.73643792193914,4.9579455255991745,24.581223834808874,17.685193020428176,312.76605216980147,17.685193020428176,total predictive variance including learned WhiteKernel nugget,5.240226552706662,4.005462551749292,4.005462551749292,349.4915296182347,368.92667607858345,324.5461245283699,393.8720811684483,False,True,2.52**2 * RBF(length_scale=2.78) + WhiteKernel(noise_level=0.0351),6.3646025556731445,2.776567165429226,0.035080317405742426,0.18729740362787314,288.1848283349926,16.976007432108194,0.18729740362787314,0.04972819531814693,341.3759,False,1e-08,numerical jitter only; separate from WhiteKernel nugget,240,241,True,False,False,False,True,True,False,"[""P"",""VX"",""LS"",""ST""]",343.7586756208046,90.63664046212045,"[158.01947497428625,0.618056965543246,6.468235768386206e-05,348.46275635342903]","[53.01922134812948,0.2402936466482771,1.3418976092296253e-05,32.4961804681492]",B129E18DB32255584108BDA45BC3F65E2706CF5A64816C0703BACDC6FA5F8ACE,196.499083559,0.373706074139,6.49065899682e-05,353.001345311,1181728391,fmin_l_bfgs_b,1,-24.195832588656856,0.4915305000031367,0,0,,completed_without_convergence_warning,False,False,,False,,False,,False
phase3b_kernel_noise,Phase 3B,F7F71204D643D1027D0FF4736F24213619BF6A09C2361C3C11F169797AC98A9C,E3E41FD0A915BE42A1C8872758FFCAFC04ECE3F11ABB0977B7E0016F2D6C8E0C,length,Melt-pool length,T0,rbf_learned_nugget,RBF + learned nugget,RBF,,True,211,sim_00213,213,326.3569999999,319.5589292389549,6.798070760945109,6.798070760945109,46.21376607081681,6.050896488566145,36.6133483153421,18.01398128063507,324.50352157907065,18.01398128063507,total predictive variance including learned WhiteKernel nugget,3.3502504070144634,3.8812936065301633,3.8812936065301633,307.6991721213652,331.4186863565445,284.25152592891016,354.8663325489996,True,True,2.52**2 * RBF(length_scale=2.77) + WhiteKernel(noise_level=0.035),6.353666019262984,2.7723520829776707,0.035037007665736905,0.18718175035439996,287.8901732637286,16.967326638682025,0.18718175035439996,0.04970276647731144,341.3759,False,1e-08,numerical jitter only; separate from WhiteKernel nugget,240,241,True,False,False,False,True,True,False,"[""P"",""VX"",""LS"",""ST""]",343.9437445791383,90.64626549627296,"[158.0086688308696,0.6182952999155584,6.470566506063998e-05,348.55646108167485]","[53.01111258778405,0.24002265017717442,1.3414486667388198e-05,32.476702429114525]",246E811E88C0C3AA4DAB55C584C9EB215E4047597B11A00A02B56C56335F24A9,199.092557979,0.316505824784,5.93128195415e-05,330.512210532,2923216102,fmin_l_bfgs_b,1,-24.24874774766687,0.5134026000159793,0,0,,completed_without_convergence_warning,False,False,,False,,False,,False
phase3b_kernel_noise,Phase 3B,F7F71204D643D1027D0FF4736F24213619BF6A09C2361C3C11F169797AC98A9C,E3E41FD0A915BE42A1C8872758FFCAFC04ECE3F11ABB0977B7E0016F2D6C8E0C,length,Melt-pool length,T0,rbf_learned_nugget,RBF + learned nugget,RBF,,True,212,sim_00214,214,402.6010999999,400.8469423139466,1.7541576859533734,1.7541576859533734,3.0770691871892937,5.640350142887384,31.813549734369737,17.891445093246396,320.10380752465056,17.891445093246396,total predictive variance including learned WhiteKernel nugget,2.69724566361135,3.80806756548439,3.80806756548439,389.7918560338873,411.9020285940059,365.7797099311837,435.91417469670955,True,True,2.54**2 * RBF(length_scale=2.77) + WhiteKernel(noise_level=0.0351),6.4304518987064725,2.774609687311262,0.03514193294589978,0.18746181730128347,288.2902577902808,16.979112397009477,0.18746181730128347,0.04973729076074051,341.3759,False,1e-08,numerical jitter only; separate from WhiteKernel nugget,240,241,True,False,False,False,True,True,False,"[""P"",""VX"",""LS"",""ST""]",343.62606082913834,90.57371064381134,"[157.99395721130708,0.6176428867727418,6.471555023415581e-05,348.4541213268541]","[52.99921769845609,0.24062850100705796,1.3409634014699045e-05,32.494697929018606]",A701C1A134E33A8DE789D1711A65C416617BD61CEAEE0674512D323A48D0202F,202.623346674,0.47308497906,5.69403778977e-05,355.073751689,1424681843,fmin_l_bfgs_b,1,-24.668155474754656,0.6141856000176631,0,0,,completed_without_convergence_warning,False,False,,False,,False,,False
phase3b_kernel_noise,Phase 3B,F7F71204D643D1027D0FF4736F24213619BF6A09C2361C3C11F169797AC98A9C,E3E41FD0A915BE42A1C8872758FFCAFC04ECE3F11ABB0977B7E0016F2D6C8E0C,length,Melt-pool length,T0,rbf_learned_nugget,RBF + learned nugget,RBF,,True,213,sim_00215,215,299.9695,318.3255203154115,-18.356020315411513,18.356020315411513,336.9434818198002,13.136592436145706,172.5700608334006,21.41365555063799,458.5446440413692,21.41365555063799,total predictive variance including learned WhiteKernel nugget,4.470591454264738,4.350372679894109,4.350372679894109,292.5777991405659,344.0732414902571,276.35475543616104,360.29628519466195,True,True,2.5**2 * RBF(length_scale=2.75) + WhiteKernel(noise_level=0.0348),6.243248405588406,2.7540734883877658,0.03483261964894199,0.1866349904196477,285.9745832079686,16.91078304538168,0.18663499041964768,0.049537132074588985,341.3759,False,1e-08,numerical jitter only; separate from WhiteKernel nugget,240,241,True,False,False,False,True,True,False,"[""P"",""VX"",""LS"",""ST""]",344.05369249580457,90.60885639588741,"[157.98194198419458,0.6183501727676126,6.475250730637664e-05,348.5434998390332]","[52.988770697368196,0.23995213447983615,1.337588970225675e-05,32.483279790996605]",274C6B834C56C54BB191459EEDD4F1D04F4A5FA57C6759229569F04AEEA60CF8,205.507001181,0.303336340291,4.80706805647e-05,333.622908766,2982519932,fmin_l_bfgs_b,1,-23.93031252664545,0.6771577000035904,0,0,,completed_without_convergence_warning,False,False,,False,,False,,False
phase3b_kernel_noise,Phase 3B,F7F71204D643D1027D0FF4736F24213619BF6A09C2361C3C11F169797AC98A9C,E3E41FD0A915BE42A1C8872758FFCAFC04ECE3F11ABB0977B7E0016F2D6C8E0C,length,Melt-pool length,T0,rbf_learned_nugget,RBF + learned nugget,RBF,,True,214,sim_00216,216,354.9286,349.29407511444765,5.634524885552366,5.634524885552366,31.747870685908907,6.055699814345496,36.671500241464074,18.015650564054482,324.56366524611656,18.015650564054482,total predictive variance including learned WhiteKernel nugget,3.1528069263774716,3.8590879301501477,3.8590879301501477,337.42490347833046,361.16324675056484,313.98340000890084,384.60475021999446,True,True,2.53**2 * RBF(length_scale=2.78) + WhiteKernel(noise_level=0.035),6.401140193436471,2.7765227485409745,0.03503395944342035,0.1871736077640765,287.8921650046525,16.96738533200247,0.1871736077640765,0.0497029384089576,341.3759,False,1e-08,numerical jitter only; separate from WhiteKernel nugget,240,241,True,False,False,False,True,True,False,"[""P"",""VX"",""LS"",""ST""]",343.82469624580455,90.65052244646081,"[157.97180192706125,0.6182871522367585,6.464069790318372e-05,348.38781352775]","[52.97944154655076,0.24003286101445784,1.340268525089056e-05,32.46487204225917]",7A3F3E49A0154EC0AD0650BAB2B62FECE1C85109196024BB27E29F78A4DAC474,207.940614893,0.318461267696,7.4904937331e-05,370.987623474,888789040,fmin_l_bfgs_b,1,-24.29941708037788,0.6006171000190079,0,0,,completed_without_convergence_warning,False,False,,False,,False,,False
phase3b_kernel_noise,Phase 3B,F7F71204D643D1027D0FF4736F24213619BF6A09C2361C3C11F169797AC98A9C,E3E41FD0A915BE42A1C8872758FFCAFC04ECE3F11ABB0977B7E0016F2D6C8E0C,length,Melt-pool length,T0,rbf_learned_nugget,RBF + learned nugget,RBF,,True,215,sim_00217,217,265.17940000000004,281.05575560237156,-15.876355602371518,15.876355602371518,252.05866721295348,13.833808146659129,191.37424783857247,21.904833339847567,479.8217236464975,21.904833339847567,total predictive variance including learned WhiteKernel nugget,4.204603068542311,4.26830451161681,4.26830451161681,253.94149163491966,308.17001956982347,238.12228225627032,323.98922894847277,True,True,2.48**2 * RBF(length_scale=2.77) + WhiteKernel(noise_level=0.0352),6.14653485015202,2.7650822775235175,0.03521035800986815,0.18764423255157126,288.44747580792506,16.98374151381035,0.18764423255157126,0.04975085093531896,341.3759,False,1e-08,numerical jitter only; separate from WhiteKernel nugget,240,241,True,False,False,False,True,True,False,"[""P"",""VX"",""LS"",""ST""]",344.19865124580457,90.51033054875597,"[157.96128474687376,0.6186261008120959,6.468354454241373e-05,348.6583569967999]","[52.969269461593406,0.23955132163068302,1.3418983275532479e-05,32.38142492914923]",C3B7D693A75DA0805EAF72001EF1BFA691F5D71489E4856B9A3CB69B7F944A53,210.464738138,0.237113609615,6.46217439158e-05,306.057190902,4283141951,fmin_l_bfgs_b,1,-24.18158470589364,0.3855959000065923,0,0,,completed_without_convergence_warning,False,False,,False,,False,,False
phase3b_kernel_noise,Phase 3B,F7F71204D643D1027D0FF4736F24213619BF6A09C2361C3C11F169797AC98A9C,E3E41FD0A915BE42A1C8872758FFCAFC04ECE3F11ABB0977B7E0016F2D6C8E0C,length,Melt-pool length,T0,rbf_learned_nugget,RBF + learned nugget,RBF,,True,216,sim_00218,218,360.6214,357.0694072247505,3.5519927752495164,3.5519927752495164,12.616652675424762,5.966231307091401,35.59591600971756,17.993604551015746,323.7698047383346,17.993604551015746,total predictive variance including learned WhiteKernel nugget,2.8822744979839277,3.828438911228981,3.828438911228981,345.37559386285136,368.7632205866496,321.8019423047596,392.33687214474133,True,True,2.53**2 * RBF(length_scale=2.78) + WhiteKernel(noise_level=0.0351),6.403450365136267,2.7779494260927753,0.035071069627255896,0.18727271458292022,288.173888728617,16.97568522118082,0.18727271458292022,0.04972725145852657,341.3759,False,1e-08,numerical jitter only; separate from WhiteKernel nugget,240,241,True,False,False,False,True,True,False,"[""P"",""VX"",""LS"",""ST""]",343.80097624580463,90.64686897388015,"[157.94708627228206,0.618239212600246,6.465531404747247e-05,348.30855984239986]","[52.95473524244019,0.2400915816648333,1.3411954887711907e-05,32.38629222258617]",26A2F9823C0A10B04F8E48042BBB2DB503E2C0BEECED43B3C74A3FB46449A4B3,213.87237204,0.329966780459,7.13970627017e-05,390.008507958,1033872183,fmin_l_bfgs_b,1,-24.405784104077355,0.5928274999605492,0,0,,completed_without_convergence_warning,False,False,,False,,False,,False
phase3b_kernel_noise,Phase 3B,F7F71204D643D1027D0FF4736F24213619BF6A09C2361C3C11F169797AC98A9C,E3E41FD0A915BE42A1C8872758FFCAFC04ECE3F11ABB0977B7E0016F2D6C8E0C,length,Melt-pool length,T0,rbf_learned_nugget,RBF + learned nugget,RBF,,True,217,sim_00219,219,435.58509999999995,433.762972651965,1.8221273480349396,1.8221273480349396,3.320148072456842,7.9827439252946135,63.72420057682805,18.756587737871644,351.8095835684769,18.756587737871644,total predictive variance including learned WhiteKernel nugget,3.022271655614604,3.8552022419473166,3.8552022419473166,418.1167945583876,449.40915074554243,397.00006068573657,470.52588461819346,True,True,2.54**2 * RBF(length_scale=2.77) + WhiteKernel(noise_level=0.0352),6.431468485328492,2.7705435613321585,0.03520606123554139,0.18763278294461602,288.0853829916489,16.973078182570447,0.18763278294461602,0.04971961460246739,341.3759,False,1e-08,numerical jitter only; separate from WhiteKernel nugget,240,241,True,False,False,False,True,True,False,"[""P"",""VX"",""LS"",""ST""]",343.48862749580456,90.4590227581948,"[157.9284199985529,0.6168532708895,6.470425644186165e-05,348.65212612184985]","[52.934225031033904,0.24079058134669784,1.3415035120439134e-05,32.38947682478081]",542765996F939E4F2DFCF31C2961D433520A7BC53FA2E07FD2E79C6F3FC187FE,218.352277735,0.662592791038,5.96508880483e-05,307.55260089,4013178461,fmin_l_bfgs_b,1,-25.055163081210907,0.47612690000096336,0,0,,completed_without_convergence_warning,False,False,,False,,False,,False
phase3b_kernel_noise,Phase 3B,F7F71204D643D1027D0FF4736F24213619BF6A09C2361C3C11F169797AC98A9C,E3E41FD0A915BE42A1C8872758FFCAFC04ECE3F11ABB0977B7E0016F2D6C8E0C,length,Melt-pool length,T0,rbf_learned_nugget,RBF + learned nugget,RBF,,True,218,sim_00220,220,492.01249999999993,490.6598763644733,1.3526236355266406,1.3526236355266406,1.8295906993853062,9.053578574368181,81.96728500225859,19.23579277322071,370.01572361429004,19.23579277322071,total predictive variance including learned WhiteKernel nugget,3.1332591288179112,3.878183598499671,3.878183598499671,472.9148623587117,508.4048903702349,452.9577225289607,528.3620301999858,True,True,2.55**2 * RBF(length_scale=2.78) + WhiteKernel(noise_level=0.0354),6.483550040216472,2.776621750266569,0.03544685294951749,0.18827334635980073,288.0484386120316,16.971989824768087,0.18827334635980073,0.04971642645180309,341.3759,False,1e-08,numerical jitter only; separate from WhiteKernel nugget,240,241,True,False,False,False,True,True,False,"[""P"",""VX"",""LS"",""ST""]",343.2535133291379,90.1454728081036,"[157.92729052238624,0.6159537388220417,6.461404667148207e-05,348.3460684776916]","[52.932932826115504,0.24021408924415802,1.3375861962637474e-05,32.429324351071145]",7F7874A18B79EEC4A70C78AC3A0AE5BF9F06EDCCA4F6BF2E1901A7019BBC707F,218.623352015,0.878480487228,8.13012329394e-05,381.006435488,2063564027,fmin_l_bfgs_b,1,-25.7504343949947,0.7700484999804758,0,0,,completed_without_convergence_warning,False,False,,False,,False,,False
phase3b_kernel_noise,Phase 3B,F7F71204D643D1027D0FF4736F24213619BF6A09C2361C3C11F169797AC98A9C,E3E41FD0A915BE42A1C8872758FFCAFC04ECE3F11ABB0977B7E0016F2D6C8E0C,length,Melt-pool length,T0,rbf_learned_nugget,RBF + learned nugget,RBF,,True,219,sim_00221,221,450.88829999999996,452.3738705507926,-1.4855705507926587,1.4855705507926587,2.2069198613824033,11.008986976639864,121.19779425182614,20.22397073556333,409.00899231292203,20.22397073556333,total predictive variance including learned WhiteKernel nugget,3.3267550908891823,3.9285049908776255,3.9285049908776255,430.79625607657846,473.9514850250068,412.7348879090885,492.0128531924967,True,True,2.54**2 * RBF(length_scale=2.78) + WhiteKernel(noise_level=0.0352),6.437000749153022,2.779776341623465,0.03522733368922881,0.18768946078357412,287.81119806109575,16.964999206044656,0.18768946078357415,0.04969594867723426,341.3759,False,1e-08,numerical jitter only; separate from WhiteKernel nugget,240,241,True,False,False,False,True,True,False,"[""P"",""VX"",""LS"",""ST""]",343.42486416247124,90.3886618631565,"[157.91300300144457,0.6154559865211751,6.473213535618082e-05,348.3339137266208]","[52.9160825171363,0.23954488632239,1.3397540411304968e-05,32.41653151948179]",2D5EA8D6A5D8BD522191913AE5E187F59766EC4D006F07AC1B0487ABAE8868A5,222.052357041,0.997941039436,5.29599486117e-05,383.923575745,3838726776,fmin_l_bfgs_b,1,-24.858291523382206,0.6495884999749251,0,0,,completed_without_convergence_warning,False,False,,False,,False,,False
phase3b_kernel_noise,Phase 3B,F7F71204D643D1027D0FF4736F24213619BF6A09C2361C3C11F169797AC98A9C,E3E41FD0A915BE42A1C8872758FFCAFC04ECE3F11ABB0977B7E0016F2D6C8E0C,length,Melt-pool length,T0,rbf_learned_nugget,RBF + learned nugget,RBF,,True,220,sim_00222,222,430.2324,432.626776497773,-2.3943764977730098,2.3943764977730098,5.733038813087743,10.077038158888778,101.54669805570053,19.73714933380438,389.5550638248946,19.73714933380438,total predictive variance including learned WhiteKernel nugget,3.2574265023459996,3.9087995908638273,3.9087995908638273,412.875781706351,452.377771289195,393.9419638035164,471.3115891920296,True,True,2.53**2 * RBF(length_scale=2.77) + WhiteKernel(noise_level=0.0352),6.425390492490496,2.7699662417462583,0.03517950335256652,0.18756199868994392,288.0083657691941,16.970809225525873,0.1875619986899439,0.04971296809624192,341.3759,False,1e-08,numerical jitter only; separate from WhiteKernel nugget,240,241,True,False,False,False,True,True,False,"[""P"",""VX"",""LS"",""ST""]",343.5109304124713,90.48106409646486,"[157.90838242877373,0.6172038536013041,6.474995441967998e-05,348.4373411884624]","[52.910433022154095,0.24079566887713666,1.3379014474224952e-05,32.490235114066174]",A72E3FFCB399167A86905997F6A61411F586D9F4698B909E7A4B6DED08400606,223.161294482,0.578452940205,4.86833733719e-05,359.100984903,3082608382,fmin_l_bfgs_b,1,-24.93684613937299,0.43035159999271855,0,0,,completed_without_convergence_warning,False,False,,False,,False,,False
phase3b_kernel_noise,Phase 3B,F7F71204D643D1027D0FF4736F24213619BF6A09C2361C3C11F169797AC98A9C,E3E41FD0A915BE42A1C8872758FFCAFC04ECE3F11ABB0977B7E0016F2D6C8E0C,length,Melt-pool length,T0,rbf_learned_nugget,RBF + learned nugget,RBF,,True,221,sim_00223,223,275.9694,268.6256929164799,7.343707083520087,7.343707083520087,53.9300337285431,9.819968635840622,96.43178400889353,19.57765826657352,383.2847032027344,19.57765826657352,total predictive variance including learned WhiteKernel nugget,3.4829843576009836,3.963680012171579,3.963680012171579,249.3785543902323,287.87283144272754,230.25348271399582,306.997903118964,True,True,2.55**2 * RBF(length_scale=2.78) + WhiteKernel(noise_level=0.035),6.47832084004334,2.7785184697785037,0.034987448131843346,0.18704932005180705,286.8529191938409,16.936732837056883,0.18704932005180708,0.04961314737524495,341.3759,False,1e-08,numerical jitter only; separate from WhiteKernel nugget,240,241,True,False,False,False,True,True,False,"[""P"",""VX"",""LS"",""ST""]",344.1536929124713,90.54688267439793,"[157.89859051719458,0.6186018948860376,6.468682620160706e-05,348.5137020156457]","[52.89813714727894,0.23958957450803042,1.3418871455291978e-05,32.493671412727146]",CEF7687237E8B3B64BD20C1449B3B020589E77669F8A26FC5959C001F47DC989,225.511353261,0.242923031869,6.38341457094e-05,340.774386379,3235503719,fmin_l_bfgs_b,1,-24.33166610378322,0.8365278999553993,0,0,,completed_without_convergence_warning,False,False,,False,,False,,False
phase3b_kernel_noise,Phase 3B,F7F71204D643D1027D0FF4736F24213619BF6A09C2361C3C11F169797AC98A9C,E3E41FD0A915BE42A1C8872758FFCAFC04ECE3F11ABB0977B7E0016F2D6C8E0C,length,Melt-pool length,T0,rbf_learned_nugget,RBF + learned nugget,RBF,,True,222,sim_00224,224,461.3197,466.75659845527315,-5.436898455273138,5.436898455273138,29.55986481295143,5.3158545510744775,28.258309608179236,17.78200665022169,316.19976050852836,17.78200665022169,total predictive variance including learned WhiteKernel nugget,3.11266191433981,3.843868006519298,3.843868006519298,456.3375235351672,477.1756733753791,431.90386542083866,501.60933148970764,True,True,2.54**2 * RBF(length_scale=2.77) + WhiteKernel(noise_level=0.0353),6.442414290255047,2.7698018674108087,0.03528558775848575,0.18784458405417429,287.94145090034914,16.968837641404587,0.18784458405417429,0.04970719269112022,341.3759,False,1e-08,numerical jitter only; separate from WhiteKernel nugget,240,241,True,False,False,False,True,True,False,"[""P"",""VX"",""LS"",""ST""]",343.3813999958046,90.3344524243019,"[157.89385248899458,0.6172073952577167,6.466371846984165e-05,348.50587295029567]","[52.89202965581499,0.24079509264560042,1.3415544418562055e-05,32.495308787213624]",DD5A6582E93990F7BF3726B7278D8C63DDB1C9B704A07D179DB61B41D9840406,226.648480029,0.577602942666,6.93800013331e-05,342.653362063,517158443,fmin_l_bfgs_b,1,-25.329869977646865,0.5715820000041276,0,0,,completed_without_convergence_warning,False,False,,False,,False,,False
phase3b_kernel_noise,Phase 3B,F7F71204D643D1027D0FF4736F24213619BF6A09C2361C3C11F169797AC98A9C,E3E41FD0A915BE42A1C8872758FFCAFC04ECE3F11ABB0977B7E0016F2D6C8E0C,length,Melt-pool length,T0,rbf_learned_nugget,RBF + learned nugget,RBF,,True,223,sim_00225,225,439.83770000000004,432.19603597830576,7.641664021694282,7.641664021694282,58.39502902045683,9.491562050859484,90.08975016531589,19.459027642838493,378.65375680475256,19.459027642838493,total predictive variance including learned WhiteKernel nugget,3.493435365872831,3.964358382874992,3.964358382874992,413.59257435862116,450.79949759799035,394.0563417983423,470.3357301582692,True,True,2.53**2 * RBF(length_scale=2.78) + WhiteKernel(noise_level=0.0353),6.422831505288169,2.779824834433167,0.03527894974058745,0.18782691431365062,288.56400663943674,16.9871718258054,0.18782691431365064,0.04976089942437472,341.3759,False,1e-08,numerical jitter only; separate from WhiteKernel nugget,240,241,True,False,False,False,True,True,False,"[""P"",""VX"",""LS"",""ST""]",343.47090832913796,90.44056272701505,"[157.88951272331542,0.6179793688419125,6.462243884941539e-05,348.3004769339332]","[52.886345158995454,0.2403695220801231,1.3385693617123618e-05,32.375639991322835]",0E34D648CAC9EC840A003A4D9C652D21EB2027F6A39F912DD3F76CDDE066F657,227.690023792,0.392329282459,7.92871102354e-05,391.94840599,319653919,fmin_l_bfgs_b,1,-24.960331814818915,0.5856553000048734,0,0,,completed_without_convergence_warning,False,False,,False,,False,,False
phase3b_kernel_noise,Phase 3B,F7F71204D643D1027D0FF4736F24213619BF6A09C2361C3C11F169797AC98A9C,E3E41FD0A915BE42A1C8872758FFCAFC04ECE3F11ABB0977B7E0016F2D6C8E0C,length,Melt-pool length,T0,rbf_learned_nugget,RBF + learned nugget,RBF,,True,224,sim_00226,226,450.1215,435.1609717810457,14.960528218954323,14.960528218954323,223.8174045901286,7.5062677521347005,56.34405556673733,18.552996537727463,344.2136805289272,18.552996537727463,total predictive variance including learned WhiteKernel nugget,4.920843878091228,4.1646838934300785,4.1646838934300785,420.4486869868617,449.87325657522973,398.79709856709985,471.52484499499155,False,True,2.57**2 * RBF(length_scale=2.79) + WhiteKernel(noise_level=0.0352),6.58919698820314,2.7937915716499275,0.03523153441412389,0.18770065107538622,287.8696249621899,16.966721102269286,0.18770065107538622,0.049700992666058985,341.3759,False,1e-08,numerical jitter only; separate from WhiteKernel nugget,240,241,True,False,False,False,True,True,False,"[""P"",""VX"",""LS"",""ST""]",343.42805916247124,90.39244672334642,"[157.88444100606543,0.6178864145250709,6.462116958689081e-05,348.5158615146416]","[52.87959236119533,0.24045243829615678,1.3384288502503984e-05,32.49313976674977]",FC488EAD9DD9FA15EE5FFBD8CA8B46775F96F27BF65E0347202F32581432912B,228.907235932,0.414638318501,7.95917332413e-05,340.25610662,3853401400,fmin_l_bfgs_b,1,-24.82559375910597,0.4898713000002317,0,0,,completed_without_convergence_warning,False,False,,False,,False,,False
phase3b_kernel_noise,Phase 3B,F7F71204D643D1027D0FF4736F24213619BF6A09C2361C3C11F169797AC98A9C,E3E41FD0A915BE42A1C8872758FFCAFC04ECE3F11ABB0977B7E0016F2D6C8E0C,length,Melt-pool length,T0,rbf_learned_nugget,RBF + learned nugget,RBF,,True,225,sim_00227,227,486.5945,490.4017806097762,-3.807280609776228,3.807280609776228,14.495385641578048,6.425368006719815,41.285354021778566,18.15012927555967,329.4271927195282,18.15012927555967,total predictive variance including learned WhiteKernel nugget,2.9547436246348666,3.8396171107322803,3.8396171107322803,477.80805931660535,502.99550190294707,454.8275272296793,525.9760339898731,True,True,2.54**2 * RBF(length_scale=2.78) + WhiteKernel(noise_level=0.0354),6.468910523251828,2.7767855303876963,0.03542959887209745,0.1882275189022515,288.1418386977497,16.974741196782638,0.1882275189022515,0.04972448610690631,341.3759,False,1e-08,numerical jitter only; separate from WhiteKernel nugget,240,241,True,False,False,False,True,True,False,"[""P"",""VX"",""LS"",""ST""]",343.2760883291379,90.1820376519854,"[157.86177954221543,0.615980357854521,6.466089415568747e-05,348.5453346659832]","[52.84797596576663,0.2402428236626824,1.3414479830416959e-05,32.482424497361244]",B7EAF56E9DABFD7FA28A34AF371C4F9EA49ABF4E2208BDD810AC44AF7A65EC59,234.345987256,0.872091919433,7.00578367301e-05,333.182550298,962920622,fmin_l_bfgs_b,1,-25.619864402848492,0.8069535999675281,0,0,,completed_without_convergence_warning,False,False,,False,,False,,False
phase3b_kernel_noise,Phase 3B,F7F71204D643D1027D0FF4736F24213619BF6A09C2361C3C11F169797AC98A9C,E3E41FD0A915BE42A1C8872758FFCAFC04ECE3F11ABB0977B7E0016F2D6C8E0C,length,Melt-pool length,T0,rbf_learned_nugget,RBF + learned nugget,RBF,,True,226,sim_00228,228,481.3407999999,487.36283649702534,-6.0220364971253275,6.0220364971253275,36.264923572709485,5.931679659387133,35.184823581587054,17.98056851503591,323.3008441239006,17.98056851503591,total predictive variance including learned WhiteKernel nugget,3.2145949009869854,3.864315595349876,3.864315595349876,475.7367443646266,498.9889286294241,452.12092220755494,522.6047507864957,True,True,2.54**2 * RBF(length_scale=2.77) + WhiteKernel(noise_level=0.0354),6.475840163766213,2.7732275405023303,0.03539961553945808,0.1881478555271308,288.1160205423136,16.973980692292354,0.1881478555271308,0.049722258344225105,341.3759,False,1e-08,numerical jitter only; separate from WhiteKernel nugget,240,241,True,False,False,False,True,True,False,"[""P"",""VX"",""LS"",""ST""]",343.29797874580504,90.21617942302147,"[157.85534325234042,0.6169952006150334,6.465708699370623e-05,348.47700434460404]","[52.8385657544794,0.24080746031848257,1.3412817820325757e-05,32.497417625151265]",280665B0F36192BD8EFA45F921A136D42E001A74FD3742C801A5B19635A85818,235.890696826,0.62852965691,7.09715556056e-05,349.581827429,4141270397,fmin_l_bfgs_b,1,-25.64563373360724,0.435543300001882,0,0,,completed_without_convergence_warning,False,False,,False,,False,,False
phase3b_kernel_noise,Phase 3B,F7F71204D643D1027D0FF4736F24213619BF6A09C2361C3C11F169797AC98A9C,E3E41FD0A915BE42A1C8872758FFCAFC04ECE3F11ABB0977B7E0016F2D6C8E0C,length,Melt-pool length,T0,rbf_learned_nugget,RBF + learned nugget,RBF,,True,227,sim_00229,229,496.0947,495.1470626354719,0.9476373645280773,0.9476373645280773,0.8980165746497202,8.41458284113835,70.80520439037994,18.950804461072547,359.1329897218071,18.950804461072547,total predictive variance including learned WhiteKernel nugget,3.05524624518517,3.862035171915912,3.862035171915912,478.6544802668407,511.6396450041031,458.00348589176974,532.2906393791741,True,True,2.55**2 * RBF(length_scale=2.78) + WhiteKernel(noise_level=0.0355),6.506819713114178,2.775870272974707,0.03550364322972869,0.188424104693982,288.32778533142715,16.980217470086394,0.188424104693982,0.049740527875829534,341.3759,False,1e-08,numerical jitter only; separate from WhiteKernel nugget,240,241,True,False,False,False,True,True,False,"[""P"",""VX"",""LS"",""ST""]",343.2365041624713,90.11701288252807,"[157.85402915561124,0.6171801303086376,6.460139418693747e-05,348.60088894933324]","[52.83662103895139,0.240799204971704,1.3358623953754966e-05,32.44467862656493]",783E1B244BBB65F8180799D54779CFF6A0891969EB837BEFAB1C8D98B2D90087,236.206080041,0.584146530445,8.43378292301e-05,319.849522294,3390798362,fmin_l_bfgs_b,1,-26.041259898052743,0.5637275999761187,0,0,,completed_without_convergence_warning,False,False,,False,,False,,False
phase3b_kernel_noise,Phase 3B,F7F71204D643D1027D0FF4736F24213619BF6A09C2361C3C11F169797AC98A9C,E3E41FD0A915BE42A1C8872758FFCAFC04ECE3F11ABB0977B7E0016F2D6C8E0C,length,Melt-pool length,T0,rbf_learned_nugget,RBF + learned nugget,RBF,,True,228,sim_00230,230,377.2146499999,373.1845362446718,4.0301137552282285,4.0301137552282285,16.241816880079774,22.332245918984757,498.72920778601133,28.04937625588342,786.7675083441165,28.04937625588342,total predictive variance including learned WhiteKernel nugget,4.0412533745601635,4.263226793608984,4.263226793608984,329.4133342434617,416.9557382458819,318.20775878314026,428.1613137062033,True,True,2.54**2 * RBF(length_scale=2.78) + WhiteKernel(noise_level=0.0351),6.459193770579927,2.7814027231747724,0.03506941199426237,0.18726828881116622,288.0383005581051,16.971691151977314,0.18726828881116622,0.04971555154296866,341.3759,False,1e-08,numerical jitter only; separate from WhiteKernel nugget,240,241,True,False,False,False,True,True,False,"[""P"",""VX"",""LS"",""ST""]",343.73183770413834,90.62768320102974,"[157.8368924565779,0.618109828792821,6.47505061512058e-05,348.27312443331243]","[52.81053264424694,0.24023848312694243,1.3378349153042685e-05,32.335955196121745]",C425BB404F8C1E0DC61C563FC26EE72525C4ADA69994406169A625A5594C8BB7,240.318887809,0.361018894241,4.85509578057e-05,398.513006139,3678164831,fmin_l_bfgs_b,1,-24.196526894945322,1.1100253000040539,0,0,,completed_without_convergence_warning,False,False,,False,,False,,False
phase3b_kernel_noise,Phase 3B,F7F71204D643D1027D0FF4736F24213619BF6A09C2361C3C11F169797AC98A9C,E3E41FD0A915BE42A1C8872758FFCAFC04ECE3F11ABB0977B7E0016F2D6C8E0C,length,Melt-pool length,T0,rbf_learned_nugget,RBF + learned nugget,RBF,,True,229,sim_00231,231,520.7354999999001,471.190539604741,49.54496039515908,49.54496039515908,2454.703100557882,11.652789012253507,135.78749176409607,20.50755219987876,420.55969723075214,20.50755219987876,total predictive variance including learned WhiteKernel nugget,12.413251458200936,6.8581082824915836,6.8581082824915836,448.3510731407241,494.03000606875787,430.9957372929786,511.38534191650336,False,False,2.58**2 * RBF(length_scale=2.84) + WhiteKernel(noise_level=0.0352),6.64757672832779,2.8399132154814066,0.03521293491113222,0.1876510988806946,284.77220546665603,16.875194975663423,0.1876510988806946,0.0494328831521599,341.3759,False,1e-08,numerical jitter only; separate from WhiteKernel nugget,240,241,True,False,False,False,True,True,False,"[""P"",""VX"",""LS"",""ST""]",343.13383416247166,89.92856997012518,"[157.82436666426958,0.615454401880146,6.471523495478289e-05,348.5287779879916]","[52.79060751378189,0.2395423548248178,1.3409815925486443e-05,32.48923746089142]",EF6D7B1414C8784666BBCDD48FA3D6B3C9208801FE58584F15359961C05F706F,243.325077963,0.998321353283,5.70160449472e-05,337.156153016,1956285169,fmin_l_bfgs_b,1,-23.17647446154959,0.4400356999831274,0,0,,completed_without_convergence_warning,False,False,,False,,False,,False
phase3b_kernel_noise,Phase 3B,F7F71204D643D1027D0FF4736F24213619BF6A09C2361C3C11F169797AC98A9C,E3E41FD0A915BE42A1C8872758FFCAFC04ECE3F11ABB0977B7E0016F2D6C8E0C,length,Melt-pool length,T0,rbf_learned_nugget,RBF + learned nugget,RBF,,True,230,sim_00232,232,429.25925,452.6138950023506,-23.354645002350594,23.354645002350594,545.4394431858195,17.444379174494745,304.306364783546,24.315550449298502,591.2459936523805,24.315550449298502,total predictive variance including learned WhiteKernel nugget,4.674157194337407,4.571317312014333,4.571317312014333,418.4229118203409,486.8048781843603,404.95541612172553,500.27237388297567,True,True,2.57**2 * RBF(length_scale=2.79) + WhiteKernel(noise_level=0.035),6.602926100396705,2.7901877308149685,0.03504596620485559,0.18720567887982348,286.9396288688345,16.939292454787907,0.18720567887982348,0.04962064532026984,341.3759,False,1e-08,numerical jitter only; separate from WhiteKernel nugget,240,241,True,False,False,False,True,True,False,"[""P"",""VX"",""LS"",""ST""]",343.51498520413793,90.48492842817055,"[157.81197857196958,0.6166204077982209,6.474948870477955e-05,348.63456040324576]","[52.77018926670025,0.24071920092781016,1.3379571776530348e-05,32.410611421966394]",C277B27BD15B1BFB618F04CE9DCA2C06B7ECDD53CB472E93D6875255CA2FE183,246.298220115,0.718479932945,4.8795144948e-05,311.768373355,2480974221,fmin_l_bfgs_b,1,-24.34423863960015,0.4992909000138752,0,0,,completed_without_convergence_warning,False,False,,False,,False,,False
phase3b_kernel_noise,Phase 3B,F7F71204D643D1027D0FF4736F24213619BF6A09C2361C3C11F169797AC98A9C,E3E41FD0A915BE42A1C8872758FFCAFC04ECE3F11ABB0977B7E0016F2D6C8E0C,length,Melt-pool length,T0,rbf_learned_nugget,RBF + learned nugget,RBF,,True,231,sim_00233,233,524.9916999999999,523.3398557083024,1.6518442916975573,1.6518442916975573,2.728589564013805,14.104562084371247,198.93867159188298,22.066365149780577,486.92447092345077,22.066365149780577,total predictive variance including learned WhiteKernel nugget,3.572294696491034,4.01579490467812,4.01579490467812,495.6949140229347,550.98479739367,480.0897800147324,566.5899314018723,True,True,2.55**2 * RBF(length_scale=2.78) + WhiteKernel(noise_level=0.0356),6.50356223016607,2.777380710183697,0.035638398850537656,0.18878135196713064,287.9857993315678,16.970144352113444,0.18878135196713064,0.049711020467799405,341.3759,False,1e-08,numerical jitter only; separate from WhiteKernel nugget,240,241,True,False,False,False,True,True,False,"[""P"",""VX"",""LS"",""ST""]",343.1160999958046,89.89311801871285,"[157.80954508784873,0.6158134693145,6.459740823824789e-05,348.5923324006916]","[52.766095064457005,0.2400508651767281,1.3352590315979318e-05,32.45198840464536]",D3D5315D57DD3D7F06C00C4F1DE6E10BA3221E53759DFEF4E998F1B42786D70B,246.882256304,0.912145169038,8.52944569156e-05,321.903093968,2634482759,fmin_l_bfgs_b,1,-26.31419832176786,0.5529443999985233,0,0,,completed_without_convergence_warning,False,False,,False,,False,,False
phase3b_kernel_noise,Phase 3B,F7F71204D643D1027D0FF4736F24213619BF6A09C2361C3C11F169797AC98A9C,E3E41FD0A915BE42A1C8872758FFCAFC04ECE3F11ABB0977B7E0016F2D6C8E0C,length,Melt-pool length,T0,rbf_learned_nugget,RBF + learned nugget,RBF,,True,232,sim_00234,234,219.76449999989998,218.43744736744588,1.327052632454098,1.327052632454098,1.7610686893033516,11.323836741698459,128.22927855263998,20.403658710969264,416.3092887937119,20.403658710969264,total predictive variance including learned WhiteKernel nugget,3.352715357689856,3.936767863110802,3.936767863110802,196.2427273537169,240.63216738117487,178.44627629394614,258.4286184409456,True,True,2.55**2 * RBF(length_scale=2.77) + WhiteKernel(noise_level=0.0353),6.491046334262017,2.774564858433666,0.03533169936091232,0.18796728268747281,288.08001024107193,16.972919909110274,0.18796728268747281,0.04971915096850795,341.3759,False,1e-08,numerical jitter only; separate from WhiteKernel nugget,240,241,True,False,False,False,True,True,False,"[""P"",""VX"",""LS"",""ST""]",344.387879995805,90.29720314322256,"[158.51864360260166,0.6167548555953125,6.468591809488372e-05,348.2954323278749]","[52.81480524658323,0.2407670386623065,1.341892175403414e-05,32.368743544551194]",9425A3C43AC6C42B862919C6540C2F9F9D8E19E941047CB6D1F6222A4ED10D84,76.6986127633,0.686212461643,6.4052091323e-05,393.159111444,2474561842,fmin_l_bfgs_b,1,-25.447435733408838,0.30225720000453293,0,0,,completed_without_convergence_warning,False,False,,False,,False,,False
phase3b_kernel_noise,Phase 3B,F7F71204D643D1027D0FF4736F24213619BF6A09C2361C3C11F169797AC98A9C,E3E41FD0A915BE42A1C8872758FFCAFC04ECE3F11ABB0977B7E0016F2D6C8E0C,length,Melt-pool length,T0,rbf_learned_nugget,RBF + learned nugget,RBF,,True,233,sim_00235,235,222.5017999999,220.43878631179913,2.0630136881008525,2.0630136881008525,4.256025477291481,12.576256878452176,158.16223707281566,21.121796058373715,446.1302687315314,21.121796058373715,total predictive variance including learned WhiteKernel nugget,3.4642038143921723,3.974013964866001,3.974013964866001,195.78932283003286,245.0882497935654,179.04006603738665,261.8375065862116,True,True,2.55**2 * RBF(length_scale=2.78) + WhiteKernel(noise_level=0.0353),6.4983259534119915,2.775869672929953,0.03530579201482908,0.18789835554051312,287.96803165871574,16.96962084605062,0.18789835554051315,0.04970948694987145,341.3759,False,1e-08,numerical jitter only; separate from WhiteKernel nugget,240,241,True,False,False,False,True,True,False,"[""P"",""VX"",""LS"",""ST""]",344.37647457913835,90.3127693546619,"[158.51059130663083,0.616452011171575,6.465103979229457e-05,348.2843310481374]","[52.827130388953265,0.24063373403435953,1.340964202023367e-05,32.352894301620616]",FB06B7EC22224B2698365C33B1807CFBB7D5E42E5EA67C4F8E4E3AC6BB40A6C8,78.6311637963,0.75889512334,7.24228839444e-05,395.823418581,2237603221,fmin_l_bfgs_b,1,-25.35780835370889,0.5242154999868944,0,0,,completed_without_convergence_warning,False,False,,False,,False,,False
phase3b_kernel_noise,Phase 3B,F7F71204D643D1027D0FF4736F24213619BF6A09C2361C3C11F169797AC98A9C,E3E41FD0A915BE42A1C8872758FFCAFC04ECE3F11ABB0977B7E0016F2D6C8E0C,length,Melt-pool length,T0,rbf_learned_nugget,RBF + learned nugget,RBF,,True,234,sim_00236,236,251.34715000000003,256.7300957015624,-5.382945701562363,5.382945701562363,28.97610442596872,22.037925894563994,485.6701777342942,27.812967553540393,773.5611641342906,27.812967553540393,total predictive variance including learned WhiteKernel nugget,4.041534458409426,4.263169936441358,4.263169936441358,213.53576094821696,299.9244304549078,202.21667929662323,311.24351210650156,True,True,2.54**2 * RBF(length_scale=2.78) + WhiteKernel(noise_level=0.0352),6.475195544911156,2.778280132912576,0.03518498705628114,0.18757661649651627,287.8909863999965,16.967350600491418,0.18757661649651627,0.04970283666917148,341.3759,False,1e-08,numerical jitter only; separate from WhiteKernel nugget,240,241,True,False,False,False,True,True,False,"[""P"",""VX"",""LS"",""ST""]",344.25628562080453,90.45557446019153,"[158.50249565956167,0.6179338674462209,6.457903519995622e-05,348.2767709148374]","[52.83922086308654,0.24041119560433158,1.3321027692841332e-05,32.341570640757055]",0303524D730BF449180710B5C692728287698208BBB6AAC7B5008C698F408A39,80.5741190929,0.403249617425,8.97039861056e-05,397.637850573,3735266509,fmin_l_bfgs_b,1,-24.78569265097977,1.2476762000005692,0,0,,completed_without_convergence_warning,False,False,,False,,False,,False
phase3b_kernel_noise,Phase 3B,F7F71204D643D1027D0FF4736F24213619BF6A09C2361C3C11F169797AC98A9C,E3E41FD0A915BE42A1C8872758FFCAFC04ECE3F11ABB0977B7E0016F2D6C8E0C,length,Melt-pool length,T0,rbf_learned_nugget,RBF + learned nugget,RBF,,True,235,sim_00237,237,259.0113,263.54684841133405,-4.535548411334048,4.535548411334048,20.571199391554806,6.133755038397848,37.62295087107099,18.048792965249277,325.7589275024318,18.048792965249277,total predictive variance including learned WhiteKernel nugget,3.0061319726716276,3.843591612063552,3.843591612063552,251.52468853607428,275.5690082865938,228.17121419944547,298.92248262322266,True,True,2.54**2 * RBF(length_scale=2.78) + WhiteKernel(noise_level=0.0352),6.4745674225573735,2.7774717937822184,0.03519046500240743,0.18759121781791235,288.1359766313608,16.97456852563154,0.18759121781791238,0.04972398029747132,341.3759,False,1e-08,numerical jitter only; separate from WhiteKernel nugget,240,241,True,False,False,False,True,True,False,"[""P"",""VX"",""LS"",""ST""]",344.22435166247124,90.48701065584054,"[158.45701358603415,0.617626062146375,6.462905292752123e-05,348.4710503751332]","[52.90154451943562,0.24063846646592962,1.339254409671127e-05,32.49708375758231]",90BB51C2781A70D46D74320CA2F471F04549838186B7973CA6174E9ACC4FEF25,91.4898167395,0.477122889388,7.769973149e-05,351.010780102,1785649998,fmin_l_bfgs_b,1,-24.924531721440843,0.6031093999627046,0,0,,completed_without_convergence_warning,False,False,,False,,False,,False
phase3b_kernel_noise,Phase 3B,F7F71204D643D1027D0FF4736F24213619BF6A09C2361C3C11F169797AC98A9C,E3E41FD0A915BE42A1C8872758FFCAFC04ECE3F11ABB0977B7E0016F2D6C8E0C,length,Melt-pool length,T0,rbf_learned_nugget,RBF + learned nugget,RBF,,True,236,sim_00238,238,243.2096499999,245.59719785287996,-2.3875478529799636,2.3875478529799636,5.700384750269234,11.659026177266389,135.93289140218292,20.59287848556621,424.0666443212957,20.59287848556621,total predictive variance including learned WhiteKernel nugget,3.39598683566116,3.950604940052789,3.950604940052789,222.74550654543785,268.4488891603221,205.23515602117018,285.95923968458976,True,True,2.55**2 * RBF(length_scale=2.78) + WhiteKernel(noise_level=0.0352),6.494435381592625,2.7794501478080247,0.035242987999303206,0.18773115883971742,288.13375291911285,16.974503024215846,0.18773115883971742,0.04972378842272066,341.3759,False,1e-08,numerical jitter only; separate from WhiteKernel nugget,240,241,True,False,False,False,True,True,False,"[""P"",""VX"",""LS"",""ST""]",344.29019187080496,90.41920973123311,"[158.45367054881999,0.617840816041496,6.476401373217206e-05,348.4478110022999]","[52.905750791504964,0.24048993658794285,1.3360337609721276e-05,32.49326472976987]",87192CE85D5E234944A7B82C8E40EEF7195765DFC3F4ABBE6CF22C65B14DFE5D,92.2921456709,0.425581954559,4.53091383738e-05,356.588229582,2433670530,fmin_l_bfgs_b,1,-25.015243477272037,0.5608864999958314,0,0,,completed_without_convergence_warning,False,False,,False,,False,,False
phase3b_kernel_noise,Phase 3B,F7F71204D643D1027D0FF4736F24213619BF6A09C2361C3C11F169797AC98A9C,E3E41FD0A915BE42A1C8872758FFCAFC04ECE3F11ABB0977B7E0016F2D6C8E0C,length,Melt-pool length,T0,rbf_learned_nugget,RBF + learned nugget,RBF,,True,237,sim_00239,239,248.2754,249.01198473796074,-0.7365847379607544,0.7365847379607544,0.5425570761967132,12.653502908228484,160.1111358485467,21.16496804275604,447.95587225088445,21.16496804275604,total predictive variance including learned WhiteKernel nugget,3.458566933781376,3.9718914893680712,3.9718914893680712,224.21111903783293,273.81285043808856,207.5286473741589,290.49532210176255,True,True,2.53**2 * RBF(length_scale=2.77) + WhiteKernel(noise_level=0.0352),6.423226680325649,2.7742700145680192,0.03518973275485566,0.18758926609711885,287.84473640233784,16.965987634156104,0.18758926609711885,0.04969884410163724,341.3759,False,1e-08,numerical jitter only; separate from WhiteKernel nugget,240,241,True,False,False,False,True,True,False,"[""P"",""VX"",""LS"",""ST""]",344.2690845791379,90.44220912604062,"[158.45089686620793,0.6158239914197751,6.468305741524747e-05,348.64398118880405]","[52.909201797666,0.2400637983048146,1.3418983388132111e-05,32.39956368257601]",B9331600953FC776FEA3A6B0527ED69A848FE5E51F75047B0E7A9D4BA6B883C4,92.9578294978,0.909619863772,6.47386544357e-05,309.507384821,2803639981,fmin_l_bfgs_b,1,-24.79201518359008,0.702353700005915,0,0,,completed_without_convergence_warning,False,False,,False,,False,,False
phase3b_kernel_noise,Phase 3B,F7F71204D643D1027D0FF4736F24213619BF6A09C2361C3C11F169797AC98A9C,E3E41FD0A915BE42A1C8872758FFCAFC04ECE3F11ABB0977B7E0016F2D6C8E0C,length,Melt-pool length,T0,rbf_learned_nugget,RBF + learned nugget,RBF,,True,238,sim_00240,240,255.3211,246.77218761935887,8.548912380641127,8.548912380641127,73.08390289187915,6.000927739684369,36.011133736913344,17.992281153270138,323.7221810983198,17.992281153270138,total predictive variance including learned WhiteKernel nugget,3.7255929913588433,3.9217619663109478,3.9217619663109478,235.0103692495775,258.5340059891402,211.5073165589494,282.03705867976834,True,True,2.54**2 * RBF(length_scale=2.77) + WhiteKernel(noise_level=0.0352),6.427910412035626,2.7714131056399456,0.035150061744005735,0.18748349725777397,287.71104736140654,16.962047263270037,0.18748349725777397,0.049687301485752323,341.3759,False,1e-08,numerical jitter only; separate from WhiteKernel nugget,240,241,True,False,False,False,True,True,False,"[""P"",""VX"",""LS"",""ST""]",344.2397274958046,90.47221494886377,"[158.44764099373833,0.6164355620867834,6.47181764496454e-05,348.47543493644156]","[52.91320774859611,0.24062386130579963,1.3408049212068315e-05,32.497355136589846]",7645D5835C25FAF023652B858F0219B215341963CBBB8760D2179A29047DF6DB,93.7392388905,0.76284290369,5.63100861802e-05,349.958485388,2886267652,fmin_l_bfgs_b,1,-24.85165763623067,0.6640672999783419,0,0,,completed_without_convergence_warning,False,False,,False,,False,,False
phase3b_kernel_noise,Phase 3B,F7F71204D643D1027D0FF4736F24213619BF6A09C2361C3C11F169797AC98A9C,E3E41FD0A915BE42A1C8872758FFCAFC04ECE3F11ABB0977B7E0016F2D6C8E0C,length,Melt-pool length,T0,rbf_learned_nugget,RBF + learned nugget,RBF,,True,239,sim_00241,241,264.7064,264.0644329394472,0.6419670605527585,0.6419670605527585,0.41212170683474914,8.908237811647378,79.35670090886407,19.170738030043914,367.517196616572,19.170738030043914,total predictive variance including learned WhiteKernel nugget,3.10851161953316,3.8728842723098307,3.8728842723098307,246.60428682861834,281.5245790502761,226.48978640056114,301.6390794783333,True,True,2.54**2 * RBF(length_scale=2.78) + WhiteKernel(noise_level=0.0352),6.452952456773434,2.776727122238374,0.03517666822220865,0.18755444068912006,288.160495707708,16.97529074000525,0.18755444068912006,0.049726095896064276,341.3759,False,1e-08,numerical jitter only; separate from WhiteKernel nugget,240,241,True,False,False,False,True,True,False,"[""P"",""VX"",""LS"",""ST""]",344.20062207913793,90.50860474235617,"[158.43170163525332,0.6162781809601917,6.458850915942331e-05,348.49587678100403]","[52.932118282413704,0.2405156748314055,1.3338073817182395e-05,32.49673855967799]",3EDC7163695D59A3C6A2A64210A9F1092E8C2DD5B42EDDD25E902F0D41D63CB2,97.5646849269,0.800614374072,8.74302358335e-05,345.052442693,3480724151,fmin_l_bfgs_b,1,-24.88933984311845,0.5440824999823235,0,0,,completed_without_convergence_warning,False,False,,False,,False,,False
phase3b_kernel_noise,Phase 3B,F7F71204D643D1027D0FF4736F24213619BF6A09C2361C3C11F169797AC98A9C,E3E41FD0A915BE42A1C8872758FFCAFC04ECE3F11ABB0977B7E0016F2D6C8E0C,length,Melt-pool length,T0,rbf_learned_nugget,RBF + learned nugget,RBF,,True,240,sim_00242,242,280.1191999999,282.2936746983596,-2.174474698459619,2.174474698459619,4.728340214241051,12.12406529602415,146.9929593022572,20.85125298518687,434.77475105226443,20.85125298518687,total predictive variance including learned WhiteKernel nugget,3.4302144382500077,3.9617902643760927,3.9617902643760927,258.53050671815225,306.05684267856697,241.42521884739335,323.16213054932587,True,True,2.53**2 * RBF(length_scale=2.77) + WhiteKernel(noise_level=0.0351),6.414337669467512,2.7748213122616345,0.03509095906835022,0.18732580993645861,287.78179175000724,16.964132508030207,0.18732580993645861,0.04969340983950597,341.3759,False,1e-08,numerical jitter only; separate from WhiteKernel nugget,240,241,True,False,False,False,True,True,False,"[""P"",""VX"",""LS"",""ST""]",344.1364020791383,90.55950439389257,"[158.43013559788167,0.6158087918710167,6.464078875030748e-05,348.3052237016916]","[52.933913466351264,0.2400450800367028,1.340275475037416e-05,32.38195497260267]",8AFC6138EB18B1AD7CF6774F5C1F7C2327135783AC05827F5D83E317671023E7,97.9405338961,0.913267755474,7.48831340213e-05,390.809181728,726496052,fmin_l_bfgs_b,1,-24.518466942471008,0.2540094999712892,0,0,,completed_without_convergence_warning,False,False,,False,,False,,False
