                                        q20_accuracy  full_BA  gabriel_BER  knn5_BER  rgraph_BER  gabriel_BEF1    NSD
d density     noise pred        amount                                                                               
2 dense_left  0.00  constant     0.00          0.499    0.500        0.000     0.000       0.000         0.000  0.000
                    displace    -0.08          0.501    0.789        0.037     0.023       0.001         0.042  0.000
                                -0.04          0.508    0.872        0.105     0.094       0.053         0.110  0.267
                                -0.02          0.655    0.930        0.276     0.270       0.287         0.278  1.000
                                -0.01          0.822    0.965        0.536     0.534       0.589         0.538  1.000
                                 0.00          1.000    1.000        1.000     1.000       1.000         1.000  1.000
                                 0.01          0.827    0.957        0.531     0.537       0.595         0.533  1.000
                                 0.02          0.672    0.915        0.299     0.277       0.320         0.304  1.000
                                 0.04          0.508    0.839        0.112     0.096       0.060         0.118  0.296
                                 0.08          0.499    0.725        0.037     0.029       0.000         0.043  0.000
                    island       0.03          1.000    0.999        1.000     1.000       1.000         0.983  0.912
                                 0.06          1.000    0.995        1.000     1.000       1.000         0.945  0.846
                                 0.10          1.000    0.986        1.000     1.000       1.000         0.897  0.773
                    left_error   0.02          0.677    0.920        0.356     0.332       0.324         0.362  1.000
                                 0.05          0.508    0.819        0.208     0.185       0.030         0.221  0.520
                                 0.10          0.508    0.717        0.198     0.178       0.006         0.235  0.488
                    right_error  0.02          0.995    0.995        0.943     0.945       0.996         0.938  1.000
                                 0.05          0.991    0.986        0.878     0.886       0.994         0.864  0.547
                                 0.10          0.991    0.969        0.823     0.840       0.994         0.795  0.518
              0.02  constant     0.00          0.513    0.500        0.000     0.000       0.000         0.000  0.000
                    displace    -0.08          0.487    0.783        0.024     0.022       0.002         0.032  0.000
                                -0.04          0.522    0.872        0.111     0.117       0.104         0.137  0.267
                                -0.02          0.637    0.920        0.224     0.239       0.272         0.273  1.000
                                -0.01          0.711    0.937        0.311     0.322       0.378         0.376  1.000
                                 0.00          0.734    0.939        0.337     0.343       0.411         0.404  1.000
                                 0.01          0.714    0.927        0.314     0.312       0.371         0.377  1.000
                                 0.02          0.645    0.901        0.231     0.237       0.269         0.277  1.000
                                 0.04          0.544    0.836        0.110     0.113       0.097         0.133  0.296
                                 0.08          0.513    0.718        0.030     0.028       0.002         0.041  0.000
                    island       0.03          0.734    0.937        0.337     0.343       0.411         0.399  0.912
                                 0.06          0.734    0.933        0.337     0.343       0.411         0.386  0.846
                                 0.10          0.734    0.924        0.337     0.343       0.411         0.372  0.773
                    left_error   0.02          0.647    0.904        0.248     0.248       0.270         0.301  1.000
                                 0.05          0.527    0.811        0.119     0.114       0.047         0.149  0.520
                                 0.10          0.517    0.706        0.089     0.081       0.004         0.125  0.488
                    right_error  0.02          0.732    0.936        0.320     0.333       0.410         0.382  1.000
                                 0.05          0.731    0.929        0.294     0.306       0.408         0.348  0.547
                                 0.10          0.731    0.916        0.265     0.280       0.408         0.307  0.518
  dense_right 0.00  constant     0.00          0.491    0.500        0.000     0.000       0.000         0.000  0.000
                    displace    -0.08          0.509    0.784        0.034     0.023       0.000         0.040  0.000
                                -0.04          0.518    0.875        0.111     0.104       0.072         0.116  0.267
                                -0.02          0.685    0.936        0.303     0.295       0.333         0.303  1.000
                                -0.01          0.828    0.967        0.551     0.542       0.596         0.547  1.000
                                 0.00          1.000    1.000        1.000     1.000       1.000         1.000  1.000
                                 0.01          0.819    0.955        0.531     0.540       0.598         0.529  1.000
                                 0.02          0.663    0.913        0.297     0.286       0.310         0.299  1.000
                                 0.04          0.501    0.836        0.103     0.092       0.067         0.108  0.296
                                 0.08          0.491    0.723        0.028     0.020       0.000         0.032  0.000
                    island       0.03          1.000    0.999        1.000     1.000       1.000         0.980  0.912
                                 0.06          1.000    0.996        1.000     1.000       1.000         0.952  0.846
                                 0.10          1.000    0.986        1.000     1.000       1.000         0.909  0.773
                    left_error   0.02          0.991    0.994        0.932     0.930       0.992         0.930  1.000
                                 0.05          0.989    0.985        0.869     0.866       0.988         0.862  0.520
                                 0.10          0.989    0.969        0.816     0.822       0.988         0.797  0.488
                    right_error  0.02          0.672    0.919        0.365     0.356       0.318         0.367  1.000
                                 0.05          0.502    0.817        0.205     0.199       0.038         0.214  0.547
                                 0.10          0.502    0.717        0.199     0.189       0.012         0.234  0.518
              0.02  constant     0.00          0.493    0.500        0.000     0.000       0.000         0.000  0.000
                    displace    -0.08          0.508    0.785        0.027     0.021       0.004         0.035  0.000
                                -0.04          0.539    0.870        0.106     0.105       0.095         0.132  0.267
                                -0.02          0.652    0.921        0.245     0.254       0.285         0.296  1.000
                                -0.01          0.711    0.937        0.311     0.322       0.379         0.378  1.000
                                 0.00          0.742    0.942        0.346     0.357       0.432         0.420  1.000
                                 0.01          0.723    0.932        0.338     0.340       0.406         0.403  1.000
                                 0.02          0.653    0.907        0.266     0.272       0.309         0.317  1.000
                                 0.04          0.540    0.842        0.142     0.140       0.121         0.173  0.296
                                 0.08          0.493    0.725        0.030     0.028       0.005         0.040  0.000
                    island       0.03          0.742    0.941        0.346     0.357       0.432         0.413  0.912
                                 0.06          0.742    0.937        0.346     0.357       0.432         0.401  0.846
                                 0.10          0.742    0.930        0.346     0.357       0.432         0.388  0.773
                    left_error   0.02          0.743    0.940        0.337     0.344       0.432         0.409  1.000
                                 0.05          0.743    0.933        0.307     0.315       0.430         0.372  0.520
                                 0.10          0.742    0.918        0.269     0.279       0.430         0.319  0.488
                    right_error  0.02          0.651    0.909        0.275     0.286       0.310         0.329  1.000
                                 0.05          0.509    0.818        0.127     0.131       0.066         0.157  0.547
                                 0.10          0.493    0.713        0.095     0.099       0.006         0.132  0.518
  uniform     0.00  constant     0.00          0.507    0.500        0.000     0.000       0.000         0.000  0.000
                    displace    -0.08          0.629    0.936        0.092     0.066       0.008         0.093  0.000
                                -0.04          0.802    0.967        0.334     0.325       0.217         0.329  0.267
                                -0.02          0.900    0.983        0.589     0.597       0.533         0.585  1.000
                                -0.01          0.949    0.992        0.779     0.783       0.745         0.771  1.000
                                 0.00          1.000    1.000        1.000     1.000       1.000         1.000  1.000
                                 0.01          0.953    0.987        0.772     0.781       0.733         0.773  1.000
                                 0.02          0.906    0.974        0.595     0.592       0.516         0.597  1.000
                                 0.04          0.810    0.948        0.328     0.316       0.207         0.331  0.296
                                 0.08          0.643    0.899        0.117     0.082       0.035         0.116  0.000
                    island       0.03          1.000    0.998        1.000     1.000       1.000         0.943  0.912
                                 0.06          1.000    0.990        1.000     1.000       1.000         0.871  0.846
                                 0.10          1.000    0.974        1.000     1.000       1.000         0.802  0.773
                    left_error   0.02          0.949    0.986        0.769     0.768       0.722         0.773  1.000
                                 0.05          0.882    0.967        0.597     0.591       0.538         0.604  0.520
                                 0.10          0.771    0.931        0.490     0.478       0.469         0.486  0.488
                    right_error  0.02          0.957    0.988        0.827     0.824       0.794         0.821  1.000
                                 0.05          0.889    0.970        0.659     0.649       0.609         0.647  0.547
                                 0.10          0.797    0.940        0.565     0.549       0.535         0.535  0.518
              0.02  constant     0.00          0.507    0.500        0.000     0.000       0.000         0.000  0.000
                    displace    -0.08          0.620    0.933        0.100     0.082       0.052         0.104  0.000
                                -0.04          0.802    0.967        0.335     0.328       0.264         0.350  0.267
                                -0.02          0.887    0.980        0.526     0.529       0.473         0.549  1.000
                                -0.01          0.909    0.983        0.594     0.591       0.537         0.621  1.000
                                 0.00          0.911    0.980        0.591     0.596       0.545         0.620  1.000
                                 0.01          0.900    0.975        0.568     0.570       0.510         0.598  1.000
                                 0.02          0.874    0.966        0.500     0.499       0.443         0.528  1.000
                                 0.04          0.797    0.943        0.324     0.318       0.258         0.342  0.296
                                 0.08          0.622    0.889        0.096     0.075       0.037         0.098  0.000
                    island       0.03          0.911    0.978        0.591     0.596       0.545         0.588  0.912
                                 0.06          0.911    0.972        0.591     0.596       0.545         0.542  0.846
                                 0.10          0.911    0.957        0.591     0.596       0.545         0.504  0.773
                    left_error   0.02          0.892    0.973        0.528     0.538       0.480         0.557  1.000
                                 0.05          0.823    0.953        0.390     0.397       0.338         0.409  0.520
                                 0.10          0.721    0.918        0.296     0.303       0.260         0.309  0.488
                    right_error  0.02          0.893    0.973        0.565     0.559       0.510         0.592  1.000
                                 0.05          0.836    0.956        0.448     0.436       0.381         0.464  0.547
                                 0.10          0.754    0.925        0.353     0.335       0.300         0.357  0.518
4 dense_left  0.00  constant     0.00          0.503    0.500        0.000     0.000       0.000         0.000  0.000
                    displace    -0.08          0.508    0.786        0.206     0.153       0.102         0.243  0.302
                                -0.04          0.634    0.874        0.475     0.428       0.401         0.504  0.636
                                -0.02          0.789    0.935        0.709     0.674       0.666         0.721  0.833
                                -0.01          0.887    0.967        0.850     0.828       0.831         0.853  0.920
                                 0.00          1.000    1.000        1.000     1.000       1.000         1.000  1.000
                                 0.01          0.891    0.956        0.840     0.831       0.822         0.843  0.912
                                 0.02          0.794    0.914        0.702     0.683       0.667         0.712  0.823
                                 0.04          0.640    0.833        0.459     0.427       0.393         0.488  0.651
                                 0.08          0.514    0.720        0.198     0.157       0.109         0.237  0.304
                    island       0.03          1.000    0.999        1.000     1.000       1.000         0.996  0.927
                                 0.06          1.000    0.994        1.000     1.000       1.000         0.977  0.849
                                 0.10          1.000    0.984        1.000     1.000       1.000         0.943  0.789
                    left_error   0.02          0.796    0.919        0.720     0.699       0.671         0.731  0.904
                                 0.05          0.596    0.815        0.422     0.380       0.305         0.460  0.771
                                 0.10          0.509    0.711        0.215     0.165       0.061         0.267  0.569
                    right_error  0.02          0.998    0.995        0.982     0.984       0.996         0.979  0.918
                                 0.05          0.996    0.986        0.955     0.961       0.992         0.950  0.793
                                 0.10          0.996    0.972        0.920     0.934       0.988         0.909  0.602
              0.02  constant     0.00          0.501    0.500        0.000     0.000       0.000         0.000  0.000
                    displace    -0.08          0.517    0.788        0.228     0.176       0.110         0.271  0.302
                                -0.04          0.649    0.875        0.484     0.440       0.406         0.521  0.636
                                -0.02          0.775    0.927        0.673     0.644       0.632         0.696  0.833
                                -0.01          0.813    0.940        0.738     0.713       0.716         0.755  0.920
                                 0.00          0.828    0.941        0.754     0.733       0.735         0.771  1.000
                                 0.01          0.813    0.930        0.732     0.710       0.711         0.749  0.912
                                 0.02          0.767    0.906        0.661     0.636       0.635         0.687  0.823
                                 0.04          0.644    0.834        0.464     0.424       0.400         0.503  0.651
                                 0.08          0.522    0.719        0.194     0.154       0.106         0.238  0.304
                    island       0.03          0.828    0.939        0.754     0.733       0.735         0.767  0.927
                                 0.06          0.828    0.936        0.754     0.733       0.735         0.757  0.849
                                 0.10          0.828    0.927        0.754     0.733       0.735         0.733  0.789
                    left_error   0.02          0.769    0.909        0.670     0.643       0.639         0.696  0.904
                                 0.05          0.590    0.810        0.409     0.357       0.301         0.455  0.771
                                 0.10          0.511    0.709        0.207     0.155       0.065         0.262  0.569
                    right_error  0.02          0.827    0.937        0.745     0.727       0.732         0.761  0.918
                                 0.05          0.826    0.929        0.718     0.707       0.728         0.732  0.793
                                 0.10          0.824    0.913        0.681     0.677       0.724         0.693  0.602
  dense_right 0.00  constant     0.00          0.506    0.500        0.000     0.000       0.000         0.000  0.000
                    displace    -0.08          0.516    0.784        0.213     0.169       0.119         0.251  0.302
                                -0.04          0.649    0.875        0.495     0.448       0.417         0.522  0.636
                                -0.02          0.799    0.935        0.722     0.690       0.679         0.733  0.833
                                -0.01          0.891    0.966        0.847     0.831       0.830         0.851  0.920
                                 0.00          1.000    1.000        1.000     1.000       1.000         1.000  1.000
                                 0.01          0.895    0.957        0.852     0.835       0.830         0.856  0.912
                                 0.02          0.795    0.916        0.716     0.687       0.676         0.728  0.823
                                 0.04          0.634    0.835        0.482     0.432       0.406         0.512  0.651
                                 0.08          0.523    0.724        0.216     0.168       0.117         0.260  0.304
                    island       0.03          1.000    0.999        1.000     1.000       1.000         0.993  0.927
                                 0.06          1.000    0.995        1.000     1.000       1.000         0.978  0.849
                                 0.10          1.000    0.987        1.000     1.000       1.000         0.953  0.789
                    left_error   0.02          0.997    0.994        0.974     0.976       0.993         0.976  0.904
                                 0.05          0.992    0.985        0.943     0.949       0.985         0.947  0.771
                                 0.10          0.990    0.970        0.898     0.914       0.978         0.902  0.569
                    right_error  0.02          0.798    0.923        0.741     0.710       0.682         0.752  0.918
                                 0.05          0.603    0.817        0.455     0.396       0.324         0.492  0.793
                                 0.10          0.519    0.719        0.252     0.193       0.079         0.309  0.602
              0.02  constant     0.00          0.500    0.500        0.000     0.000       0.000         0.000  0.000
                    displace    -0.08          0.524    0.779        0.206     0.150       0.100         0.250  0.302
                                -0.04          0.649    0.872        0.481     0.433       0.401         0.518  0.636
                                -0.02          0.769    0.920        0.658     0.626       0.620         0.680  0.833
                                -0.01          0.822    0.938        0.738     0.714       0.712         0.752  0.920
                                 0.00          0.836    0.941        0.764     0.746       0.745         0.777  1.000
                                 0.01          0.822    0.928        0.736     0.715       0.712         0.753  0.912
                                 0.02          0.781    0.904        0.670     0.650       0.630         0.692  0.823
                                 0.04          0.653    0.835        0.483     0.446       0.410         0.520  0.651
                                 0.08          0.522    0.723        0.223     0.186       0.131         0.271  0.304
                    island       0.03          0.836    0.940        0.764     0.746       0.745         0.773  0.927
                                 0.06          0.836    0.936        0.764     0.746       0.745         0.760  0.849
                                 0.10          0.836    0.927        0.763     0.746       0.745         0.740  0.789
                    left_error   0.02          0.835    0.939        0.757     0.742       0.743         0.772  0.904
                                 0.05          0.832    0.931        0.725     0.717       0.737         0.741  0.771
                                 0.10          0.828    0.916        0.684     0.684       0.728         0.697  0.569
                    right_error  0.02          0.781    0.906        0.677     0.655       0.632         0.697  0.918
                                 0.05          0.602    0.810        0.433     0.388       0.319         0.475  0.793
                                 0.10          0.512    0.707        0.233     0.180       0.075         0.292  0.602
  uniform     0.00  constant     0.00          0.502    0.500        0.000     0.000       0.000         0.000  0.000
                    displace    -0.08          0.706    0.934        0.530     0.413       0.379         0.530  0.302
                                -0.04          0.843    0.967        0.739     0.659       0.637         0.740  0.636
                                -0.02          0.920    0.984        0.864     0.819       0.811         0.866  0.833
                                -0.01          0.959    0.992        0.933     0.910       0.901         0.933  0.920
                                 0.00          1.000    1.000        1.000     1.000       1.000         1.000  1.000
                                 0.01          0.959    0.986        0.929     0.916       0.908         0.929  0.912
                                 0.02          0.922    0.973        0.864     0.838       0.819         0.865  0.823
                                 0.04          0.843    0.945        0.733     0.678       0.642         0.736  0.651
                                 0.08          0.715    0.892        0.527     0.449       0.388         0.533  0.304
                    island       0.03          1.000    0.998        1.000     1.000       1.000         0.983  0.927
                                 0.06          1.000    0.992        1.000     1.000       1.000         0.947  0.849
                                 0.10          1.000    0.974        1.000     1.000       1.000         0.869  0.789
                    left_error   0.02          0.964    0.987        0.935     0.926       0.918         0.936  0.904
                                 0.05          0.904    0.966        0.835     0.803       0.776         0.837  0.771
                                 0.10          0.829    0.933        0.709     0.671       0.635         0.710  0.569
                    right_error  0.02          0.958    0.985        0.929     0.912       0.902         0.928  0.918
                                 0.05          0.906    0.965        0.841     0.807       0.793         0.839  0.793
                                 0.10          0.825    0.932        0.727     0.677       0.648         0.722  0.602
              0.02  constant     0.00          0.504    0.500        0.000     0.000       0.000         0.000  0.000
                    displace    -0.08          0.717    0.936        0.537     0.441       0.405         0.541  0.302
                                -0.04          0.854    0.970        0.756     0.689       0.672         0.760  0.636
                                -0.02          0.909    0.980        0.846     0.802       0.790         0.850  0.833
                                -0.01          0.925    0.983        0.874     0.839       0.820         0.880  0.920
                                 0.00          0.929    0.981        0.877     0.851       0.825         0.886  1.000
                                 0.01          0.917    0.976        0.856     0.832       0.806         0.867  0.912
                                 0.02          0.893    0.966        0.818     0.786       0.747         0.828  0.823
                                 0.04          0.832    0.942        0.712     0.653       0.607         0.726  0.651
                                 0.08          0.702    0.887        0.506     0.422       0.356         0.521  0.304
                    island       0.03          0.929    0.979        0.877     0.851       0.825         0.872  0.927
                                 0.06          0.929    0.973        0.877     0.851       0.825         0.838  0.849
                                 0.10          0.929    0.957        0.876     0.851       0.825         0.772  0.789
                    left_error   0.02          0.914    0.975        0.854     0.824       0.791         0.863  0.904
                                 0.05          0.860    0.955        0.767     0.712       0.661         0.778  0.771
                                 0.10          0.792    0.925        0.653     0.586       0.534         0.665  0.569
                    right_error  0.02          0.907    0.972        0.842     0.815       0.783         0.851  0.918
                                 0.05          0.860    0.952        0.762     0.720       0.685         0.772  0.793
                                 0.10          0.787    0.918        0.648     0.597       0.559         0.653  0.602
