[Parallel(n_jobs=7)]: Using backend LokyBackend with 7 concurrent workers.
[Parallel(n_jobs=7)]: Done  27 tasks      | elapsed:  2.0min
[Parallel(n_jobs=7)]: Done 148 tasks      | elapsed: 12.1min
[Parallel(n_jobs=7)]: Done 360 out of 360 | elapsed: 26.3min finished
                                 BA  minority_recall    AUC   BEF1  NSD_0.1   ASSD
family      setting    model                                                      
curvedMono  indomain80 G3     0.896            0.816  0.981  0.576    0.907  0.031
                       G3C    0.896            0.817  0.982  0.576    0.907  0.031
                       G3S    0.904            0.835  0.953  0.575    0.924  0.028
                       GR     0.897            0.819  0.982  0.575    0.915  0.029
                       GRC    0.898            0.821  0.983  0.576    0.915  0.029
                       H      0.891            0.811  0.987  0.551    0.885  0.036
                       M3     0.900            0.828  0.988  0.575    0.915  0.031
            target40   G3     0.709            0.451  0.853  0.360    0.669  0.143
                       G3C    0.732            0.498  0.887  0.394    0.720  0.071
                       G3S    0.731            0.505  0.839  0.368    0.687  0.094
                       GR     0.716            0.467  0.860  0.369    0.680  0.139
                       GRC    0.737            0.509  0.888  0.403    0.731  0.068
                       H      0.715            0.461  0.927  0.351    0.687  0.078
                       M3     0.718            0.467  0.916  0.349    0.699  0.076
            target80   G3     0.762            0.558  0.898  0.458    0.795  0.052
                       G3C    0.772            0.577  0.909  0.460    0.831  0.045
                       G3S    0.779            0.593  0.916  0.469    0.826  0.045
                       GR     0.766            0.566  0.902  0.458    0.807  0.049
                       GRC    0.776            0.587  0.910  0.465    0.833  0.044
                       H      0.731            0.494  0.950  0.377    0.706  0.074
                       M3     0.745            0.522  0.957  0.402    0.764  0.064
            transfer   G3     0.765            0.570  0.958  0.397    0.818  0.049
                       G3C    0.768            0.573  0.939  0.406    0.847  0.042
                       G3S    0.755            0.549  0.952  0.378    0.782  0.058
                       GR     0.776            0.589  0.961  0.416    0.861  0.039
                       GRC    0.775            0.587  0.947  0.422    0.880  0.034
                       H      0.529            0.059  0.947  0.056    0.097  0.319
                       M3     0.663            0.341  0.955  0.290    0.571  0.122
hartmannDev indomain80 G3     0.902            0.838  0.977  0.578    0.889  0.033
                       G3C    0.902            0.837  0.978  0.578    0.892  0.033
                       G3S    0.924            0.877  0.965  0.637    0.947  0.020
                       GR     0.903            0.839  0.975  0.579    0.892  0.032
                       GRC    0.903            0.840  0.978  0.580    0.895  0.032
                       H      0.931            0.886  0.992  0.663    0.967  0.014
                       M3     0.932            0.889  0.990  0.667    0.967  0.014
            target40   G3     0.705            0.452  0.826  0.288    0.438  0.373
                       G3C    0.732            0.508  0.873  0.336    0.521  0.110
                       G3S    0.708            0.457  0.854  0.288    0.452  0.309
                       GR     0.696            0.440  0.839  0.265    0.409  0.380
                       GRC    0.726            0.501  0.873  0.318    0.498  0.116
                       H      0.721            0.476  0.942  0.315    0.459  0.240
                       M3     0.729            0.492  0.939  0.321    0.495  0.234
            target80   G3     0.749            0.524  0.902  0.387    0.621  0.144
                       G3C    0.766            0.561  0.887  0.398    0.675  0.074
                       G3S    0.736            0.500  0.886  0.348    0.580  0.154
                       GR     0.730            0.487  0.891  0.353    0.577  0.153
                       GRC    0.753            0.537  0.885  0.376    0.649  0.079
                       H      0.699            0.422  0.936  0.301    0.475  0.114
                       M3     0.720            0.465  0.936  0.332    0.546  0.098
            transfer   G3     0.575            0.158  0.907  0.111    0.177  0.227
                       G3C    0.585            0.178  0.792  0.130    0.227  0.207
                       G3S    0.548            0.101  0.782  0.073    0.103  0.260
                       GR     0.567            0.138  0.916  0.105    0.141  0.234
                       GRC    0.583            0.171  0.840  0.135    0.206  0.206
                       H      0.530            0.060  0.939  0.037    0.025  0.291
                       M3     0.536            0.072  0.939  0.049    0.048  0.272
twoRegimeST indomain80 G3     0.894            0.822  0.975  0.571    0.888  0.034
                       G3C    0.896            0.825  0.977  0.572    0.892  0.033
                       G3S    0.899            0.833  0.959  0.587    0.923  0.025
                       GR     0.896            0.825  0.975  0.575    0.886  0.034
                       GRC    0.897            0.827  0.977  0.576    0.890  0.033
                       H      0.908            0.846  0.987  0.620    0.951  0.020
                       M3     0.906            0.842  0.987  0.608    0.949  0.021
            target40   G3     0.784            0.601  0.861  0.469    0.734  0.129
                       G3C    0.780            0.600  0.856  0.449    0.749  0.059
                       G3S    0.767            0.567  0.832  0.461    0.695  0.139
                       GR     0.790            0.611  0.858  0.497    0.771  0.061
                       GRC    0.782            0.604  0.857  0.453    0.755  0.057
                       H      0.576            0.177  0.869  0.161    0.316  0.329
                       M3     0.596            0.217  0.879  0.179    0.399  0.266
            target80   G3     0.826            0.686  0.932  0.549    0.862  0.039
                       G3C    0.810            0.665  0.847  0.514    0.787  0.051
                       G3S    0.827            0.686  0.928  0.557    0.862  0.039
                       GR     0.826            0.684  0.939  0.543    0.872  0.036
                       GRC    0.807            0.657  0.847  0.508    0.789  0.050
                       H      0.595            0.218  0.878  0.181    0.383  0.251
                       M3     0.702            0.432  0.936  0.369    0.616  0.104
            transfer   G3     0.772            0.587  0.959  0.437    0.678  0.143
                       G3C    0.767            0.579  0.888  0.427    0.679  0.142
                       G3S    0.738            0.512  0.925  0.391    0.609  0.130
                       GR     0.742            0.519  0.952  0.412    0.647  0.108
                       GRC    0.744            0.527  0.898  0.415    0.662  0.103
                       H      0.514            0.029  0.893  0.027    0.185  0.403
                       M3     0.583            0.176  0.917  0.169    0.367  0.253
failures: 0
